* /home/saurabh/installer_main_workshop/esim-1.1.2/examples/bjt_amplifier/bjt_amplifier.cir
Transient Analysis  Tue Jun 24 15:09:32  2025
--------------------------------------------------------------------------------
Index   time            v1#branch       v2#branch       
--------------------------------------------------------------------------------
0	0.000000e+00	-9.60452e-04	0.000000e+00	
1	1.000000e-07	-9.60477e-04	-6.36764e-08	
2	2.000000e-07	-9.60521e-04	-1.00831e-07	
3	4.000000e-07	-9.60632e-04	-1.46153e-07	
4	8.000000e-07	-9.60915e-04	-1.62455e-07	
5	1.600000e-06	-9.61506e-04	-1.65803e-07	
6	3.200000e-06	-9.62685e-04	-1.77812e-07	
7	6.400000e-06	-9.65059e-04	-1.98979e-07	
8	1.280000e-05	-9.69842e-04	-2.43538e-07	
9	2.280000e-05	-9.77408e-04	-3.11528e-07	
10	3.280000e-05	-9.85054e-04	-3.80260e-07	
11	4.280000e-05	-9.92746e-04	-4.47342e-07	
12	5.280000e-05	-1.00045e-03	-5.14351e-07	
13	6.280000e-05	-1.00812e-03	-5.79152e-07	
14	7.280000e-05	-1.01572e-03	-6.43041e-07	
15	8.280000e-05	-1.02320e-03	-7.04119e-07	
16	9.280000e-05	-1.03053e-03	-7.63443e-07	
17	1.028000e-04	-1.03765e-03	-8.19340e-07	
18	1.128000e-04	-1.04452e-03	-8.72664e-07	
19	1.228000e-04	-1.05110e-03	-9.21958e-07	
20	1.328000e-04	-1.05733e-03	-9.67915e-07	
21	1.428000e-04	-1.06318e-03	-1.00928e-06	
22	1.528000e-04	-1.06860e-03	-1.04664e-06	
23	1.628000e-04	-1.07355e-03	-1.07893e-06	
24	1.728000e-04	-1.07799e-03	-1.10665e-06	
25	1.828000e-04	-1.08189e-03	-1.12894e-06	
26	1.928000e-04	-1.08522e-03	-1.14623e-06	
27	2.028000e-04	-1.08796e-03	-1.15785e-06	
28	2.128000e-04	-1.09007e-03	-1.16423e-06	
29	2.228000e-04	-1.09154e-03	-1.16486e-06	
30	2.328000e-04	-1.09237e-03	-1.16014e-06	
31	2.428000e-04	-1.09254e-03	-1.14977e-06	
32	2.528000e-04	-1.09205e-03	-1.13414e-06	
33	2.628000e-04	-1.09092e-03	-1.11308e-06	
34	2.728000e-04	-1.08914e-03	-1.08700e-06	
35	2.828000e-04	-1.08674e-03	-1.05589e-06	
36	2.928000e-04	-1.08374e-03	-1.02015e-06	
37	3.028000e-04	-1.08015e-03	-9.79881e-07	
38	3.128000e-04	-1.07602e-03	-9.35500e-07	
39	3.228000e-04	-1.07136e-03	-8.87190e-07	
40	3.328000e-04	-1.06623e-03	-8.35376e-07	
41	3.428000e-04	-1.06065e-03	-7.80307e-07	
42	3.528000e-04	-1.05467e-03	-7.22398e-07	
43	3.628000e-04	-1.04833e-03	-6.61949e-07	
44	3.728000e-04	-1.04168e-03	-5.99354e-07	
45	3.828000e-04	-1.03475e-03	-5.34943e-07	
46	3.928000e-04	-1.02760e-03	-4.69081e-07	
47	4.028000e-04	-1.02027e-03	-4.02113e-07	
48	4.128000e-04	-1.01281e-03	-3.34365e-07	
49	4.228000e-04	-1.00524e-03	-2.66184e-07	
50	4.328000e-04	-9.97627e-04	-1.97854e-07	
51	4.428000e-04	-9.89995e-04	-1.29713e-07	
52	4.528000e-04	-9.82385e-04	-6.19985e-08	
53	4.628000e-04	-9.74832e-04	4.967648e-09	
54	4.728000e-04	-9.67368e-04	7.099537e-08	

Index   time            v1#branch       v2#branch       
--------------------------------------------------------------------------------
55	4.828000e-04	-9.60022e-04	1.357821e-07	
56	4.928000e-04	-9.52822e-04	1.991848e-07	
57	5.028000e-04	-9.45793e-04	2.609226e-07	
58	5.128000e-04	-9.38957e-04	3.208969e-07	
59	5.228000e-04	-9.32334e-04	3.788486e-07	
60	5.328000e-04	-9.25941e-04	4.347201e-07	
61	5.428000e-04	-9.19793e-04	4.882728e-07	
62	5.528000e-04	-9.13904e-04	5.394864e-07	
63	5.628000e-04	-9.08285e-04	5.881403e-07	
64	5.728000e-04	-9.02945e-04	6.342473e-07	
65	5.828000e-04	-8.97892e-04	6.776024e-07	
66	5.928000e-04	-8.93132e-04	7.182468e-07	
67	6.028000e-04	-8.88669e-04	7.559887e-07	
68	6.128000e-04	-8.84509e-04	7.908938e-07	
69	6.228000e-04	-8.80654e-04	8.227805e-07	
70	6.328000e-04	-8.77105e-04	8.517354e-07	
71	6.428000e-04	-8.73865e-04	8.775849e-07	
72	6.528000e-04	-8.70933e-04	9.004331e-07	
73	6.628000e-04	-8.68311e-04	9.201128e-07	
74	6.728000e-04	-8.65998e-04	9.367428e-07	
75	6.828000e-04	-8.63994e-04	9.501608e-07	
76	6.928000e-04	-8.62299e-04	9.604980e-07	
77	7.028000e-04	-8.60913e-04	9.675960e-07	
78	7.128000e-04	-8.59835e-04	9.715968e-07	
79	7.228000e-04	-8.59065e-04	9.723458e-07	
80	7.328000e-04	-8.58602e-04	9.699945e-07	
81	7.428000e-04	-8.58448e-04	9.643916e-07	
82	7.528000e-04	-8.58602e-04	9.556982e-07	
83	7.628000e-04	-8.59064e-04	9.437669e-07	
84	7.728000e-04	-8.59836e-04	9.287676e-07	
85	7.828000e-04	-8.60917e-04	9.105586e-07	
86	7.928000e-04	-8.62309e-04	8.893191e-07	
87	8.028000e-04	-8.64011e-04	8.649142e-07	
88	8.128000e-04	-8.66026e-04	8.375340e-07	
89	8.228000e-04	-8.68354e-04	8.070525e-07	
90	8.328000e-04	-8.70996e-04	7.736721e-07	
91	8.428000e-04	-8.73951e-04	7.372788e-07	
92	8.528000e-04	-8.77221e-04	6.980894e-07	
93	8.628000e-04	-8.80803e-04	6.560053e-07	
94	8.728000e-04	-8.84699e-04	6.112604e-07	
95	8.828000e-04	-8.88904e-04	5.637753e-07	
96	8.928000e-04	-8.93418e-04	5.138041e-07	
97	9.028000e-04	-8.98236e-04	4.612908e-07	
98	9.128000e-04	-9.03352e-04	4.065134e-07	
99	9.228000e-04	-9.08761e-04	3.494433e-07	
100	9.328000e-04	-9.14454e-04	2.903859e-07	
101	9.428000e-04	-9.20421e-04	2.293442e-07	
102	9.528000e-04	-9.26651e-04	1.666539e-07	
103	9.628000e-04	-9.33129e-04	1.023530e-07	
104	9.728000e-04	-9.39840e-04	3.680995e-08	
105	9.828000e-04	-9.46764e-04	-2.98997e-08	
106	9.928000e-04	-9.53880e-04	-9.73744e-08	
107	1.002800e-03	-9.61164e-04	-1.65500e-07	
108	1.012800e-03	-9.68590e-04	-2.33843e-07	
109	1.022800e-03	-9.76129e-04	-3.02252e-07	
110	1.032800e-03	-9.83749e-04	-3.70265e-07	
111	1.042800e-03	-9.91415e-04	-4.37698e-07	
112	1.052800e-03	-9.99090e-04	-5.04067e-07	

Index   time            v1#branch       v2#branch       
--------------------------------------------------------------------------------
113	1.062800e-03	-1.00674e-03	-5.69162e-07	
114	1.072800e-03	-1.01431e-03	-6.32485e-07	
115	1.082800e-03	-1.02177e-03	-6.93813e-07	
116	1.092800e-03	-1.02908e-03	-7.52645e-07	
117	1.102800e-03	-1.03618e-03	-8.08757e-07	
118	1.112800e-03	-1.04303e-03	-8.61661e-07	
119	1.122800e-03	-1.04958e-03	-9.11146e-07	
120	1.132800e-03	-1.05580e-03	-9.56752e-07	
121	1.142800e-03	-1.06163e-03	-9.98299e-07	
122	1.152800e-03	-1.06704e-03	-1.03537e-06	
123	1.162800e-03	-1.07198e-03	-1.06783e-06	
124	1.172800e-03	-1.07641e-03	-1.09533e-06	
125	1.182800e-03	-1.08031e-03	-1.11779e-06	
126	1.192800e-03	-1.08363e-03	-1.13492e-06	
127	1.202800e-03	-1.08636e-03	-1.14672e-06	
128	1.212800e-03	-1.08847e-03	-1.15299e-06	
129	1.222800e-03	-1.08995e-03	-1.15381e-06	
130	1.232800e-03	-1.09078e-03	-1.14905e-06	
131	1.242800e-03	-1.09096e-03	-1.13887e-06	
132	1.252800e-03	-1.09049e-03	-1.12323e-06	
133	1.262800e-03	-1.08936e-03	-1.10238e-06	
134	1.272800e-03	-1.08760e-03	-1.07635e-06	
135	1.282800e-03	-1.08522e-03	-1.04545e-06	
136	1.292800e-03	-1.08223e-03	-1.00980e-06	
137	1.302800e-03	-1.07867e-03	-9.69750e-07	
138	1.312800e-03	-1.07455e-03	-9.25482e-07	
139	1.322800e-03	-1.06992e-03	-8.77402e-07	
140	1.332800e-03	-1.06481e-03	-8.25726e-07	
141	1.342800e-03	-1.05926e-03	-7.70891e-07	
142	1.352800e-03	-1.05331e-03	-7.13139e-07	
143	1.362800e-03	-1.04699e-03	-6.52925e-07	
144	1.372800e-03	-1.04037e-03	-5.90500e-07	
145	1.382800e-03	-1.03348e-03	-5.26321e-07	
146	1.392800e-03	-1.02636e-03	-4.60638e-07	
147	1.402800e-03	-1.01906e-03	-3.93896e-07	
148	1.412800e-03	-1.01162e-03	-3.26332e-07	
149	1.422800e-03	-1.00409e-03	-2.58370e-07	
150	1.432800e-03	-9.96503e-04	-1.90223e-07	
151	1.442800e-03	-9.88902e-04	-1.22290e-07	
152	1.452800e-03	-9.81322e-04	-5.47552e-08	
153	1.462800e-03	-9.73798e-04	1.201472e-08	
154	1.472800e-03	-9.66362e-04	7.786892e-08	
155	1.482800e-03	-9.59045e-04	1.424730e-07	
156	1.492800e-03	-9.51872e-04	2.057105e-07	
157	1.502800e-03	-9.44870e-04	2.672803e-07	
158	1.512800e-03	-9.38059e-04	3.270994e-07	
159	1.522800e-03	-9.31461e-04	3.848984e-07	
160	1.532800e-03	-9.25091e-04	4.406259e-07	
161	1.542800e-03	-9.18967e-04	4.940417e-07	
162	1.552800e-03	-9.13099e-04	5.451233e-07	
163	1.562800e-03	-9.07501e-04	5.936564e-07	
164	1.572800e-03	-9.02180e-04	6.396439e-07	
165	1.582800e-03	-8.97145e-04	6.828940e-07	
166	1.592800e-03	-8.92403e-04	7.234318e-07	
167	1.602800e-03	-8.87957e-04	7.610845e-07	
168	1.612800e-03	-8.83812e-04	7.958958e-07	
169	1.622800e-03	-8.79971e-04	8.277087e-07	
170	1.632800e-03	-8.76435e-04	8.565826e-07	

Index   time            v1#branch       v2#branch       
--------------------------------------------------------------------------------
171	1.642800e-03	-8.73207e-04	8.823734e-07	
172	1.652800e-03	-8.70286e-04	9.051535e-07	
173	1.662800e-03	-8.67674e-04	9.247892e-07	
174	1.672800e-03	-8.65370e-04	9.413636e-07	
175	1.682800e-03	-8.63374e-04	9.547519e-07	
176	1.692800e-03	-8.61686e-04	9.650459e-07	
177	1.702800e-03	-8.60305e-04	9.721282e-07	
178	1.712800e-03	-8.59232e-04	9.760982e-07	
179	1.722800e-03	-8.58465e-04	9.768450e-07	
180	1.732800e-03	-8.58006e-04	9.744749e-07	
181	1.742800e-03	-8.57854e-04	9.688833e-07	
182	1.752800e-03	-8.58009e-04	9.601830e-07	
183	1.762800e-03	-8.58471e-04	9.482759e-07	
184	1.772800e-03	-8.59241e-04	9.332817e-07	
185	1.782800e-03	-8.60321e-04	9.151096e-07	
186	1.792800e-03	-8.61709e-04	8.938869e-07	
187	1.802800e-03	-8.63408e-04	8.695315e-07	
188	1.812800e-03	-8.65419e-04	8.421796e-07	
189	1.822800e-03	-8.67741e-04	8.117598e-07	
190	1.832800e-03	-8.70376e-04	7.784191e-07	
191	1.842800e-03	-8.73324e-04	7.420992e-07	
192	1.852800e-03	-8.76585e-04	7.029608e-07	
193	1.862800e-03	-8.80159e-04	6.609614e-07	
194	1.872800e-03	-8.84044e-04	6.162781e-07	
195	1.882800e-03	-8.88239e-04	5.688883e-07	
196	1.892800e-03	-8.92741e-04	5.189888e-07	
197	1.902800e-03	-8.97546e-04	4.665808e-07	
198	1.912800e-03	-9.02649e-04	4.118844e-07	
199	1.922800e-03	-9.08044e-04	3.549285e-07	
200	1.932800e-03	-9.13722e-04	2.959603e-07	
201	1.942800e-03	-9.19675e-04	2.350403e-07	
202	1.952800e-03	-9.25889e-04	1.724459e-07	
203	1.962800e-03	-9.32350e-04	1.082726e-07	
204	1.972800e-03	-9.39044e-04	4.283058e-08	
205	1.982800e-03	-9.45950e-04	-2.37477e-08	
206	1.992800e-03	-9.53049e-04	-9.11183e-08	
207	2.002800e-03	-9.60315e-04	-1.59111e-07	
208	2.012800e-03	-9.67724e-04	-2.27349e-07	
209	2.022800e-03	-9.75244e-04	-2.95627e-07	
210	2.032800e-03	-9.82846e-04	-3.63537e-07	
211	2.042800e-03	-9.90494e-04	-4.30843e-07	
212	2.052800e-03	-9.98151e-04	-4.97114e-07	
213	2.062800e-03	-1.00578e-03	-5.62090e-07	
214	2.072800e-03	-1.01334e-03	-6.25324e-07	
215	2.082800e-03	-1.02078e-03	-6.86542e-07	
216	2.092800e-03	-1.02807e-03	-7.45296e-07	
217	2.102800e-03	-1.03515e-03	-8.01312e-07	
218	2.112800e-03	-1.04199e-03	-8.54152e-07	
219	2.122800e-03	-1.04853e-03	-9.03557e-07	
220	2.132800e-03	-1.05474e-03	-9.49117e-07	
221	2.142800e-03	-1.06056e-03	-9.90603e-07	
222	2.152800e-03	-1.06596e-03	-1.02765e-06	
223	2.162800e-03	-1.07089e-03	-1.06007e-06	
224	2.172800e-03	-1.07532e-03	-1.08756e-06	
225	2.182800e-03	-1.07921e-03	-1.11000e-06	
226	2.192800e-03	-1.08253e-03	-1.12715e-06	
227	2.202800e-03	-1.08526e-03	-1.13895e-06	
228	2.212800e-03	-1.08737e-03	-1.14526e-06	

Index   time            v1#branch       v2#branch       
--------------------------------------------------------------------------------
229	2.222800e-03	-1.08885e-03	-1.14611e-06	
230	2.232800e-03	-1.08968e-03	-1.14141e-06	
231	2.242800e-03	-1.08987e-03	-1.13127e-06	
232	2.252800e-03	-1.08940e-03	-1.11572e-06	
233	2.262800e-03	-1.08828e-03	-1.09494e-06	
234	2.272800e-03	-1.08653e-03	-1.06901e-06	
235	2.282800e-03	-1.08416e-03	-1.03819e-06	
236	2.292800e-03	-1.08119e-03	-1.00265e-06	
237	2.302800e-03	-1.07764e-03	-9.62705e-07	
238	2.312800e-03	-1.07354e-03	-9.18566e-07	
239	2.322800e-03	-1.06892e-03	-8.70599e-07	
240	2.332800e-03	-1.06383e-03	-8.19061e-07	
241	2.342800e-03	-1.05830e-03	-7.64348e-07	
242	2.352800e-03	-1.05236e-03	-7.06741e-07	
243	2.362800e-03	-1.04607e-03	-6.46655e-07	
244	2.372800e-03	-1.03947e-03	-5.84380e-07	
245	2.382800e-03	-1.03259e-03	-5.20333e-07	
246	2.392800e-03	-1.02549e-03	-4.54801e-07	
247	2.402800e-03	-1.01822e-03	-3.88190e-07	
248	2.412800e-03	-1.01080e-03	-3.20776e-07	
249	2.422800e-03	-1.00329e-03	-2.52943e-07	
250	2.432800e-03	-9.95725e-04	-1.84944e-07	
251	2.442800e-03	-9.88144e-04	-1.17137e-07	
252	2.452800e-03	-9.80585e-04	-4.97437e-08	
253	2.462800e-03	-9.73081e-04	1.690687e-08	
254	2.472800e-03	-9.65665e-04	8.262540e-08	
255	2.482800e-03	-9.58367e-04	1.471174e-07	
256	2.492800e-03	-9.51214e-04	2.102270e-07	
257	2.502800e-03	-9.44229e-04	2.716930e-07	
258	2.512800e-03	-9.37437e-04	3.313928e-07	
259	2.522800e-03	-9.30855e-04	3.890971e-07	
260	2.532800e-03	-9.24502e-04	4.447145e-07	
261	2.542800e-03	-9.18393e-04	4.980452e-07	
262	2.552800e-03	-9.12541e-04	5.490263e-07	
263	2.562800e-03	-9.06957e-04	5.974841e-07	
264	2.572800e-03	-9.01650e-04	6.433809e-07	
265	2.582800e-03	-8.96628e-04	6.865657e-07	
266	2.592800e-03	-8.91897e-04	7.270227e-07	
267	2.602800e-03	-8.87463e-04	7.646200e-07	
268	2.612800e-03	-8.83328e-04	7.993603e-07	
269	2.622800e-03	-8.79497e-04	8.311278e-07	
270	2.632800e-03	-8.75971e-04	8.599403e-07	
271	2.642800e-03	-8.72750e-04	8.856954e-07	
272	2.652800e-03	-8.69837e-04	9.084236e-07	
273	2.662800e-03	-8.67232e-04	9.280332e-07	
274	2.672800e-03	-8.64934e-04	9.445651e-07	
275	2.682800e-03	-8.62943e-04	9.579366e-07	
276	2.692800e-03	-8.61260e-04	9.681973e-07	
277	2.702800e-03	-8.59884e-04	9.752718e-07	
278	2.712800e-03	-8.58814e-04	9.792175e-07	
279	2.722800e-03	-8.58050e-04	9.799656e-07	
280	2.732800e-03	-8.57593e-04	9.775800e-07	
281	2.742800e-03	-8.57441e-04	9.719985e-07	
282	2.752800e-03	-8.57597e-04	9.632914e-07	
283	2.762800e-03	-8.58059e-04	9.514031e-07	
284	2.772800e-03	-8.58829e-04	9.364107e-07	
285	2.782800e-03	-8.59907e-04	9.182658e-07	
286	2.792800e-03	-8.61294e-04	8.970534e-07	

Index   time            v1#branch       v2#branch       
--------------------------------------------------------------------------------
287	2.802800e-03	-8.62990e-04	8.727336e-07	
288	2.812800e-03	-8.64997e-04	8.454003e-07	
289	2.822800e-03	-8.67316e-04	8.150242e-07	
290	2.832800e-03	-8.69946e-04	7.817103e-07	
291	2.842800e-03	-8.72889e-04	7.454421e-07	
292	2.852800e-03	-8.76144e-04	7.063383e-07	
293	2.862800e-03	-8.79712e-04	6.643983e-07	
294	2.872800e-03	-8.83590e-04	6.197573e-07	
295	2.882800e-03	-8.87777e-04	5.724341e-07	
296	2.892800e-03	-8.92271e-04	5.225841e-07	
297	2.902800e-03	-8.97068e-04	4.702494e-07	
298	2.912800e-03	-9.02162e-04	4.156091e-07	
299	2.922800e-03	-9.07547e-04	3.587325e-07	
300	2.932800e-03	-9.13215e-04	2.998262e-07	
301	2.942800e-03	-9.19157e-04	2.389905e-07	
302	2.952800e-03	-9.25360e-04	1.764630e-07	
303	2.962800e-03	-9.31810e-04	1.123779e-07	
304	2.972800e-03	-9.38492e-04	4.700636e-08	
305	2.982800e-03	-9.45386e-04	-1.94811e-08	
306	2.992800e-03	-9.52473e-04	-8.67791e-08	
307	3.002800e-03	-9.59727e-04	-1.54680e-07	
308	3.012800e-03	-9.67122e-04	-2.22845e-07	
309	3.022800e-03	-9.74630e-04	-2.91032e-07	
310	3.032800e-03	-9.82219e-04	-3.58871e-07	
311	3.042800e-03	-9.89854e-04	-4.26089e-07	
312	3.052800e-03	-9.97500e-04	-4.92292e-07	
313	3.062800e-03	-1.00512e-03	-5.57184e-07	
314	3.072800e-03	-1.01266e-03	-6.20355e-07	
315	3.082800e-03	-1.02009e-03	-6.81498e-07	
316	3.092800e-03	-1.02737e-03	-7.40198e-07	
317	3.102800e-03	-1.03445e-03	-7.96147e-07	
318	3.112800e-03	-1.04127e-03	-8.48943e-07	
319	3.122800e-03	-1.04781e-03	-8.98293e-07	
320	3.132800e-03	-1.05400e-03	-9.43820e-07	
321	3.142800e-03	-1.05982e-03	-9.85264e-07	
322	3.152800e-03	-1.06521e-03	-1.02229e-06	
323	3.162800e-03	-1.07013e-03	-1.05468e-06	
324	3.172800e-03	-1.07456e-03	-1.08217e-06	
325	3.182800e-03	-1.07844e-03	-1.10460e-06	
326	3.192800e-03	-1.08176e-03	-1.12175e-06	
327	3.202800e-03	-1.08449e-03	-1.13357e-06	
328	3.212800e-03	-1.08660e-03	-1.13990e-06	
329	3.222800e-03	-1.08808e-03	-1.14076e-06	
330	3.232800e-03	-1.08892e-03	-1.13610e-06	
331	3.242800e-03	-1.08911e-03	-1.12601e-06	
332	3.252800e-03	-1.08864e-03	-1.11051e-06	
333	3.262800e-03	-1.08754e-03	-1.08977e-06	
334	3.272800e-03	-1.08579e-03	-1.06391e-06	
335	3.282800e-03	-1.08343e-03	-1.03315e-06	
336	3.292800e-03	-1.08046e-03	-9.97692e-07	
337	3.302800e-03	-1.07692e-03	-9.57816e-07	
338	3.312800e-03	-1.07283e-03	-9.13765e-07	
339	3.322800e-03	-1.06823e-03	-8.65877e-07	
340	3.332800e-03	-1.06315e-03	-8.14434e-07	
341	3.342800e-03	-1.05763e-03	-7.59806e-07	
342	3.352800e-03	-1.05171e-03	-7.02300e-07	
343	3.362800e-03	-1.04543e-03	-6.42303e-07	
344	3.372800e-03	-1.03884e-03	-5.80132e-07	

Index   time            v1#branch       v2#branch       
--------------------------------------------------------------------------------
345	3.382800e-03	-1.03198e-03	-5.16176e-07	
346	3.392800e-03	-1.02489e-03	-4.50748e-07	
347	3.402800e-03	-1.01763e-03	-3.84230e-07	
348	3.412800e-03	-1.01023e-03	-3.16919e-07	
349	3.422800e-03	-1.00273e-03	-2.49177e-07	
350	3.432800e-03	-9.95184e-04	-1.81279e-07	
351	3.442800e-03	-9.87618e-04	-1.13559e-07	
352	3.452800e-03	-9.80073e-04	-4.62644e-08	
353	3.462800e-03	-9.72583e-04	2.030252e-08	
354	3.472800e-03	-9.65181e-04	8.592777e-08	
355	3.482800e-03	-9.57897e-04	1.503411e-07	
356	3.492800e-03	-9.50756e-04	2.133628e-07	
357	3.502800e-03	-9.43785e-04	2.747560e-07	
358	3.512800e-03	-9.37004e-04	3.343738e-07	
359	3.522800e-03	-9.30435e-04	3.920115e-07	
360	3.532800e-03	-9.24093e-04	4.475534e-07	
361	3.542800e-03	-9.17995e-04	5.008241e-07	
362	3.552800e-03	-9.12153e-04	5.517364e-07	
363	3.562800e-03	-9.06579e-04	6.001410e-07	
364	3.572800e-03	-9.01281e-04	6.459758e-07	
365	3.582800e-03	-8.96268e-04	6.891144e-07	
366	3.592800e-03	-8.91546e-04	7.295162e-07	
367	3.602800e-03	-8.87120e-04	7.670742e-07	
368	3.612800e-03	-8.82993e-04	8.017661e-07	
369	3.622800e-03	-8.79168e-04	8.335011e-07	
370	3.632800e-03	-8.75648e-04	8.622720e-07	
371	3.642800e-03	-8.72433e-04	8.880014e-07	
372	3.652800e-03	-8.69526e-04	9.106945e-07	
373	3.662800e-03	-8.66925e-04	9.302850e-07	
374	3.672800e-03	-8.64631e-04	9.467884e-07	
375	3.682800e-03	-8.62645e-04	9.601472e-07	
376	3.692800e-03	-8.60964e-04	9.703857e-07	
377	3.702800e-03	-8.59591e-04	9.774540e-07	
378	3.712800e-03	-8.58523e-04	9.813838e-07	
379	3.722800e-03	-8.57761e-04	9.821318e-07	
380	3.732800e-03	-8.57305e-04	9.797365e-07	
381	3.742800e-03	-8.57155e-04	9.741610e-07	
382	3.752800e-03	-8.57311e-04	9.654502e-07	
383	3.762800e-03	-8.57773e-04	9.535739e-07	
384	3.772800e-03	-8.58542e-04	9.385838e-07	
385	3.782800e-03	-8.59619e-04	9.204569e-07	
386	3.792800e-03	-8.61005e-04	8.992526e-07	
387	3.802800e-03	-8.62699e-04	8.749565e-07	
388	3.812800e-03	-8.64704e-04	8.476371e-07	
389	3.822800e-03	-8.67020e-04	8.172905e-07	
390	3.832800e-03	-8.69647e-04	7.839962e-07	
391	3.842800e-03	-8.72587e-04	7.477629e-07	
392	3.852800e-03	-8.75838e-04	7.086842e-07	
393	3.862800e-03	-8.79401e-04	6.667844e-07	
394	3.872800e-03	-8.83274e-04	6.221738e-07	
395	3.882800e-03	-8.87457e-04	5.748959e-07	
396	3.892800e-03	-8.91945e-04	5.250813e-07	
397	3.902800e-03	-8.96735e-04	4.727966e-07	
398	3.912800e-03	-9.01823e-04	4.181962e-07	
399	3.922800e-03	-9.07202e-04	3.613737e-07	
400	3.932800e-03	-9.12863e-04	3.025114e-07	
401	3.942800e-03	-9.18797e-04	2.417334e-07	
402	3.952800e-03	-9.24992e-04	1.792532e-07	

Index   time            v1#branch       v2#branch       
--------------------------------------------------------------------------------
403	3.962800e-03	-9.31435e-04	1.152287e-07	
404	3.972800e-03	-9.38108e-04	4.990694e-08	
405	3.982800e-03	-9.44994e-04	-1.65183e-08	
406	3.992800e-03	-9.52072e-04	-8.37649e-08	
407	4.002800e-03	-9.59318e-04	-1.51603e-07	
408	4.012800e-03	-9.66704e-04	-2.19716e-07	
409	4.022800e-03	-9.74204e-04	-2.87841e-07	
410	4.032800e-03	-9.81784e-04	-3.55629e-07	
411	4.042800e-03	-9.89410e-04	-4.22786e-07	
412	4.052800e-03	-9.97047e-04	-4.88941e-07	
413	4.062800e-03	-1.00465e-03	-5.53776e-07	
414	4.072800e-03	-1.01219e-03	-6.16904e-07	
415	4.082800e-03	-1.01962e-03	-6.77994e-07	
416	4.092800e-03	-1.02689e-03	-7.36655e-07	
417	4.102800e-03	-1.03395e-03	-7.92559e-07	
418	4.112800e-03	-1.04077e-03	-8.45324e-07	
419	4.122800e-03	-1.04730e-03	-8.94636e-07	
420	4.132800e-03	-1.05349e-03	-9.40140e-07	
421	4.142800e-03	-1.05930e-03	-9.81555e-07	
422	4.152800e-03	-1.06469e-03	-1.01857e-06	
423	4.162800e-03	-1.06961e-03	-1.05094e-06	
424	4.172800e-03	-1.07403e-03	-1.07843e-06	
425	4.182800e-03	-1.07791e-03	-1.10084e-06	
426	4.192800e-03	-1.08123e-03	-1.11801e-06	
427	4.202800e-03	-1.08396e-03	-1.12982e-06	
428	4.212800e-03	-1.08607e-03	-1.13618e-06	
429	4.222800e-03	-1.08755e-03	-1.13705e-06	
430	4.232800e-03	-1.08839e-03	-1.13242e-06	
431	4.242800e-03	-1.08858e-03	-1.12234e-06	
432	4.252800e-03	-1.08812e-03	-1.10688e-06	
433	4.262800e-03	-1.08702e-03	-1.08618e-06	
434	4.272800e-03	-1.08528e-03	-1.06036e-06	
435	4.282800e-03	-1.08292e-03	-1.02965e-06	
436	4.292800e-03	-1.07996e-03	-9.94246e-07	
437	4.302800e-03	-1.07642e-03	-9.54419e-07	
438	4.312800e-03	-1.07234e-03	-9.10428e-07	
439	4.322800e-03	-1.06775e-03	-8.62596e-07	
440	4.332800e-03	-1.06267e-03	-8.11219e-07	
441	4.342800e-03	-1.05716e-03	-7.56651e-07	
442	4.352800e-03	-1.05125e-03	-6.99214e-07	
443	4.362800e-03	-1.04498e-03	-6.39280e-07	
444	4.372800e-03	-1.03840e-03	-5.77179e-07	
445	4.382800e-03	-1.03155e-03	-5.13288e-07	
446	4.392800e-03	-1.02448e-03	-4.47932e-07	
447	4.402800e-03	-1.01722e-03	-3.81478e-07	
448	4.412800e-03	-1.00983e-03	-3.14239e-07	
449	4.422800e-03	-1.00235e-03	-2.46560e-07	
450	4.432800e-03	-9.94808e-04	-1.78732e-07	
451	4.442800e-03	-9.87252e-04	-1.11074e-07	
452	4.452800e-03	-9.79717e-04	-4.38462e-08	
453	4.462800e-03	-9.72237e-04	2.266205e-08	
454	4.472800e-03	-9.64845e-04	8.822302e-08	
455	4.482800e-03	-9.57569e-04	1.525812e-07	
456	4.492800e-03	-9.50438e-04	2.155424e-07	
457	4.502800e-03	-9.43475e-04	2.768843e-07	
458	4.512800e-03	-9.36704e-04	3.364458e-07	
459	4.522800e-03	-9.30142e-04	3.940366e-07	
460	4.532800e-03	-9.23809e-04	4.495266e-07	

Index   time            v1#branch       v2#branch       
--------------------------------------------------------------------------------
461	4.542800e-03	-9.17718e-04	5.027551e-07	
462	4.552800e-03	-9.11884e-04	5.536201e-07	
463	4.562800e-03	-9.06316e-04	6.019872e-07	
464	4.572800e-03	-9.01025e-04	6.477794e-07	
465	4.582800e-03	-8.96018e-04	6.908854e-07	
466	4.592800e-03	-8.91302e-04	7.312494e-07	
467	4.602800e-03	-8.86881e-04	7.687795e-07	
468	4.612800e-03	-8.82759e-04	8.034383e-07	
469	4.622800e-03	-8.78939e-04	8.351502e-07	
470	4.632800e-03	-8.75423e-04	8.638927e-07	
471	4.642800e-03	-8.72213e-04	8.896037e-07	
472	4.652800e-03	-8.69309e-04	9.122730e-07	
473	4.662800e-03	-8.66711e-04	9.318497e-07	
474	4.672800e-03	-8.64421e-04	9.483338e-07	
475	4.682800e-03	-8.62437e-04	9.616833e-07	
476	4.692800e-03	-8.60759e-04	9.719070e-07	
477	4.702800e-03	-8.59387e-04	9.789704e-07	
478	4.712800e-03	-8.58321e-04	9.828896e-07	
479	4.722800e-03	-8.57560e-04	9.836371e-07	
480	4.732800e-03	-8.57105e-04	9.812355e-07	
481	4.742800e-03	-8.56956e-04	9.756637e-07	
482	4.752800e-03	-8.57112e-04	9.669509e-07	
483	4.762800e-03	-8.57574e-04	9.550824e-07	
484	4.772800e-03	-8.58343e-04	9.400944e-07	
485	4.782800e-03	-8.59419e-04	9.219795e-07	
486	4.792800e-03	-8.60804e-04	9.007814e-07	
487	4.802800e-03	-8.62497e-04	8.765013e-07	
488	4.812800e-03	-8.64500e-04	8.491921e-07	
489	4.822800e-03	-8.66814e-04	8.188654e-07	
490	4.832800e-03	-8.69439e-04	7.855852e-07	
491	4.842800e-03	-8.72376e-04	7.493758e-07	
492	4.852800e-03	-8.75625e-04	7.103150e-07	
493	4.862800e-03	-8.79185e-04	6.684427e-07	
494	4.872800e-03	-8.83055e-04	6.238538e-07	
495	4.882800e-03	-8.87233e-04	5.766069e-07	
496	4.892800e-03	-8.91718e-04	5.268174e-07	
497	4.902800e-03	-8.96504e-04	4.745669e-07	
498	4.912800e-03	-9.01587e-04	4.199948e-07	
499	4.922800e-03	-9.06961e-04	3.632095e-07	
500	4.932800e-03	-9.12617e-04	3.043783e-07	
501	4.942800e-03	-9.18546e-04	2.436399e-07	
502	4.952800e-03	-9.24736e-04	1.811931e-07	
503	4.962800e-03	-9.31173e-04	1.172101e-07	
504	4.972800e-03	-9.37841e-04	5.192358e-08	
505	4.982800e-03	-9.44722e-04	-1.44589e-08	
506	4.992800e-03	-9.51793e-04	-8.16692e-08	
507	5.002800e-03	-9.59033e-04	-1.49464e-07	
508	5.012800e-03	-9.66414e-04	-2.17541e-07	
509	5.022800e-03	-9.73907e-04	-2.85623e-07	
510	5.032800e-03	-9.81481e-04	-3.53375e-07	
511	5.042800e-03	-9.89101e-04	-4.20491e-07	
512	5.052800e-03	-9.96732e-04	-4.86612e-07	
513	5.062800e-03	-1.00433e-03	-5.51408e-07	
514	5.072800e-03	-1.01187e-03	-6.14504e-07	
515	5.082800e-03	-1.01929e-03	-6.75559e-07	
516	5.092800e-03	-1.02655e-03	-7.34193e-07	
517	5.102800e-03	-1.03361e-03	-7.90065e-07	
518	5.112800e-03	-1.04043e-03	-8.42807e-07	

Index   time            v1#branch       v2#branch       
--------------------------------------------------------------------------------
519	5.122800e-03	-1.04695e-03	-8.92094e-07	
520	5.132800e-03	-1.05314e-03	-9.37581e-07	
521	5.142800e-03	-1.05894e-03	-9.78977e-07	
522	5.152800e-03	-1.06432e-03	-1.01598e-06	
523	5.162800e-03	-1.06924e-03	-1.04834e-06	
524	5.172800e-03	-1.07366e-03	-1.07582e-06	
525	5.182800e-03	-1.07754e-03	-1.09823e-06	
526	5.192800e-03	-1.08086e-03	-1.11540e-06	
527	5.202800e-03	-1.08359e-03	-1.12722e-06	
528	5.212800e-03	-1.08570e-03	-1.13358e-06	
529	5.222800e-03	-1.08718e-03	-1.13447e-06	
530	5.232800e-03	-1.08802e-03	-1.12986e-06	
531	5.242800e-03	-1.08821e-03	-1.11980e-06	
532	5.252800e-03	-1.08776e-03	-1.10436e-06	
533	5.262800e-03	-1.08665e-03	-1.08368e-06	
534	5.272800e-03	-1.08492e-03	-1.05790e-06	
535	5.282800e-03	-1.08256e-03	-1.02722e-06	
536	5.292800e-03	-1.07961e-03	-9.91849e-07	
537	5.302800e-03	-1.07608e-03	-9.52057e-07	
538	5.312800e-03	-1.07200e-03	-9.08108e-07	
539	5.322800e-03	-1.06741e-03	-8.60315e-07	
540	5.332800e-03	-1.06234e-03	-8.08982e-07	
541	5.342800e-03	-1.05684e-03	-7.54457e-07	
542	5.352800e-03	-1.05093e-03	-6.97067e-07	
543	5.362800e-03	-1.04467e-03	-6.37177e-07	
544	5.372800e-03	-1.03810e-03	-5.75126e-07	
545	5.382800e-03	-1.03125e-03	-5.11279e-07	
546	5.392800e-03	-1.02419e-03	-4.45973e-07	
547	5.402800e-03	-1.01694e-03	-3.79565e-07	
548	5.412800e-03	-1.00956e-03	-3.12375e-07	
549	5.422800e-03	-1.00208e-03	-2.44740e-07	
550	5.432800e-03	-9.94546e-04	-1.76960e-07	
551	5.442800e-03	-9.86997e-04	-1.09345e-07	
552	5.452800e-03	-9.79469e-04	-4.21643e-08	
553	5.462800e-03	-9.71996e-04	2.430280e-08	
554	5.472800e-03	-9.64610e-04	8.981939e-08	
555	5.482800e-03	-9.57341e-04	1.541389e-07	
556	5.492800e-03	-9.50216e-04	2.170582e-07	
557	5.502800e-03	-9.43260e-04	2.783643e-07	
558	5.512800e-03	-9.36494e-04	3.378868e-07	
559	5.522800e-03	-9.29939e-04	3.954448e-07	
560	5.532800e-03	-9.23611e-04	4.508990e-07	
561	5.542800e-03	-9.17525e-04	5.040978e-07	
562	5.552800e-03	-9.11696e-04	5.549302e-07	
563	5.562800e-03	-9.06133e-04	6.032710e-07	
564	5.572800e-03	-9.00847e-04	6.490339e-07	
565	5.582800e-03	-8.95844e-04	6.921168e-07	
566	5.592800e-03	-8.91132e-04	7.324548e-07	
567	5.602800e-03	-8.86714e-04	7.699652e-07	
568	5.612800e-03	-8.82596e-04	8.046014e-07	
569	5.622800e-03	-8.78780e-04	8.362969e-07	
570	5.632800e-03	-8.75267e-04	8.650200e-07	
571	5.642800e-03	-8.72059e-04	8.907178e-07	
572	5.652800e-03	-8.69158e-04	9.133710e-07	
573	5.662800e-03	-8.66563e-04	9.329376e-07	
574	5.672800e-03	-8.64274e-04	9.494087e-07	
575	5.682800e-03	-8.62292e-04	9.627514e-07	
576	5.692800e-03	-8.60615e-04	9.729651e-07	

Index   time            v1#branch       v2#branch       
--------------------------------------------------------------------------------
577	5.702800e-03	-8.59245e-04	9.800247e-07	
578	5.712800e-03	-8.58180e-04	9.839370e-07	
579	5.722800e-03	-8.57420e-04	9.846837e-07	
580	5.732800e-03	-8.56966e-04	9.822781e-07	
581	5.742800e-03	-8.56817e-04	9.767085e-07	
582	5.752800e-03	-8.56973e-04	9.679947e-07	
583	5.762800e-03	-8.57435e-04	9.561313e-07	
584	5.772800e-03	-8.58204e-04	9.411452e-07	
585	5.782800e-03	-8.59280e-04	9.230381e-07	
586	5.792800e-03	-8.60664e-04	9.018447e-07	
587	5.802800e-03	-8.62356e-04	8.775754e-07	
588	5.812800e-03	-8.64358e-04	8.502737e-07	
589	5.822800e-03	-8.66671e-04	8.199605e-07	
590	5.832800e-03	-8.69295e-04	7.866906e-07	
591	5.842800e-03	-8.72230e-04	7.504973e-07	
592	5.852800e-03	-8.75476e-04	7.114494e-07	
593	5.862800e-03	-8.79034e-04	6.695959e-07	
594	5.872800e-03	-8.82902e-04	6.250223e-07	
595	5.882800e-03	-8.87078e-04	5.777966e-07	
596	5.892800e-03	-8.91559e-04	5.280250e-07	
597	5.902800e-03	-8.96343e-04	4.757980e-07	
598	5.912800e-03	-9.01423e-04	4.212460e-07	
599	5.922800e-03	-9.06794e-04	3.644861e-07	
600	5.932800e-03	-9.12447e-04	3.056769e-07	
601	5.942800e-03	-9.18372e-04	2.449658e-07	
602	5.952800e-03	-9.24558e-04	1.825426e-07	
603	5.962800e-03	-9.30991e-04	1.185881e-07	
604	5.972800e-03	-9.37655e-04	5.332645e-08	
605	5.982800e-03	-9.44532e-04	-1.30265e-08	
606	5.992800e-03	-9.51599e-04	-8.02113e-08	
607	6.002800e-03	-9.58835e-04	-1.47976e-07	
608	6.012800e-03	-9.66211e-04	-2.16028e-07	
609	6.022800e-03	-9.73700e-04	-2.84080e-07	
610	6.032800e-03	-9.81270e-04	-3.51807e-07	
611	6.042800e-03	-9.88886e-04	-4.18894e-07	
612	6.052800e-03	-9.96512e-04	-4.84991e-07	
613	6.062800e-03	-1.00411e-03	-5.49760e-07	
614	6.072800e-03	-1.01164e-03	-6.12834e-07	
615	6.082800e-03	-1.01905e-03	-6.73865e-07	
616	6.092800e-03	-1.02631e-03	-7.32479e-07	
617	6.102800e-03	-1.03337e-03	-7.88331e-07	
618	6.112800e-03	-1.04018e-03	-8.41056e-07	
619	6.122800e-03	-1.04671e-03	-8.90325e-07	
620	6.132800e-03	-1.05289e-03	-9.35800e-07	
621	6.142800e-03	-1.05869e-03	-9.77183e-07	
622	6.152800e-03	-1.06407e-03	-1.01418e-06	
623	6.162800e-03	-1.06899e-03	-1.04653e-06	
624	6.172800e-03	-1.07341e-03	-1.07401e-06	
625	6.182800e-03	-1.07729e-03	-1.09642e-06	
626	6.192800e-03	-1.08060e-03	-1.11359e-06	
627	6.202800e-03	-1.08333e-03	-1.12541e-06	
628	6.212800e-03	-1.08544e-03	-1.13178e-06	
629	6.222800e-03	-1.08692e-03	-1.13267e-06	
630	6.232800e-03	-1.08776e-03	-1.12807e-06	
631	6.242800e-03	-1.08796e-03	-1.11803e-06	
632	6.252800e-03	-1.08750e-03	-1.10261e-06	
633	6.262800e-03	-1.08640e-03	-1.08195e-06	
634	6.272800e-03	-1.08467e-03	-1.05619e-06	

Index   time            v1#branch       v2#branch       
--------------------------------------------------------------------------------
635	6.282800e-03	-1.08231e-03	-1.02553e-06	
636	6.292800e-03	-1.07936e-03	-9.90181e-07	
637	6.302800e-03	-1.07584e-03	-9.50414e-07	
638	6.312800e-03	-1.07176e-03	-9.06493e-07	
639	6.322800e-03	-1.06718e-03	-8.58728e-07	
640	6.332800e-03	-1.06211e-03	-8.07426e-07	
641	6.342800e-03	-1.05661e-03	-7.52930e-07	
642	6.352800e-03	-1.05071e-03	-6.95574e-07	
643	6.362800e-03	-1.04445e-03	-6.35715e-07	
644	6.372800e-03	-1.03789e-03	-5.73697e-07	
645	6.382800e-03	-1.03105e-03	-5.09882e-07	
646	6.392800e-03	-1.02399e-03	-4.44610e-07	
647	6.402800e-03	-1.01674e-03	-3.78233e-07	
648	6.412800e-03	-1.00937e-03	-3.11077e-07	
649	6.422800e-03	-1.00189e-03	-2.43474e-07	
650	6.432800e-03	-9.94364e-04	-1.75728e-07	
651	6.442800e-03	-9.86820e-04	-1.08143e-07	
652	6.452800e-03	-9.79296e-04	-4.09940e-08	
653	6.462800e-03	-9.71828e-04	2.544424e-08	
654	6.472800e-03	-9.64447e-04	9.093015e-08	
655	6.482800e-03	-9.57183e-04	1.552225e-07	
656	6.492800e-03	-9.50062e-04	2.181130e-07	
657	6.502800e-03	-9.43110e-04	2.793938e-07	
658	6.512800e-03	-9.36348e-04	3.388895e-07	
659	6.522800e-03	-9.29797e-04	3.964244e-07	
660	6.532800e-03	-9.23473e-04	4.518539e-07	
661	6.542800e-03	-9.17391e-04	5.050318e-07	
662	6.552800e-03	-9.11565e-04	5.558418e-07	
663	6.562800e-03	-9.06006e-04	6.041639e-07	
664	6.572800e-03	-9.00722e-04	6.499068e-07	
665	6.582800e-03	-8.95723e-04	6.929733e-07	
666	6.592800e-03	-8.91013e-04	7.332935e-07	
667	6.602800e-03	-8.86599e-04	7.707900e-07	
668	6.612800e-03	-8.82483e-04	8.054106e-07	
669	6.622800e-03	-8.78668e-04	8.370944e-07	
670	6.632800e-03	-8.75158e-04	8.658043e-07	
671	6.642800e-03	-8.71952e-04	8.914927e-07	
672	6.652800e-03	-8.69052e-04	9.141348e-07	
673	6.662800e-03	-8.66459e-04	9.336943e-07	
674	6.672800e-03	-8.64172e-04	9.501565e-07	
675	6.682800e-03	-8.62191e-04	9.634942e-07	
676	6.692800e-03	-8.60515e-04	9.737012e-07	
677	6.702800e-03	-8.59146e-04	9.807580e-07	
678	6.712800e-03	-8.58082e-04	9.846657e-07	
679	6.722800e-03	-8.57323e-04	9.854116e-07	
680	6.732800e-03	-8.56869e-04	9.830036e-07	
681	6.742800e-03	-8.56720e-04	9.774352e-07	
682	6.752800e-03	-8.56876e-04	9.687209e-07	
683	6.762800e-03	-8.57339e-04	9.568609e-07	
684	6.772800e-03	-8.58107e-04	9.418762e-07	
685	6.782800e-03	-8.59183e-04	9.237745e-07	
686	6.792800e-03	-8.60566e-04	9.025846e-07	
687	6.802800e-03	-8.62258e-04	8.783225e-07	
688	6.812800e-03	-8.64259e-04	8.510263e-07	
689	6.822800e-03	-8.66571e-04	8.207222e-07	
690	6.832800e-03	-8.69194e-04	7.874596e-07	
691	6.842800e-03	-8.72127e-04	7.512774e-07	
692	6.852800e-03	-8.75373e-04	7.122387e-07	

Index   time            v1#branch       v2#branch       
--------------------------------------------------------------------------------
693	6.862800e-03	-8.78929e-04	6.703980e-07	
694	6.872800e-03	-8.82795e-04	6.258355e-07	
695	6.882800e-03	-8.86969e-04	5.786243e-07	
696	6.892800e-03	-8.91449e-04	5.288653e-07	
697	6.902800e-03	-8.96231e-04	4.766544e-07	
698	6.912800e-03	-9.01309e-04	4.221166e-07	
699	6.922800e-03	-9.06677e-04	3.653742e-07	
700	6.932800e-03	-9.12327e-04	3.065806e-07	
701	6.942800e-03	-9.18250e-04	2.458882e-07	
702	6.952800e-03	-9.24434e-04	1.834817e-07	
703	6.962800e-03	-9.30865e-04	1.195469e-07	
704	6.972800e-03	-9.37526e-04	5.430269e-08	
705	6.982800e-03	-9.44399e-04	-1.20300e-08	
706	6.992800e-03	-9.51464e-04	-7.91968e-08	
707	7.002800e-03	-9.58696e-04	-1.46941e-07	
708	7.012800e-03	-9.66070e-04	-2.14974e-07	
709	7.022800e-03	-9.73556e-04	-2.83006e-07	
710	7.032800e-03	-9.81122e-04	-3.50716e-07	
711	7.042800e-03	-9.88736e-04	-4.17783e-07	
712	7.052800e-03	-9.96359e-04	-4.83863e-07	
713	7.062800e-03	-1.00395e-03	-5.48614e-07	
714	7.072800e-03	-1.01148e-03	-6.11672e-07	
715	7.082800e-03	-1.01889e-03	-6.72686e-07	
716	7.092800e-03	-1.02615e-03	-7.31287e-07	
717	7.102800e-03	-1.03321e-03	-7.87123e-07	
718	7.112800e-03	-1.04002e-03	-8.39838e-07	
719	7.122800e-03	-1.04653e-03	-8.89095e-07	
720	7.132800e-03	-1.05272e-03	-9.34561e-07	
721	7.142800e-03	-1.05852e-03	-9.75935e-07	
722	7.152800e-03	-1.06390e-03	-1.01292e-06	
723	7.162800e-03	-1.06881e-03	-1.04527e-06	
724	7.172800e-03	-1.07323e-03	-1.07275e-06	
725	7.182800e-03	-1.07711e-03	-1.09515e-06	
726	7.192800e-03	-1.08042e-03	-1.11233e-06	
727	7.202800e-03	-1.08315e-03	-1.12415e-06	
728	7.212800e-03	-1.08526e-03	-1.13053e-06	
729	7.222800e-03	-1.08674e-03	-1.13142e-06	
730	7.232800e-03	-1.08758e-03	-1.12683e-06	
731	7.242800e-03	-1.08778e-03	-1.11680e-06	
732	7.252800e-03	-1.08732e-03	-1.10139e-06	
733	7.262800e-03	-1.08623e-03	-1.08074e-06	
734	7.272800e-03	-1.08449e-03	-1.05499e-06	
735	7.282800e-03	-1.08214e-03	-1.02435e-06	
736	7.292800e-03	-1.07919e-03	-9.89021e-07	
737	7.302800e-03	-1.07567e-03	-9.49271e-07	
738	7.312800e-03	-1.07160e-03	-9.05370e-07	
739	7.322800e-03	-1.06702e-03	-8.57623e-07	
740	7.332800e-03	-1.06195e-03	-8.06343e-07	
741	7.342800e-03	-1.05646e-03	-7.51868e-07	
742	7.352800e-03	-1.05056e-03	-6.94534e-07	
743	7.362800e-03	-1.04430e-03	-6.34697e-07	
744	7.372800e-03	-1.03774e-03	-5.72703e-07	
745	7.382800e-03	-1.03090e-03	-5.08910e-07	
746	7.392800e-03	-1.02385e-03	-4.43662e-07	
747	7.402800e-03	-1.01661e-03	-3.77307e-07	
748	7.412800e-03	-1.00923e-03	-3.10175e-07	
749	7.422800e-03	-1.00176e-03	-2.42593e-07	
750	7.432800e-03	-9.94236e-04	-1.74870e-07	

Index   time            v1#branch       v2#branch       
--------------------------------------------------------------------------------
751	7.442800e-03	-9.86696e-04	-1.07306e-07	
752	7.452800e-03	-9.79176e-04	-4.01796e-08	
753	7.462800e-03	-9.71711e-04	2.623849e-08	
754	7.472800e-03	-9.64333e-04	9.170317e-08	
755	7.482800e-03	-9.57072e-04	1.559765e-07	
756	7.492800e-03	-9.49954e-04	2.188470e-07	
757	7.502800e-03	-9.43005e-04	2.801102e-07	
758	7.512800e-03	-9.36246e-04	3.395873e-07	
759	7.522800e-03	-9.29698e-04	3.971060e-07	
760	7.532800e-03	-9.23376e-04	4.525184e-07	
761	7.542800e-03	-9.17297e-04	5.056817e-07	
762	7.552800e-03	-9.11474e-04	5.564761e-07	
763	7.562800e-03	-9.05917e-04	6.047852e-07	
764	7.572800e-03	-9.00635e-04	6.505141e-07	
765	7.582800e-03	-8.95638e-04	6.935692e-07	
766	7.592800e-03	-8.90930e-04	7.338771e-07	
767	7.602800e-03	-8.86518e-04	7.713638e-07	
768	7.612800e-03	-8.82403e-04	8.059737e-07	
769	7.622800e-03	-8.78591e-04	8.376493e-07	
770	7.632800e-03	-8.75082e-04	8.663500e-07	
771	7.642800e-03	-8.71877e-04	8.920318e-07	
772	7.652800e-03	-8.68979e-04	9.146663e-07	
773	7.662800e-03	-8.66386e-04	9.342207e-07	
774	7.672800e-03	-8.64100e-04	9.506769e-07	
775	7.682800e-03	-8.62120e-04	9.640110e-07	
776	7.692800e-03	-8.60446e-04	9.742134e-07	
777	7.702800e-03	-8.59077e-04	9.812681e-07	
778	7.712800e-03	-8.58013e-04	9.851727e-07	
779	7.722800e-03	-8.57255e-04	9.859180e-07	
780	7.732800e-03	-8.56801e-04	9.835083e-07	
781	7.742800e-03	-8.56652e-04	9.779408e-07	
782	7.752800e-03	-8.56809e-04	9.692262e-07	
783	7.762800e-03	-8.57271e-04	9.573684e-07	
784	7.772800e-03	-8.58040e-04	9.423849e-07	
785	7.782800e-03	-8.59115e-04	9.242868e-07	
786	7.792800e-03	-8.60498e-04	9.030994e-07	
787	7.802800e-03	-8.62189e-04	8.788423e-07	
788	7.812800e-03	-8.64190e-04	8.515499e-07	
789	7.822800e-03	-8.66501e-04	8.212521e-07	
790	7.832800e-03	-8.69123e-04	7.879948e-07	
791	7.842800e-03	-8.72056e-04	7.518201e-07	
792	7.852800e-03	-8.75300e-04	7.127880e-07	
793	7.862800e-03	-8.78856e-04	6.709561e-07	
794	7.872800e-03	-8.82721e-04	6.264013e-07	
795	7.882800e-03	-8.86894e-04	5.792001e-07	
796	7.892800e-03	-8.91372e-04	5.294501e-07	
797	7.902800e-03	-8.96152e-04	4.772502e-07	
798	7.912800e-03	-9.01229e-04	4.227224e-07	
799	7.922800e-03	-9.06595e-04	3.659922e-07	
800	7.932800e-03	-9.12244e-04	3.072095e-07	
801	7.942800e-03	-9.18165e-04	2.465300e-07	
802	7.952800e-03	-9.24347e-04	1.841352e-07	
803	7.962800e-03	-9.30776e-04	1.202140e-07	
804	7.972800e-03	-9.37435e-04	5.498211e-08	
805	7.982800e-03	-9.44307e-04	-1.13365e-08	
806	7.992800e-03	-9.51370e-04	-7.84907e-08	
807	8.002800e-03	-9.58600e-04	-1.46221e-07	
808	8.012800e-03	-9.65971e-04	-2.14241e-07	

Index   time            v1#branch       v2#branch       
--------------------------------------------------------------------------------
809	8.022800e-03	-9.73455e-04	-2.82259e-07	
810	8.032800e-03	-9.81020e-04	-3.49956e-07	
811	8.042800e-03	-9.88631e-04	-4.17010e-07	
812	8.052800e-03	-9.96253e-04	-4.83078e-07	
813	8.062800e-03	-1.00385e-03	-5.47816e-07	
814	8.072800e-03	-1.01137e-03	-6.10864e-07	
815	8.082800e-03	-1.01878e-03	-6.71865e-07	
816	8.092800e-03	-1.02604e-03	-7.30457e-07	
817	8.102800e-03	-1.03309e-03	-7.86283e-07	
818	8.112800e-03	-1.03990e-03	-8.38989e-07	
819	8.122800e-03	-1.04642e-03	-8.88238e-07	
820	8.132800e-03	-1.05260e-03	-9.33698e-07	
821	8.142800e-03	-1.05840e-03	-9.75066e-07	
822	8.152800e-03	-1.06377e-03	-1.01205e-06	
823	8.162800e-03	-1.06869e-03	-1.04440e-06	
824	8.172800e-03	-1.07310e-03	-1.07187e-06	
825	8.182800e-03	-1.07698e-03	-1.09428e-06	
826	8.192800e-03	-1.08030e-03	-1.11145e-06	
827	8.202800e-03	-1.08302e-03	-1.12327e-06	
828	8.212800e-03	-1.08514e-03	-1.12965e-06	
829	8.222800e-03	-1.08662e-03	-1.13055e-06	
830	8.232800e-03	-1.08746e-03	-1.12597e-06	
831	8.242800e-03	-1.08765e-03	-1.11594e-06	
832	8.252800e-03	-1.08720e-03	-1.10054e-06	
833	8.262800e-03	-1.08610e-03	-1.07990e-06	
834	8.272800e-03	-1.08437e-03	-1.05416e-06	
835	8.282800e-03	-1.08202e-03	-1.02353e-06	
836	8.292800e-03	-1.07907e-03	-9.88213e-07	
837	8.302800e-03	-1.07555e-03	-9.48475e-07	
838	8.312800e-03	-1.07148e-03	-9.04588e-07	
839	8.322800e-03	-1.06690e-03	-8.56854e-07	
840	8.332800e-03	-1.06184e-03	-8.05590e-07	
841	8.342800e-03	-1.05635e-03	-7.51129e-07	
842	8.352800e-03	-1.05045e-03	-6.93811e-07	
843	8.362800e-03	-1.04420e-03	-6.33988e-07	
844	8.372800e-03	-1.03763e-03	-5.72011e-07	
845	8.382800e-03	-1.03080e-03	-5.08233e-07	
846	8.392800e-03	-1.02375e-03	-4.43002e-07	
847	8.402800e-03	-1.01651e-03	-3.76662e-07	
848	8.412800e-03	-1.00914e-03	-3.09546e-07	
849	8.422800e-03	-1.00167e-03	-2.41980e-07	
850	8.432800e-03	-9.94148e-04	-1.74273e-07	
851	8.442800e-03	-9.86609e-04	-1.06724e-07	
852	8.452800e-03	-9.79092e-04	-3.96128e-08	
853	8.462800e-03	-9.71629e-04	2.679116e-08	
854	8.472800e-03	-9.64253e-04	9.224114e-08	
855	8.482800e-03	-9.56994e-04	1.565012e-07	
856	8.492800e-03	-9.49879e-04	2.193578e-07	
857	8.502800e-03	-9.42932e-04	2.806086e-07	
858	8.512800e-03	-9.36175e-04	3.400729e-07	
859	8.522800e-03	-9.29628e-04	3.975802e-07	
860	8.532800e-03	-9.23309e-04	4.529808e-07	
861	8.542800e-03	-9.17232e-04	5.061338e-07	
862	8.552800e-03	-9.11410e-04	5.569175e-07	
863	8.562800e-03	-9.05854e-04	6.052174e-07	
864	8.572800e-03	-9.00575e-04	6.509367e-07	
865	8.582800e-03	-8.95579e-04	6.939838e-07	
866	8.592800e-03	-8.90872e-04	7.342832e-07	

Index   time            v1#branch       v2#branch       
--------------------------------------------------------------------------------
867	8.602800e-03	-8.86461e-04	7.717629e-07	
868	8.612800e-03	-8.82348e-04	8.063655e-07	
869	8.622800e-03	-8.78536e-04	8.380352e-07	
870	8.632800e-03	-8.75028e-04	8.667297e-07	
871	8.642800e-03	-8.71825e-04	8.924067e-07	
872	8.652800e-03	-8.68927e-04	9.150361e-07	
873	8.662800e-03	-8.66336e-04	9.345869e-07	
874	8.672800e-03	-8.64050e-04	9.510389e-07	
875	8.682800e-03	-8.62071e-04	9.643704e-07	
876	8.692800e-03	-8.60397e-04	9.745698e-07	
877	8.702800e-03	-8.59028e-04	9.816229e-07	
878	8.712800e-03	-8.57965e-04	9.855255e-07	
879	8.722800e-03	-8.57207e-04	9.862702e-07	
880	8.732800e-03	-8.56753e-04	9.838594e-07	
881	8.742800e-03	-8.56605e-04	9.782924e-07	
882	8.752800e-03	-8.56762e-04	9.695777e-07	
883	8.762800e-03	-8.57224e-04	9.577213e-07	
884	8.772800e-03	-8.57992e-04	9.427388e-07	
885	8.782800e-03	-8.59067e-04	9.246431e-07	
886	8.792800e-03	-8.60450e-04	9.034576e-07	
887	8.802800e-03	-8.62141e-04	8.792038e-07	
888	8.812800e-03	-8.64142e-04	8.519142e-07	
889	8.822800e-03	-8.66452e-04	8.216207e-07	
890	8.832800e-03	-8.69074e-04	7.883671e-07	
891	8.842800e-03	-8.72006e-04	7.521976e-07	
892	8.852800e-03	-8.75250e-04	7.131701e-07	
893	8.862800e-03	-8.78804e-04	6.713443e-07	
894	8.872800e-03	-8.82669e-04	6.267950e-07	
895	8.882800e-03	-8.86841e-04	5.796007e-07	
896	8.892800e-03	-8.91318e-04	5.298570e-07	
897	8.902800e-03	-8.96097e-04	4.776648e-07	
898	8.912800e-03	-9.01173e-04	4.231440e-07	
899	8.922800e-03	-9.06538e-04	3.664221e-07	
900	8.932800e-03	-9.12186e-04	3.076471e-07	
901	8.942800e-03	-9.18106e-04	2.469765e-07	
902	8.952800e-03	-9.24287e-04	1.845900e-07	
903	8.962800e-03	-9.30714e-04	1.206782e-07	
904	8.972800e-03	-9.37372e-04	5.545493e-08	
905	8.982800e-03	-9.44242e-04	-1.08540e-08	
906	8.992800e-03	-9.51304e-04	-7.79993e-08	
907	9.002800e-03	-9.58532e-04	-1.45720e-07	
908	9.012800e-03	-9.65902e-04	-2.13731e-07	
909	9.022800e-03	-9.73385e-04	-2.81739e-07	
910	9.032800e-03	-9.80948e-04	-3.49427e-07	
911	9.042800e-03	-9.88558e-04	-4.16472e-07	
912	9.052800e-03	-9.96178e-04	-4.82532e-07	
913	9.062800e-03	-1.00377e-03	-5.47261e-07	
914	9.072800e-03	-1.01129e-03	-6.10301e-07	
915	9.082800e-03	-1.01870e-03	-6.71294e-07	
916	9.092800e-03	-1.02596e-03	-7.29879e-07	
917	9.102800e-03	-1.03301e-03	-7.85698e-07	
918	9.112800e-03	-1.03982e-03	-8.38399e-07	
919	9.122800e-03	-1.04633e-03	-8.87642e-07	
920	9.132800e-03	-1.05251e-03	-9.33098e-07	
921	9.142800e-03	-1.05831e-03	-9.74461e-07	
922	9.152800e-03	-1.06369e-03	-1.01144e-06	
923	9.162800e-03	-1.06860e-03	-1.04379e-06	
924	9.172800e-03	-1.07302e-03	-1.07126e-06	

Index   time            v1#branch       v2#branch       
--------------------------------------------------------------------------------
925	9.182800e-03	-1.07690e-03	-1.09366e-06	
926	9.192800e-03	-1.08021e-03	-1.11084e-06	
927	9.202800e-03	-1.08294e-03	-1.12266e-06	
928	9.212800e-03	-1.08505e-03	-1.12904e-06	
929	9.222800e-03	-1.08653e-03	-1.12995e-06	
930	9.232800e-03	-1.08737e-03	-1.12537e-06	
931	9.242800e-03	-1.08757e-03	-1.11534e-06	
932	9.252800e-03	-1.08711e-03	-1.09995e-06	
933	9.262800e-03	-1.08602e-03	-1.07931e-06	
934	9.272800e-03	-1.08429e-03	-1.05358e-06	
935	9.282800e-03	-1.08194e-03	-1.02296e-06	
936	9.292800e-03	-1.07899e-03	-9.87650e-07	
937	9.302800e-03	-1.07547e-03	-9.47921e-07	
938	9.312800e-03	-1.07140e-03	-9.04043e-07	
939	9.322800e-03	-1.06682e-03	-8.56319e-07	
940	9.332800e-03	-1.06177e-03	-8.05065e-07	
941	9.342800e-03	-1.05627e-03	-7.50614e-07	
942	9.352800e-03	-1.05037e-03	-6.93307e-07	
943	9.362800e-03	-1.04412e-03	-6.33495e-07	
944	9.372800e-03	-1.03756e-03	-5.71529e-07	
945	9.382800e-03	-1.03073e-03	-5.07762e-07	
946	9.392800e-03	-1.02368e-03	-4.42542e-07	
947	9.402800e-03	-1.01644e-03	-3.76214e-07	
948	9.412800e-03	-1.00907e-03	-3.09109e-07	
949	9.422800e-03	-1.00161e-03	-2.41554e-07	
950	9.432800e-03	-9.94086e-04	-1.73857e-07	
951	9.442800e-03	-9.86549e-04	-1.06319e-07	
952	9.452800e-03	-9.79033e-04	-3.92184e-08	
953	9.462800e-03	-9.71572e-04	2.717568e-08	
954	9.472800e-03	-9.64198e-04	9.261545e-08	
955	9.482800e-03	-9.56940e-04	1.568661e-07	
956	9.492800e-03	-9.49827e-04	2.197132e-07	
957	9.502800e-03	-9.42881e-04	2.809553e-07	
958	9.512800e-03	-9.36126e-04	3.404107e-07	
959	9.522800e-03	-9.29580e-04	3.979100e-07	
960	9.532800e-03	-9.23262e-04	4.533025e-07	
961	9.542800e-03	-9.17186e-04	5.064482e-07	
962	9.552800e-03	-9.11365e-04	5.572246e-07	
963	9.562800e-03	-9.05811e-04	6.055180e-07	
964	9.572800e-03	-9.00532e-04	6.512307e-07	
965	9.582800e-03	-8.95537e-04	6.942721e-07	
966	9.592800e-03	-8.90832e-04	7.345657e-07	
967	9.602800e-03	-8.86421e-04	7.720405e-07	
968	9.612800e-03	-8.82309e-04	8.066380e-07	
969	9.622800e-03	-8.78498e-04	8.383036e-07	
970	9.632800e-03	-8.74991e-04	8.669938e-07	
971	9.642800e-03	-8.71788e-04	8.926675e-07	
972	9.652800e-03	-8.68891e-04	9.152933e-07	
973	9.662800e-03	-8.66300e-04	9.348415e-07	
974	9.672800e-03	-8.64015e-04	9.512907e-07	
975	9.682800e-03	-8.62036e-04	9.646203e-07	
976	9.692800e-03	-8.60362e-04	9.748176e-07	
977	9.702800e-03	-8.58994e-04	9.818696e-07	
978	9.712800e-03	-8.57931e-04	9.857708e-07	
979	9.722800e-03	-8.57173e-04	9.865151e-07	
980	9.732800e-03	-8.56720e-04	9.841036e-07	
981	9.742800e-03	-8.56572e-04	9.785368e-07	
982	9.752800e-03	-8.56728e-04	9.698222e-07	

Index   time            v1#branch       v2#branch       
--------------------------------------------------------------------------------
983	9.762800e-03	-8.57191e-04	9.579668e-07	
984	9.772800e-03	-8.57959e-04	9.429849e-07	
985	9.782800e-03	-8.59034e-04	9.248908e-07	
986	9.792800e-03	-8.60417e-04	9.037066e-07	
987	9.802800e-03	-8.62108e-04	8.794551e-07	
988	9.812800e-03	-8.64108e-04	8.521676e-07	
989	9.822800e-03	-8.66418e-04	8.218770e-07	
990	9.832800e-03	-8.69039e-04	7.886261e-07	
991	9.842800e-03	-8.71971e-04	7.524602e-07	
992	9.852800e-03	-8.75214e-04	7.134359e-07	
993	9.862800e-03	-8.78768e-04	6.716143e-07	
994	9.872800e-03	-8.82632e-04	6.270688e-07	
995	9.882800e-03	-8.86804e-04	5.798793e-07	
996	9.892800e-03	-8.91280e-04	5.301400e-07	
997	9.902800e-03	-8.96059e-04	4.779531e-07	
998	9.912800e-03	-9.01134e-04	4.234372e-07	
999	9.922800e-03	-9.06498e-04	3.667211e-07	
1000	9.932800e-03	-9.12145e-04	3.079515e-07	
1001	9.942800e-03	-9.18065e-04	2.472871e-07	
1002	9.952800e-03	-9.24244e-04	1.849064e-07	
1003	9.962800e-03	-9.30671e-04	1.210011e-07	
1004	9.972800e-03	-9.37328e-04	5.578388e-08	
1005	9.982800e-03	-9.44197e-04	-1.05183e-08	
1006	9.992800e-03	-9.51257e-04	-7.76574e-08	
1007	1.000000e-02	-9.56446e-04	-1.26326e-07	
