* c:\users\mamat\esim-workspace\2n3055_npn_bjt_amplifier\2n3055_npn_bjt_amplifier.cir
Transient Analysis  Tue Jun 24 19:40:36  2025
--------------------------------------------------------------------------------
Index   time            v1#branch       v2#branch       
--------------------------------------------------------------------------------
0	0.000000e+00	-1.07743e-03	0.000000e+00	
1	1.000000e-07	-1.07759e-03	-5.04345e-07	
2	2.000000e-07	-1.07769e-03	-7.10547e-07	
3	4.000000e-07	-1.07785e-03	-8.93030e-07	
4	8.000000e-07	-1.07811e-03	-9.20142e-07	
5	1.600000e-06	-1.07870e-03	-1.03649e-06	
6	3.200000e-06	-1.07995e-03	-1.12017e-06	
7	6.400000e-06	-1.08255e-03	-1.26305e-06	
8	1.280000e-05	-1.08778e-03	-1.48037e-06	
9	2.280000e-05	-1.09606e-03	-1.86475e-06	
10	3.280000e-05	-1.10442e-03	-2.21523e-06	
11	4.280000e-05	-1.11282e-03	-2.59278e-06	
12	5.280000e-05	-1.12122e-03	-2.93602e-06	
13	6.280000e-05	-1.12958e-03	-3.29914e-06	
14	7.280000e-05	-1.13785e-03	-3.62649e-06	
15	8.280000e-05	-1.14599e-03	-3.96694e-06	
16	9.280000e-05	-1.15395e-03	-4.26960e-06	
17	1.028000e-04	-1.16169e-03	-4.57892e-06	
18	1.128000e-04	-1.16914e-03	-4.84823e-06	
19	1.228000e-04	-1.17627e-03	-5.11823e-06	
20	1.328000e-04	-1.18302e-03	-5.34601e-06	
21	1.428000e-04	-1.18935e-03	-5.56914e-06	
22	1.528000e-04	-1.19521e-03	-5.74815e-06	
23	1.628000e-04	-1.20056e-03	-5.91795e-06	
24	1.728000e-04	-1.20536e-03	-6.04225e-06	
25	1.828000e-04	-1.20958e-03	-6.15373e-06	
26	1.928000e-04	-1.21317e-03	-6.21902e-06	
27	2.028000e-04	-1.21612e-03	-6.26896e-06	
28	2.128000e-04	-1.21839e-03	-6.27284e-06	
29	2.228000e-04	-1.21998e-03	-6.25998e-06	
30	2.328000e-04	-1.22087e-03	-6.20207e-06	
31	2.428000e-04	-1.22105e-03	-6.12721e-06	
32	2.528000e-04	-1.22052e-03	-6.00921e-06	
33	2.628000e-04	-1.21929e-03	-5.87511e-06	
34	2.728000e-04	-1.21736e-03	-5.70063e-06	
35	2.828000e-04	-1.21476e-03	-5.51190e-06	
36	2.928000e-04	-1.21151e-03	-5.28625e-06	
37	3.028000e-04	-1.20762e-03	-5.04904e-06	
38	3.128000e-04	-1.20314e-03	-4.77892e-06	
39	3.228000e-04	-1.19809e-03	-4.50052e-06	
40	3.328000e-04	-1.19251e-03	-4.19362e-06	
41	3.428000e-04	-1.18646e-03	-3.88215e-06	
42	3.528000e-04	-1.17996e-03	-3.54675e-06	
43	3.628000e-04	-1.17307e-03	-3.21067e-06	
44	3.728000e-04	-1.16582e-03	-2.85523e-06	
45	3.828000e-04	-1.15829e-03	-2.50302e-06	
46	3.928000e-04	-1.15049e-03	-2.13583e-06	
47	4.028000e-04	-1.14250e-03	-1.77561e-06	
48	4.128000e-04	-1.13435e-03	-1.40448e-06	
49	4.228000e-04	-1.12609e-03	-1.04376e-06	
50	4.328000e-04	-1.11777e-03	-6.75796e-07	
51	4.428000e-04	-1.10942e-03	-3.21299e-07	
52	4.528000e-04	-1.10109e-03	3.725515e-08	
53	4.628000e-04	-1.09282e-03	3.797247e-07	
54	4.728000e-04	-1.08463e-03	7.235556e-07	

Index   time            v1#branch       v2#branch       
--------------------------------------------------------------------------------
55	4.828000e-04	-1.07658e-03	1.049146e-06	
56	4.928000e-04	-1.06867e-03	1.373887e-06	
57	5.028000e-04	-1.06095e-03	1.678681e-06	
58	5.128000e-04	-1.05344e-03	1.980868e-06	
59	5.228000e-04	-1.04616e-03	2.261820e-06	
60	5.328000e-04	-1.03912e-03	2.538810e-06	
61	5.428000e-04	-1.03236e-03	2.793647e-06	
62	5.528000e-04	-1.02587e-03	3.043510e-06	
63	5.628000e-04	-1.01968e-03	3.270618e-06	
64	5.728000e-04	-1.01379e-03	3.492018e-06	
65	5.828000e-04	-1.00822e-03	3.690319e-06	
66	5.928000e-04	-1.00297e-03	3.882392e-06	
67	6.028000e-04	-9.98050e-04	4.051222e-06	
68	6.128000e-04	-9.93459e-04	4.213458e-06	
69	6.228000e-04	-9.89205e-04	4.352457e-06	
70	6.328000e-04	-9.85288e-04	4.484596e-06	
71	6.428000e-04	-9.81713e-04	4.593609e-06	
72	6.528000e-04	-9.78478e-04	4.695550e-06	
73	6.628000e-04	-9.75586e-04	4.774543e-06	
74	6.728000e-04	-9.73036e-04	4.846270e-06	
75	6.828000e-04	-9.70829e-04	4.895265e-06	
76	6.928000e-04	-9.68963e-04	4.936793e-06	
77	7.028000e-04	-9.67440e-04	4.955821e-06	
78	7.128000e-04	-9.66258e-04	4.967153e-06	
79	7.228000e-04	-9.65419e-04	4.956223e-06	
80	7.328000e-04	-9.64920e-04	4.937334e-06	
81	7.428000e-04	-9.64764e-04	4.896419e-06	
82	7.528000e-04	-9.64949e-04	4.847250e-06	
83	7.628000e-04	-9.65478e-04	4.776294e-06	
84	7.728000e-04	-9.66348e-04	4.696766e-06	
85	7.828000e-04	-9.67562e-04	4.595704e-06	
86	7.928000e-04	-9.69120e-04	4.485750e-06	
87	8.028000e-04	-9.71023e-04	4.354551e-06	
88	8.128000e-04	-9.73270e-04	4.214165e-06	
89	8.228000e-04	-9.75865e-04	4.052889e-06	
90	8.328000e-04	-9.78805e-04	3.882197e-06	
91	8.428000e-04	-9.82093e-04	3.691073e-06	
92	8.528000e-04	-9.85725e-04	3.490416e-06	
93	8.628000e-04	-9.89704e-04	3.269935e-06	
94	8.728000e-04	-9.94025e-04	3.039975e-06	
95	8.828000e-04	-9.98687e-04	2.791001e-06	
96	8.928000e-04	-1.00369e-03	2.532836e-06	
97	9.028000e-04	-1.00902e-03	2.256730e-06	
98	9.128000e-04	-1.01468e-03	1.972019e-06	
99	9.228000e-04	-1.02065e-03	1.670762e-06	
100	9.328000e-04	-1.02694e-03	1.361854e-06	
101	9.428000e-04	-1.03352e-03	1.038178e-06	
102	9.528000e-04	-1.04038e-03	7.082297e-07	
103	9.628000e-04	-1.04751e-03	3.657218e-07	
104	9.728000e-04	-1.05489e-03	1.879591e-08	
105	9.828000e-04	-1.06250e-03	-3.38017e-07	
106	9.928000e-04	-1.07031e-03	-6.96891e-07	
107	1.002800e-03	-1.07830e-03	-1.06250e-06	
108	1.012800e-03	-1.08644e-03	-1.42732e-06	
109	1.022800e-03	-1.09469e-03	-1.79527e-06	
110	1.032800e-03	-1.10302e-03	-2.15910e-06	
111	1.042800e-03	-1.11139e-03	-2.52207e-06	
112	1.052800e-03	-1.11977e-03	-2.87719e-06	

Index   time            v1#branch       v2#branch       
--------------------------------------------------------------------------------
113	1.062800e-03	-1.12810e-03	-3.22715e-06	
114	1.072800e-03	-1.13635e-03	-3.56528e-06	
115	1.082800e-03	-1.14447e-03	-3.89377e-06	
116	1.092800e-03	-1.15241e-03	-4.20632e-06	
117	1.102800e-03	-1.16012e-03	-4.50478e-06	
118	1.112800e-03	-1.16755e-03	-4.78323e-06	
119	1.122800e-03	-1.17466e-03	-5.04335e-06	
120	1.132800e-03	-1.18140e-03	-5.27969e-06	
121	1.142800e-03	-1.18772e-03	-5.49384e-06	
122	1.152800e-03	-1.19356e-03	-5.68092e-06	
123	1.162800e-03	-1.19891e-03	-5.84258e-06	
124	1.172800e-03	-1.20370e-03	-5.97454e-06	
125	1.182800e-03	-1.20791e-03	-6.07866e-06	
126	1.192800e-03	-1.21150e-03	-6.15129e-06	
127	1.202800e-03	-1.21444e-03	-6.19456e-06	
128	1.212800e-03	-1.21672e-03	-6.20552e-06	
129	1.222800e-03	-1.21831e-03	-6.18662e-06	
130	1.232800e-03	-1.21921e-03	-6.13560e-06	
131	1.242800e-03	-1.21940e-03	-6.05526e-06	
132	1.252800e-03	-1.21888e-03	-5.94397e-06	
133	1.262800e-03	-1.21766e-03	-5.80490e-06	
134	1.272800e-03	-1.21575e-03	-5.63700e-06	
135	1.282800e-03	-1.21317e-03	-5.44373e-06	
136	1.292800e-03	-1.20993e-03	-5.22453e-06	
137	1.302800e-03	-1.20607e-03	-4.98314e-06	
138	1.312800e-03	-1.20160e-03	-4.71936e-06	
139	1.322800e-03	-1.19658e-03	-4.43709e-06	
140	1.332800e-03	-1.19103e-03	-4.13643e-06	
141	1.342800e-03	-1.18500e-03	-3.82133e-06	
142	1.352800e-03	-1.17853e-03	-3.49206e-06	
143	1.362800e-03	-1.17167e-03	-3.15255e-06	
144	1.372800e-03	-1.16446e-03	-2.80313e-06	
145	1.382800e-03	-1.15695e-03	-2.44763e-06	
146	1.392800e-03	-1.14919e-03	-2.08634e-06	
147	1.402800e-03	-1.14123e-03	-1.72293e-06	
148	1.412800e-03	-1.13311e-03	-1.35758e-06	
149	1.422800e-03	-1.12488e-03	-9.93739e-07	
150	1.432800e-03	-1.11659e-03	-6.31423e-07	
151	1.442800e-03	-1.10827e-03	-2.73841e-07	
152	1.452800e-03	-1.09997e-03	7.919556e-08	
153	1.462800e-03	-1.09173e-03	4.247403e-07	
154	1.472800e-03	-1.08358e-03	7.631912e-07	
155	1.482800e-03	-1.07555e-03	1.091865e-06	
156	1.492800e-03	-1.06767e-03	1.411367e-06	
157	1.502800e-03	-1.05998e-03	1.719265e-06	
158	1.512800e-03	-1.05250e-03	2.016359e-06	
159	1.522800e-03	-1.04524e-03	2.300444e-06	
160	1.532800e-03	-1.03823e-03	2.572489e-06	
161	1.542800e-03	-1.03149e-03	2.830491e-06	
162	1.552800e-03	-1.02502e-03	3.075562e-06	
163	1.562800e-03	-1.01885e-03	3.305868e-06	
164	1.572800e-03	-1.01299e-03	3.522631e-06	
165	1.582800e-03	-1.00743e-03	3.724160e-06	
166	1.592800e-03	-1.00220e-03	3.911754e-06	
167	1.602800e-03	-9.97297e-04	4.083837e-06	
168	1.612800e-03	-9.92723e-04	4.241757e-06	
169	1.622800e-03	-9.88483e-04	4.384026e-06	
170	1.632800e-03	-9.84581e-04	4.512017e-06	

Index   time            v1#branch       v2#branch       
--------------------------------------------------------------------------------
171	1.642800e-03	-9.81018e-04	4.624308e-06	
172	1.652800e-03	-9.77795e-04	4.722273e-06	
173	1.662800e-03	-9.74913e-04	4.804543e-06	
174	1.672800e-03	-9.72372e-04	4.872472e-06	
175	1.682800e-03	-9.70173e-04	4.924734e-06	
176	1.692800e-03	-9.68315e-04	4.962647e-06	
177	1.702800e-03	-9.66798e-04	4.984921e-06	
178	1.712800e-03	-9.65621e-04	4.992829e-06	
179	1.722800e-03	-9.64786e-04	4.985114e-06	
180	1.732800e-03	-9.64291e-04	4.962997e-06	
181	1.742800e-03	-9.64137e-04	4.925257e-06	
182	1.752800e-03	-9.64324e-04	4.873062e-06	
183	1.762800e-03	-9.64852e-04	4.805232e-06	
184	1.772800e-03	-9.65721e-04	4.722885e-06	
185	1.782800e-03	-9.66934e-04	4.624893e-06	
186	1.792800e-03	-9.68489e-04	4.512332e-06	
187	1.802800e-03	-9.70388e-04	4.384138e-06	
188	1.812800e-03	-9.72632e-04	4.241360e-06	
189	1.822800e-03	-9.75221e-04	4.083020e-06	
190	1.832800e-03	-9.78155e-04	3.910153e-06	
191	1.842800e-03	-9.81435e-04	3.721888e-06	
192	1.852800e-03	-9.85060e-04	3.519272e-06	
193	1.862800e-03	-9.89029e-04	3.301569e-06	
194	1.872800e-03	-9.93340e-04	3.069865e-06	
195	1.882800e-03	-9.97992e-04	2.823584e-06	
196	1.892800e-03	-1.00298e-03	2.563882e-06	
197	1.902800e-03	-1.00830e-03	2.290379e-06	
198	1.912800e-03	-1.01394e-03	2.004330e-06	
199	1.922800e-03	-1.01991e-03	1.705583e-06	
200	1.932800e-03	-1.02618e-03	1.395525e-06	
201	1.942800e-03	-1.03274e-03	1.074259e-06	
202	1.952800e-03	-1.03959e-03	7.433341e-07	
203	1.962800e-03	-1.04671e-03	4.031309e-07	
204	1.972800e-03	-1.05407e-03	5.538276e-08	
205	1.982800e-03	-1.06166e-03	-2.99238e-07	
206	1.992800e-03	-1.06946e-03	-6.58801e-07	
207	2.002800e-03	-1.07743e-03	-1.02234e-06	
208	2.012800e-03	-1.08555e-03	-1.38774e-06	
209	2.022800e-03	-1.09378e-03	-1.75375e-06	
210	2.032800e-03	-1.10210e-03	-2.11807e-06	
211	2.042800e-03	-1.11045e-03	-2.47923e-06	
212	2.052800e-03	-1.11881e-03	-2.83480e-06	
213	2.062800e-03	-1.12713e-03	-3.18311e-06	
214	2.072800e-03	-1.13536e-03	-3.52164e-06	
215	2.082800e-03	-1.14346e-03	-3.84864e-06	
216	2.092800e-03	-1.15139e-03	-4.16160e-06	
217	2.102800e-03	-1.15909e-03	-4.45873e-06	
218	2.112800e-03	-1.16651e-03	-4.73763e-06	
219	2.122800e-03	-1.17361e-03	-4.99659e-06	
220	2.132800e-03	-1.18033e-03	-5.23342e-06	
221	2.142800e-03	-1.18664e-03	-5.44660e-06	
222	2.152800e-03	-1.19248e-03	-5.63423e-06	
223	2.162800e-03	-1.19781e-03	-5.79511e-06	
224	2.172800e-03	-1.20260e-03	-5.92771e-06	
225	2.182800e-03	-1.20681e-03	-6.03122e-06	
226	2.192800e-03	-1.21039e-03	-6.10458e-06	
227	2.202800e-03	-1.21334e-03	-6.14743e-06	
228	2.212800e-03	-1.21562e-03	-6.15921e-06	

Index   time            v1#branch       v2#branch       
--------------------------------------------------------------------------------
229	2.222800e-03	-1.21721e-03	-6.14006e-06	
230	2.232800e-03	-1.21811e-03	-6.08995e-06	
231	2.242800e-03	-1.21831e-03	-6.00952e-06	
232	2.252800e-03	-1.21780e-03	-5.89924e-06	
233	2.262800e-03	-1.21659e-03	-5.76022e-06	
234	2.272800e-03	-1.21469e-03	-5.59340e-06	
235	2.282800e-03	-1.21212e-03	-5.40030e-06	
236	2.292800e-03	-1.20889e-03	-5.18227e-06	
237	2.302800e-03	-1.20504e-03	-4.94115e-06	
238	2.312800e-03	-1.20059e-03	-4.67859e-06	
239	2.322800e-03	-1.19559e-03	-4.39668e-06	
240	2.332800e-03	-1.19005e-03	-4.09727e-06	
241	2.342800e-03	-1.18404e-03	-3.78259e-06	
242	2.352800e-03	-1.17759e-03	-3.45459e-06	
243	2.362800e-03	-1.17075e-03	-3.11554e-06	
244	2.372800e-03	-1.16356e-03	-2.76740e-06	
245	2.382800e-03	-1.15607e-03	-2.41238e-06	
246	2.392800e-03	-1.14833e-03	-2.05236e-06	
247	2.402800e-03	-1.14039e-03	-1.68944e-06	
248	2.412800e-03	-1.13229e-03	-1.32534e-06	
249	2.422800e-03	-1.12408e-03	-9.61978e-07	
250	2.432800e-03	-1.11581e-03	-6.00880e-07	
251	2.442800e-03	-1.10751e-03	-2.43749e-07	
252	2.452800e-03	-1.09924e-03	1.081132e-07	
253	2.462800e-03	-1.09101e-03	4.532417e-07	
254	2.472800e-03	-1.08288e-03	7.905688e-07	
255	2.482800e-03	-1.07487e-03	1.118869e-06	
256	2.492800e-03	-1.06701e-03	1.437305e-06	
257	2.502800e-03	-1.05934e-03	1.744878e-06	
258	2.512800e-03	-1.05187e-03	2.040967e-06	
259	2.522800e-03	-1.04463e-03	2.324780e-06	
260	2.532800e-03	-1.03764e-03	2.595885e-06	
261	2.542800e-03	-1.03091e-03	2.853671e-06	
262	2.552800e-03	-1.02446e-03	3.097867e-06	
263	2.562800e-03	-1.01831e-03	3.328013e-06	
264	2.572800e-03	-1.01245e-03	3.543969e-06	
265	2.582800e-03	-1.00691e-03	3.745393e-06	
266	2.592800e-03	-1.00169e-03	3.932248e-06	
267	2.602800e-03	-9.96800e-04	4.104281e-06	
268	2.612800e-03	-9.92236e-04	4.261528e-06	
269	2.622800e-03	-9.88006e-04	4.403802e-06	
270	2.632800e-03	-9.84113e-04	4.531185e-06	
271	2.642800e-03	-9.80558e-04	4.643534e-06	
272	2.652800e-03	-9.77343e-04	4.740956e-06	
273	2.662800e-03	-9.74468e-04	4.823334e-06	
274	2.672800e-03	-9.71933e-04	4.890785e-06	
275	2.682800e-03	-9.69740e-04	4.943202e-06	
276	2.692800e-03	-9.67886e-04	4.980702e-06	
277	2.702800e-03	-9.66373e-04	5.003177e-06	
278	2.712800e-03	-9.65201e-04	5.010735e-06	
279	2.722800e-03	-9.64368e-04	5.003265e-06	
280	2.732800e-03	-9.63875e-04	4.980861e-06	
281	2.742800e-03	-9.63722e-04	4.943408e-06	
282	2.752800e-03	-9.63910e-04	4.890989e-06	
283	2.762800e-03	-9.64438e-04	4.823486e-06	
284	2.772800e-03	-9.65307e-04	4.740978e-06	
285	2.782800e-03	-9.66518e-04	4.643352e-06	
286	2.792800e-03	-9.68072e-04	4.530691e-06	

Index   time            v1#branch       v2#branch       
--------------------------------------------------------------------------------
287	2.802800e-03	-9.69969e-04	4.402901e-06	
288	2.812800e-03	-9.72210e-04	4.260084e-06	
289	2.822800e-03	-9.74795e-04	4.102184e-06	
290	2.832800e-03	-9.77725e-04	3.929337e-06	
291	2.842800e-03	-9.81000e-04	3.741546e-06	
292	2.852800e-03	-9.84620e-04	3.539010e-06	
293	2.862800e-03	-9.88583e-04	3.321813e-06	
294	2.872800e-03	-9.92888e-04	3.090243e-06	
295	2.882800e-03	-9.97533e-04	2.844497e-06	
296	2.892800e-03	-1.00251e-03	2.584982e-06	
297	2.902800e-03	-1.00783e-03	2.312039e-06	
298	2.912800e-03	-1.01346e-03	2.026226e-06	
299	2.922800e-03	-1.01941e-03	1.728060e-06	
300	2.932800e-03	-1.02568e-03	1.418280e-06	
301	2.942800e-03	-1.03223e-03	1.097609e-06	
302	2.952800e-03	-1.03907e-03	7.669970e-07	
303	2.962800e-03	-1.04618e-03	4.273971e-07	
304	2.972800e-03	-1.05353e-03	7.998871e-08	
305	2.982800e-03	-1.06111e-03	-2.74029e-07	
306	2.992800e-03	-1.06889e-03	-6.33235e-07	
307	3.002800e-03	-1.07685e-03	-9.96184e-07	
308	3.012800e-03	-1.08496e-03	-1.36122e-06	
309	3.022800e-03	-1.09318e-03	-1.72665e-06	
310	3.032800e-03	-1.10149e-03	-2.09063e-06	
311	3.042800e-03	-1.10983e-03	-2.45125e-06	
312	3.052800e-03	-1.11818e-03	-2.80648e-06	
313	3.062800e-03	-1.12648e-03	-3.15429e-06	
314	3.072800e-03	-1.13471e-03	-3.49253e-06	
315	3.082800e-03	-1.14280e-03	-3.81909e-06	
316	3.092800e-03	-1.15072e-03	-4.13179e-06	
317	3.102800e-03	-1.15840e-03	-4.42855e-06	
318	3.112800e-03	-1.16582e-03	-4.70725e-06	
319	3.122800e-03	-1.17291e-03	-4.96592e-06	
320	3.132800e-03	-1.17963e-03	-5.20262e-06	
321	3.142800e-03	-1.18593e-03	-5.41559e-06	
322	3.152800e-03	-1.19176e-03	-5.60317e-06	
323	3.162800e-03	-1.19709e-03	-5.76393e-06	
324	3.172800e-03	-1.20188e-03	-5.89656e-06	
325	3.182800e-03	-1.20608e-03	-6.00004e-06	
326	3.192800e-03	-1.20967e-03	-6.07352e-06	
327	3.202800e-03	-1.21261e-03	-6.11644e-06	
328	3.212800e-03	-1.21489e-03	-6.12843e-06	
329	3.222800e-03	-1.21649e-03	-6.10944e-06	
330	3.232800e-03	-1.21739e-03	-6.05962e-06	
331	3.242800e-03	-1.21758e-03	-5.97943e-06	
332	3.252800e-03	-1.21708e-03	-5.86952e-06	
333	3.262800e-03	-1.21588e-03	-5.73082e-06	
334	3.272800e-03	-1.21398e-03	-5.56444e-06	
335	3.282800e-03	-1.21142e-03	-5.37173e-06	
336	3.292800e-03	-1.20820e-03	-5.15419e-06	
337	3.302800e-03	-1.20436e-03	-4.91352e-06	
338	3.312800e-03	-1.19993e-03	-4.65150e-06	
339	3.322800e-03	-1.19493e-03	-4.37008e-06	
340	3.332800e-03	-1.18941e-03	-4.07125e-06	
341	3.342800e-03	-1.18341e-03	-3.75709e-06	
342	3.352800e-03	-1.17697e-03	-3.42969e-06	
343	3.362800e-03	-1.17014e-03	-3.09118e-06	
344	3.372800e-03	-1.16296e-03	-2.74366e-06	

Index   time            v1#branch       v2#branch       
--------------------------------------------------------------------------------
345	3.382800e-03	-1.15548e-03	-2.38919e-06	
346	3.392800e-03	-1.14776e-03	-2.02978e-06	
347	3.402800e-03	-1.13983e-03	-1.66741e-06	
348	3.412800e-03	-1.13175e-03	-1.30391e-06	
349	3.422800e-03	-1.12355e-03	-9.41082e-07	
350	3.432800e-03	-1.11530e-03	-5.80573e-07	
351	3.442800e-03	-1.10701e-03	-2.23954e-07	
352	3.452800e-03	-1.09875e-03	1.273439e-07	
353	3.462800e-03	-1.09054e-03	4.719863e-07	
354	3.472800e-03	-1.08242e-03	8.087798e-07	
355	3.482800e-03	-1.07442e-03	1.136625e-06	
356	3.492800e-03	-1.06658e-03	1.454562e-06	
357	3.502800e-03	-1.05891e-03	1.761717e-06	
358	3.512800e-03	-1.05146e-03	2.057344e-06	
359	3.522800e-03	-1.04423e-03	2.340776e-06	
360	3.532800e-03	-1.03725e-03	2.611459e-06	
361	3.542800e-03	-1.03053e-03	2.868903e-06	
362	3.552800e-03	-1.02409e-03	3.112719e-06	
363	3.562800e-03	-1.01794e-03	3.342563e-06	
364	3.572800e-03	-1.01210e-03	3.558179e-06	
365	3.582800e-03	-1.00657e-03	3.759343e-06	
366	3.592800e-03	-1.00136e-03	3.945898e-06	
367	3.602800e-03	-9.96471e-04	4.117711e-06	
368	3.612800e-03	-9.91914e-04	4.274700e-06	
369	3.622800e-03	-9.87691e-04	4.416791e-06	
370	3.632800e-03	-9.83804e-04	4.543957e-06	
371	3.642800e-03	-9.80254e-04	4.656161e-06	
372	3.652800e-03	-9.77044e-04	4.753405e-06	
373	3.662800e-03	-9.74173e-04	4.835676e-06	
374	3.672800e-03	-9.71643e-04	4.902987e-06	
375	3.682800e-03	-9.69453e-04	4.955334e-06	
376	3.692800e-03	-9.67603e-04	4.992731e-06	
377	3.702800e-03	-9.66092e-04	5.015171e-06	
378	3.712800e-03	-9.64922e-04	5.022663e-06	
379	3.722800e-03	-9.64091e-04	5.015192e-06	
380	3.732800e-03	-9.63600e-04	4.992758e-06	
381	3.742800e-03	-9.63448e-04	4.955339e-06	
382	3.752800e-03	-9.63636e-04	4.902925e-06	
383	3.762800e-03	-9.64164e-04	4.835489e-06	
384	3.772800e-03	-9.65033e-04	4.753020e-06	
385	3.782800e-03	-9.66244e-04	4.655494e-06	
386	3.792800e-03	-9.67796e-04	4.542906e-06	
387	3.802800e-03	-9.69691e-04	4.415248e-06	
388	3.812800e-03	-9.71930e-04	4.272538e-06	
389	3.822800e-03	-9.74513e-04	4.114799e-06	
390	3.832800e-03	-9.77440e-04	3.942092e-06	
391	3.842800e-03	-9.80712e-04	3.754493e-06	
392	3.852800e-03	-9.84328e-04	3.552127e-06	
393	3.862800e-03	-9.88288e-04	3.335151e-06	
394	3.872800e-03	-9.92589e-04	3.103781e-06	
395	3.882800e-03	-9.97229e-04	2.858282e-06	
396	3.892800e-03	-1.00220e-03	2.598994e-06	
397	3.902800e-03	-1.00751e-03	2.326322e-06	
398	3.912800e-03	-1.01314e-03	2.040761e-06	
399	3.922800e-03	-1.01909e-03	1.742886e-06	
400	3.932800e-03	-1.02534e-03	1.433379e-06	
401	3.942800e-03	-1.03189e-03	1.113017e-06	
402	3.952800e-03	-1.03873e-03	7.826950e-07	

Index   time            v1#branch       v2#branch       
--------------------------------------------------------------------------------
403	3.962800e-03	-1.04583e-03	4.434152e-07	
404	3.972800e-03	-1.05317e-03	9.630793e-08	
405	3.982800e-03	-1.06074e-03	-2.57383e-07	
406	3.992800e-03	-1.06852e-03	-6.16284e-07	
407	4.002800e-03	-1.07647e-03	-9.78907e-07	
408	4.012800e-03	-1.08457e-03	-1.34364e-06	
409	4.022800e-03	-1.09279e-03	-1.70876e-06	
410	4.032800e-03	-1.10108e-03	-2.07243e-06	
411	4.042800e-03	-1.10942e-03	-2.43275e-06	
412	4.052800e-03	-1.11776e-03	-2.78771e-06	
413	4.062800e-03	-1.12606e-03	-3.13524e-06	
414	4.072800e-03	-1.13427e-03	-3.47323e-06	
415	4.082800e-03	-1.14236e-03	-3.79955e-06	
416	4.092800e-03	-1.15027e-03	-4.11204e-06	
417	4.102800e-03	-1.15795e-03	-4.40859e-06	
418	4.112800e-03	-1.16536e-03	-4.68712e-06	
419	4.122800e-03	-1.17244e-03	-4.94563e-06	
420	4.132800e-03	-1.17916e-03	-5.18221e-06	
421	4.142800e-03	-1.18545e-03	-5.39508e-06	
422	4.152800e-03	-1.19129e-03	-5.58259e-06	
423	4.162800e-03	-1.19661e-03	-5.74330e-06	
424	4.172800e-03	-1.20140e-03	-5.87593e-06	
425	4.182800e-03	-1.20560e-03	-5.97942e-06	
426	4.192800e-03	-1.20918e-03	-6.05295e-06	
427	4.202800e-03	-1.21213e-03	-6.09594e-06	
428	4.212800e-03	-1.21441e-03	-6.10804e-06	
429	4.222800e-03	-1.21600e-03	-6.08918e-06	
430	4.232800e-03	-1.21691e-03	-6.03953e-06	
431	4.242800e-03	-1.21711e-03	-5.95953e-06	
432	4.252800e-03	-1.21660e-03	-5.84984e-06	
433	4.262800e-03	-1.21540e-03	-5.71137e-06	
434	4.272800e-03	-1.21352e-03	-5.54526e-06	
435	4.282800e-03	-1.21096e-03	-5.35283e-06	
436	4.292800e-03	-1.20775e-03	-5.13559e-06	
437	4.302800e-03	-1.20391e-03	-4.89523e-06	
438	4.312800e-03	-1.19948e-03	-4.63355e-06	
439	4.322800e-03	-1.19449e-03	-4.35248e-06	
440	4.332800e-03	-1.18898e-03	-4.05401e-06	
441	4.342800e-03	-1.18299e-03	-3.74022e-06	
442	4.352800e-03	-1.17656e-03	-3.41320e-06	
443	4.362800e-03	-1.16973e-03	-3.07507e-06	
444	4.372800e-03	-1.16256e-03	-2.72793e-06	
445	4.382800e-03	-1.15510e-03	-2.37384e-06	
446	4.392800e-03	-1.14738e-03	-2.01482e-06	
447	4.402800e-03	-1.13946e-03	-1.65283e-06	
448	4.412800e-03	-1.13139e-03	-1.28971e-06	
449	4.422800e-03	-1.12320e-03	-9.27256e-07	
450	4.432800e-03	-1.11495e-03	-5.67118e-07	
451	4.442800e-03	-1.10668e-03	-2.10857e-07	
452	4.452800e-03	-1.09843e-03	1.400863e-07	
453	4.462800e-03	-1.09022e-03	4.843888e-07	
454	4.472800e-03	-1.08211e-03	8.208473e-07	
455	4.482800e-03	-1.07412e-03	1.148374e-06	
456	4.492800e-03	-1.06629e-03	1.465999e-06	
457	4.502800e-03	-1.05863e-03	1.772858e-06	
458	4.512800e-03	-1.05118e-03	2.068198e-06	
459	4.522800e-03	-1.04396e-03	2.351360e-06	
460	4.532800e-03	-1.03699e-03	2.621781e-06	

Index   time            v1#branch       v2#branch       
--------------------------------------------------------------------------------
461	4.542800e-03	-1.03028e-03	2.878982e-06	
462	4.552800e-03	-1.02384e-03	3.122562e-06	
463	4.562800e-03	-1.01770e-03	3.352190e-06	
464	4.572800e-03	-1.01187e-03	3.567598e-06	
465	4.582800e-03	-1.00634e-03	3.768572e-06	
466	4.592800e-03	-1.00113e-03	3.954946e-06	
467	4.602800e-03	-9.96253e-04	4.126596e-06	
468	4.612800e-03	-9.91701e-04	4.283430e-06	
469	4.622800e-03	-9.87482e-04	4.425386e-06	
470	4.632800e-03	-9.83598e-04	4.552422e-06	
471	4.642800e-03	-9.80053e-04	4.664516e-06	
472	4.652800e-03	-9.76846e-04	4.761657e-06	
473	4.662800e-03	-9.73978e-04	4.843842e-06	
474	4.672800e-03	-9.71450e-04	4.911076e-06	
475	4.682800e-03	-9.69263e-04	4.963361e-06	
476	4.692800e-03	-9.67415e-04	5.000704e-06	
477	4.702800e-03	-9.65906e-04	5.023107e-06	
478	4.712800e-03	-9.64737e-04	5.030569e-06	
479	4.722800e-03	-9.63907e-04	5.023085e-06	
480	4.732800e-03	-9.63417e-04	5.000645e-06	
481	4.742800e-03	-9.63266e-04	4.963234e-06	
482	4.752800e-03	-9.63454e-04	4.910837e-06	
483	4.762800e-03	-9.63983e-04	4.843432e-06	
484	4.772800e-03	-9.64851e-04	4.761002e-06	
485	4.782800e-03	-9.66061e-04	4.663529e-06	
486	4.792800e-03	-9.67613e-04	4.551002e-06	
487	4.802800e-03	-9.69507e-04	4.423419e-06	
488	4.812800e-03	-9.71745e-04	4.280792e-06	
489	4.822800e-03	-9.74326e-04	4.123149e-06	
490	4.832800e-03	-9.77251e-04	3.950546e-06	
491	4.842800e-03	-9.80521e-04	3.763063e-06	
492	4.852800e-03	-9.84135e-04	3.560821e-06	
493	4.862800e-03	-9.88092e-04	3.343980e-06	
494	4.872800e-03	-9.92390e-04	3.112752e-06	
495	4.882800e-03	-9.97027e-04	2.867407e-06	
496	4.892800e-03	-1.00200e-03	2.608280e-06	
497	4.902800e-03	-1.00730e-03	2.335778e-06	
498	4.912800e-03	-1.01293e-03	2.050393e-06	
499	4.922800e-03	-1.01887e-03	1.752703e-06	
500	4.932800e-03	-1.02512e-03	1.443385e-06	
501	4.942800e-03	-1.03167e-03	1.123219e-06	
502	4.952800e-03	-1.03850e-03	7.930966e-07	
503	4.962800e-03	-1.04559e-03	4.540219e-07	
504	4.972800e-03	-1.05293e-03	1.071207e-07	
505	4.982800e-03	-1.06050e-03	-2.46361e-07	
506	4.992800e-03	-1.06827e-03	-6.05053e-07	
507	5.002800e-03	-1.07622e-03	-9.67465e-07	
508	5.012800e-03	-1.08431e-03	-1.33199e-06	
509	5.022800e-03	-1.09252e-03	-1.69690e-06	
510	5.032800e-03	-1.10081e-03	-2.06038e-06	
511	5.042800e-03	-1.10915e-03	-2.42051e-06	
512	5.052800e-03	-1.11748e-03	-2.77528e-06	
513	5.062800e-03	-1.12578e-03	-3.12263e-06	
514	5.072800e-03	-1.13399e-03	-3.46045e-06	
515	5.082800e-03	-1.14207e-03	-3.78661e-06	
516	5.092800e-03	-1.14997e-03	-4.09895e-06	
517	5.102800e-03	-1.15765e-03	-4.39537e-06	
518	5.112800e-03	-1.16506e-03	-4.67379e-06	

Index   time            v1#branch       v2#branch       
--------------------------------------------------------------------------------
519	5.122800e-03	-1.17214e-03	-4.93220e-06	
520	5.132800e-03	-1.17885e-03	-5.16869e-06	
521	5.142800e-03	-1.18514e-03	-5.38149e-06	
522	5.152800e-03	-1.19097e-03	-5.56896e-06	
523	5.162800e-03	-1.19630e-03	-5.72964e-06	
524	5.172800e-03	-1.20108e-03	-5.86226e-06	
525	5.182800e-03	-1.20528e-03	-5.96576e-06	
526	5.192800e-03	-1.20886e-03	-6.03933e-06	
527	5.202800e-03	-1.21181e-03	-6.08236e-06	
528	5.212800e-03	-1.21409e-03	-6.09453e-06	
529	5.222800e-03	-1.21568e-03	-6.07576e-06	
530	5.232800e-03	-1.21659e-03	-6.02622e-06	
531	5.242800e-03	-1.21679e-03	-5.94634e-06	
532	5.252800e-03	-1.21629e-03	-5.83679e-06	
533	5.262800e-03	-1.21509e-03	-5.69848e-06	
534	5.272800e-03	-1.21321e-03	-5.53254e-06	
535	5.282800e-03	-1.21065e-03	-5.34030e-06	
536	5.292800e-03	-1.20745e-03	-5.12327e-06	
537	5.302800e-03	-1.20361e-03	-4.88312e-06	
538	5.312800e-03	-1.19919e-03	-4.62166e-06	
539	5.322800e-03	-1.19420e-03	-4.34082e-06	
540	5.332800e-03	-1.18870e-03	-4.04259e-06	
541	5.342800e-03	-1.18271e-03	-3.72904e-06	
542	5.352800e-03	-1.17628e-03	-3.40227e-06	
543	5.362800e-03	-1.16946e-03	-3.06439e-06	
544	5.372800e-03	-1.16230e-03	-2.71750e-06	
545	5.382800e-03	-1.15484e-03	-2.36367e-06	
546	5.392800e-03	-1.14713e-03	-2.00491e-06	
547	5.402800e-03	-1.13922e-03	-1.64317e-06	
548	5.412800e-03	-1.13115e-03	-1.28031e-06	
549	5.422800e-03	-1.12297e-03	-9.18095e-07	
550	5.432800e-03	-1.11473e-03	-5.58201e-07	
551	5.442800e-03	-1.10646e-03	-2.02179e-07	
552	5.452800e-03	-1.09821e-03	1.485314e-07	
553	5.462800e-03	-1.09001e-03	4.926071e-07	
554	5.472800e-03	-1.08191e-03	8.288451e-07	
555	5.482800e-03	-1.07393e-03	1.156159e-06	
556	5.492800e-03	-1.06610e-03	1.473578e-06	
557	5.502800e-03	-1.05845e-03	1.780241e-06	
558	5.512800e-03	-1.05100e-03	2.075391e-06	
559	5.522800e-03	-1.04379e-03	2.358373e-06	
560	5.532800e-03	-1.03681e-03	2.628623e-06	
561	5.542800e-03	-1.03011e-03	2.885661e-06	
562	5.552800e-03	-1.02368e-03	3.129087e-06	
563	5.562800e-03	-1.01755e-03	3.358570e-06	
564	5.572800e-03	-1.01171e-03	3.573841e-06	
565	5.582800e-03	-1.00619e-03	3.774688e-06	
566	5.592800e-03	-1.00099e-03	3.960944e-06	
567	5.602800e-03	-9.96108e-04	4.132484e-06	
568	5.612800e-03	-9.91559e-04	4.289218e-06	
569	5.622800e-03	-9.87343e-04	4.431081e-06	
570	5.632800e-03	-9.83462e-04	4.558034e-06	
571	5.642800e-03	-9.79919e-04	4.670053e-06	
572	5.652800e-03	-9.76714e-04	4.767127e-06	
573	5.662800e-03	-9.73848e-04	4.849254e-06	
574	5.672800e-03	-9.71322e-04	4.916437e-06	
575	5.682800e-03	-9.69136e-04	4.968681e-06	
576	5.692800e-03	-9.67290e-04	5.005990e-06	

Index   time            v1#branch       v2#branch       
--------------------------------------------------------------------------------
577	5.702800e-03	-9.65782e-04	5.028367e-06	
578	5.712800e-03	-9.64614e-04	5.035811e-06	
579	5.722800e-03	-9.63786e-04	5.028316e-06	
580	5.732800e-03	-9.63296e-04	5.005873e-06	
581	5.742800e-03	-9.63145e-04	4.968467e-06	
582	5.752800e-03	-9.63334e-04	4.916082e-06	
583	5.762800e-03	-9.63862e-04	4.848697e-06	
584	5.772800e-03	-9.64731e-04	4.766294e-06	
585	5.782800e-03	-9.65940e-04	4.668855e-06	
586	5.792800e-03	-9.67491e-04	4.556370e-06	
587	5.802800e-03	-9.69385e-04	4.428835e-06	
588	5.812800e-03	-9.71621e-04	4.286264e-06	
589	5.822800e-03	-9.74202e-04	4.128684e-06	
590	5.832800e-03	-9.77126e-04	3.956150e-06	
591	5.842800e-03	-9.80394e-04	3.768743e-06	
592	5.852800e-03	-9.84007e-04	3.566584e-06	
593	5.862800e-03	-9.87962e-04	3.349832e-06	
594	5.872800e-03	-9.92258e-04	3.118700e-06	
595	5.882800e-03	-9.96893e-04	2.873456e-06	
596	5.892800e-03	-1.00186e-03	2.614435e-06	
597	5.902800e-03	-1.00716e-03	2.342046e-06	
598	5.912800e-03	-1.01279e-03	2.056778e-06	
599	5.922800e-03	-1.01873e-03	1.759210e-06	
600	5.932800e-03	-1.02498e-03	1.450018e-06	
601	5.942800e-03	-1.03152e-03	1.129982e-06	
602	5.952800e-03	-1.03835e-03	7.999917e-07	
603	5.962800e-03	-1.04544e-03	4.610525e-07	
604	5.972800e-03	-1.05278e-03	1.142885e-07	
605	5.982800e-03	-1.06034e-03	-2.39054e-07	
606	5.992800e-03	-1.06811e-03	-5.97608e-07	
607	6.002800e-03	-1.07605e-03	-9.59881e-07	
608	6.012800e-03	-1.08414e-03	-1.32427e-06	
609	6.022800e-03	-1.09235e-03	-1.68905e-06	
610	6.032800e-03	-1.10064e-03	-2.05239e-06	
611	6.042800e-03	-1.10896e-03	-2.41239e-06	
612	6.052800e-03	-1.11730e-03	-2.76703e-06	
613	6.062800e-03	-1.12559e-03	-3.11427e-06	
614	6.072800e-03	-1.13380e-03	-3.45198e-06	
615	6.082800e-03	-1.14188e-03	-3.77803e-06	
616	6.092800e-03	-1.14978e-03	-4.09028e-06	
617	6.102800e-03	-1.15745e-03	-4.38661e-06	
618	6.112800e-03	-1.16485e-03	-4.66495e-06	
619	6.122800e-03	-1.17193e-03	-4.92329e-06	
620	6.132800e-03	-1.17864e-03	-5.15973e-06	
621	6.142800e-03	-1.18493e-03	-5.37249e-06	
622	6.152800e-03	-1.19076e-03	-5.55993e-06	
623	6.162800e-03	-1.19609e-03	-5.72058e-06	
624	6.172800e-03	-1.20087e-03	-5.85320e-06	
625	6.182800e-03	-1.20506e-03	-5.95671e-06	
626	6.192800e-03	-1.20865e-03	-6.03029e-06	
627	6.202800e-03	-1.21159e-03	-6.07336e-06	
628	6.212800e-03	-1.21387e-03	-6.08558e-06	
629	6.222800e-03	-1.21547e-03	-6.06687e-06	
630	6.232800e-03	-1.21638e-03	-6.01740e-06	
631	6.242800e-03	-1.21658e-03	-5.93760e-06	
632	6.252800e-03	-1.21608e-03	-5.82814e-06	
633	6.262800e-03	-1.21489e-03	-5.68994e-06	
634	6.272800e-03	-1.21300e-03	-5.52412e-06	

Index   time            v1#branch       v2#branch       
--------------------------------------------------------------------------------
635	6.282800e-03	-1.21045e-03	-5.33200e-06	
636	6.292800e-03	-1.20724e-03	-5.11510e-06	
637	6.302800e-03	-1.20342e-03	-4.87509e-06	
638	6.312800e-03	-1.19899e-03	-4.61378e-06	
639	6.322800e-03	-1.19401e-03	-4.33309e-06	
640	6.332800e-03	-1.18851e-03	-4.03501e-06	
641	6.342800e-03	-1.18252e-03	-3.72163e-06	
642	6.352800e-03	-1.17610e-03	-3.39502e-06	
643	6.362800e-03	-1.16929e-03	-3.05731e-06	
644	6.372800e-03	-1.16213e-03	-2.71059e-06	
645	6.382800e-03	-1.15467e-03	-2.35693e-06	
646	6.392800e-03	-1.14697e-03	-1.99834e-06	
647	6.402800e-03	-1.13906e-03	-1.63676e-06	
648	6.412800e-03	-1.13099e-03	-1.27407e-06	
649	6.422800e-03	-1.12282e-03	-9.12020e-07	
650	6.432800e-03	-1.11458e-03	-5.52288e-07	
651	6.442800e-03	-1.10631e-03	-1.96424e-07	
652	6.452800e-03	-1.09807e-03	1.541313e-07	
653	6.462800e-03	-1.08988e-03	4.980566e-07	
654	6.472800e-03	-1.08177e-03	8.341487e-07	
655	6.482800e-03	-1.07379e-03	1.161322e-06	
656	6.492800e-03	-1.06597e-03	1.478605e-06	
657	6.502800e-03	-1.05832e-03	1.785137e-06	
658	6.512800e-03	-1.05088e-03	2.080162e-06	
659	6.522800e-03	-1.04367e-03	2.363024e-06	
660	6.532800e-03	-1.03670e-03	2.633160e-06	
661	6.542800e-03	-1.03000e-03	2.890090e-06	
662	6.552800e-03	-1.02357e-03	3.133414e-06	
663	6.562800e-03	-1.01744e-03	3.362801e-06	
664	6.572800e-03	-1.01161e-03	3.577982e-06	
665	6.582800e-03	-1.00609e-03	3.778744e-06	
666	6.592800e-03	-1.00089e-03	3.964922e-06	
667	6.602800e-03	-9.96012e-04	4.136390e-06	
668	6.612800e-03	-9.91465e-04	4.293056e-06	
669	6.622800e-03	-9.87250e-04	4.434859e-06	
670	6.632800e-03	-9.83371e-04	4.561756e-06	
671	6.642800e-03	-9.79830e-04	4.673726e-06	
672	6.652800e-03	-9.76626e-04	4.770756e-06	
673	6.662800e-03	-9.73762e-04	4.852844e-06	
674	6.672800e-03	-9.71237e-04	4.919994e-06	
675	6.682800e-03	-9.69052e-04	4.972210e-06	
676	6.692800e-03	-9.67207e-04	5.009496e-06	
677	6.702800e-03	-9.65700e-04	5.031856e-06	
678	6.712800e-03	-9.64533e-04	5.039287e-06	
679	6.722800e-03	-9.63704e-04	5.031786e-06	
680	6.732800e-03	-9.63215e-04	5.009340e-06	
681	6.742800e-03	-9.63064e-04	4.971938e-06	
682	6.752800e-03	-9.63253e-04	4.919561e-06	
683	6.762800e-03	-9.63782e-04	4.852189e-06	
684	6.772800e-03	-9.64650e-04	4.769804e-06	
685	6.782800e-03	-9.65859e-04	4.672388e-06	
686	6.792800e-03	-9.67410e-04	4.559930e-06	
687	6.802800e-03	-9.69303e-04	4.432428e-06	
688	6.812800e-03	-9.71539e-04	4.289893e-06	
689	6.822800e-03	-9.74119e-04	4.132355e-06	
690	6.832800e-03	-9.77043e-04	3.959867e-06	
691	6.842800e-03	-9.80310e-04	3.772511e-06	
692	6.852800e-03	-9.83921e-04	3.570406e-06	

Index   time            v1#branch       v2#branch       
--------------------------------------------------------------------------------
693	6.862800e-03	-9.87875e-04	3.353713e-06	
694	6.872800e-03	-9.92170e-04	3.122644e-06	
695	6.882800e-03	-9.96804e-04	2.877468e-06	
696	6.892800e-03	-1.00177e-03	2.618518e-06	
697	6.902800e-03	-1.00707e-03	2.346203e-06	
698	6.912800e-03	-1.01269e-03	2.061012e-06	
699	6.922800e-03	-1.01863e-03	1.763525e-06	
700	6.932800e-03	-1.02488e-03	1.454417e-06	
701	6.942800e-03	-1.03142e-03	1.134467e-06	
702	6.952800e-03	-1.03824e-03	8.045650e-07	
703	6.962800e-03	-1.04533e-03	4.657156e-07	
704	6.972800e-03	-1.05267e-03	1.190426e-07	
705	6.982800e-03	-1.06023e-03	-2.34208e-07	
706	6.992800e-03	-1.06800e-03	-5.92669e-07	
707	7.002800e-03	-1.07594e-03	-9.54851e-07	
708	7.012800e-03	-1.08403e-03	-1.31915e-06	
709	7.022800e-03	-1.09223e-03	-1.68384e-06	
710	7.032800e-03	-1.10052e-03	-2.04709e-06	
711	7.042800e-03	-1.10884e-03	-2.40700e-06	
712	7.052800e-03	-1.11717e-03	-2.76157e-06	
713	7.062800e-03	-1.12546e-03	-3.10872e-06	
714	7.072800e-03	-1.13367e-03	-3.44636e-06	
715	7.082800e-03	-1.14175e-03	-3.77234e-06	
716	7.092800e-03	-1.14965e-03	-4.08453e-06	
717	7.102800e-03	-1.15732e-03	-4.38080e-06	
718	7.112800e-03	-1.16472e-03	-4.65909e-06	
719	7.122800e-03	-1.17180e-03	-4.91738e-06	
720	7.132800e-03	-1.17851e-03	-5.15379e-06	
721	7.142800e-03	-1.18480e-03	-5.36651e-06	
722	7.152800e-03	-1.19062e-03	-5.55393e-06	
723	7.162800e-03	-1.19595e-03	-5.71458e-06	
724	7.172800e-03	-1.20073e-03	-5.84719e-06	
725	7.182800e-03	-1.20492e-03	-5.95070e-06	
726	7.192800e-03	-1.20851e-03	-6.02430e-06	
727	7.202800e-03	-1.21145e-03	-6.06739e-06	
728	7.212800e-03	-1.21373e-03	-6.07964e-06	
729	7.222800e-03	-1.21533e-03	-6.06096e-06	
730	7.232800e-03	-1.21624e-03	-6.01154e-06	
731	7.242800e-03	-1.21644e-03	-5.93180e-06	
732	7.252800e-03	-1.21594e-03	-5.82241e-06	
733	7.262800e-03	-1.21475e-03	-5.68428e-06	
734	7.272800e-03	-1.21287e-03	-5.51853e-06	
735	7.282800e-03	-1.21031e-03	-5.32649e-06	
736	7.292800e-03	-1.20711e-03	-5.10968e-06	
737	7.302800e-03	-1.20328e-03	-4.86976e-06	
738	7.312800e-03	-1.19886e-03	-4.60855e-06	
739	7.322800e-03	-1.19388e-03	-4.32796e-06	
740	7.332800e-03	-1.18838e-03	-4.02999e-06	
741	7.342800e-03	-1.18240e-03	-3.71671e-06	
742	7.352800e-03	-1.17598e-03	-3.39021e-06	
743	7.362800e-03	-1.16917e-03	-3.05261e-06	
744	7.372800e-03	-1.16201e-03	-2.70601e-06	
745	7.382800e-03	-1.15456e-03	-2.35246e-06	
746	7.392800e-03	-1.14685e-03	-1.99398e-06	
747	7.402800e-03	-1.13895e-03	-1.63251e-06	
748	7.412800e-03	-1.13089e-03	-1.26993e-06	
749	7.422800e-03	-1.12272e-03	-9.07990e-07	
750	7.432800e-03	-1.11448e-03	-5.48365e-07	

Index   time            v1#branch       v2#branch       
--------------------------------------------------------------------------------
751	7.442800e-03	-1.10622e-03	-1.92606e-07	
752	7.452800e-03	-1.09797e-03	1.578467e-07	
753	7.462800e-03	-1.08978e-03	5.016722e-07	
754	7.472800e-03	-1.08168e-03	8.376675e-07	
755	7.482800e-03	-1.07371e-03	1.164747e-06	
756	7.492800e-03	-1.06588e-03	1.481940e-06	
757	7.502800e-03	-1.05824e-03	1.788385e-06	
758	7.512800e-03	-1.05080e-03	2.083327e-06	
759	7.522800e-03	-1.04359e-03	2.366110e-06	
760	7.532800e-03	-1.03662e-03	2.636170e-06	
761	7.542800e-03	-1.02992e-03	2.893029e-06	
762	7.552800e-03	-1.02350e-03	3.136285e-06	
763	7.562800e-03	-1.01737e-03	3.365608e-06	
764	7.572800e-03	-1.01154e-03	3.580730e-06	
765	7.582800e-03	-1.00602e-03	3.781436e-06	
766	7.592800e-03	-1.00082e-03	3.967562e-06	
767	7.602800e-03	-9.95948e-04	4.138981e-06	
768	7.612800e-03	-9.91402e-04	4.295604e-06	
769	7.622800e-03	-9.87189e-04	4.437366e-06	
770	7.632800e-03	-9.83311e-04	4.564226e-06	
771	7.642800e-03	-9.79770e-04	4.676163e-06	
772	7.652800e-03	-9.76568e-04	4.773164e-06	
773	7.662800e-03	-9.73705e-04	4.855226e-06	
774	7.672800e-03	-9.71181e-04	4.922354e-06	
775	7.682800e-03	-9.68996e-04	4.974552e-06	
776	7.692800e-03	-9.67151e-04	5.011823e-06	
777	7.702800e-03	-9.65645e-04	5.034171e-06	
778	7.712800e-03	-9.64478e-04	5.041595e-06	
779	7.722800e-03	-9.63650e-04	5.034088e-06	
780	7.732800e-03	-9.63161e-04	5.011642e-06	
781	7.742800e-03	-9.63011e-04	4.974241e-06	
782	7.752800e-03	-9.63200e-04	4.921870e-06	
783	7.762800e-03	-9.63728e-04	4.854507e-06	
784	7.772800e-03	-9.64597e-04	4.772133e-06	
785	7.782800e-03	-9.65806e-04	4.674732e-06	
786	7.792800e-03	-9.67356e-04	4.562293e-06	
787	7.802800e-03	-9.69249e-04	4.434812e-06	
788	7.812800e-03	-9.71485e-04	4.292302e-06	
789	7.822800e-03	-9.74064e-04	4.134791e-06	
790	7.832800e-03	-9.76987e-04	3.962334e-06	
791	7.842800e-03	-9.80254e-04	3.775011e-06	
792	7.852800e-03	-9.83864e-04	3.572943e-06	
793	7.862800e-03	-9.87818e-04	3.356289e-06	
794	7.872800e-03	-9.92112e-04	3.125262e-06	
795	7.882800e-03	-9.96745e-04	2.880130e-06	
796	7.892800e-03	-1.00171e-03	2.621227e-06	
797	7.902800e-03	-1.00701e-03	2.348962e-06	
798	7.912800e-03	-1.01263e-03	2.063823e-06	
799	7.922800e-03	-1.01857e-03	1.766389e-06	
800	7.932800e-03	-1.02482e-03	1.457336e-06	
801	7.942800e-03	-1.03136e-03	1.137444e-06	
802	7.952800e-03	-1.03818e-03	8.075999e-07	
803	7.962800e-03	-1.04527e-03	4.688101e-07	
804	7.972800e-03	-1.05260e-03	1.221974e-07	
805	7.982800e-03	-1.06016e-03	-2.30993e-07	
806	7.992800e-03	-1.06793e-03	-5.89393e-07	
807	8.002800e-03	-1.07587e-03	-9.51513e-07	
808	8.012800e-03	-1.08395e-03	-1.31575e-06	

Index   time            v1#branch       v2#branch       
--------------------------------------------------------------------------------
809	8.022800e-03	-1.09216e-03	-1.68038e-06	
810	8.032800e-03	-1.10044e-03	-2.04358e-06	
811	8.042800e-03	-1.10876e-03	-2.40343e-06	
812	8.052800e-03	-1.11709e-03	-2.75794e-06	
813	8.062800e-03	-1.12538e-03	-3.10504e-06	
814	8.072800e-03	-1.13359e-03	-3.44263e-06	
815	8.082800e-03	-1.14166e-03	-3.76856e-06	
816	8.092800e-03	-1.14956e-03	-4.08071e-06	
817	8.102800e-03	-1.15723e-03	-4.37694e-06	
818	8.112800e-03	-1.16463e-03	-4.65520e-06	
819	8.122800e-03	-1.17171e-03	-4.91346e-06	
820	8.132800e-03	-1.17842e-03	-5.14984e-06	
821	8.142800e-03	-1.18470e-03	-5.36255e-06	
822	8.152800e-03	-1.19053e-03	-5.54995e-06	
823	8.162800e-03	-1.19585e-03	-5.71059e-06	
824	8.172800e-03	-1.20063e-03	-5.84320e-06	
825	8.182800e-03	-1.20483e-03	-5.94672e-06	
826	8.192800e-03	-1.20841e-03	-6.02032e-06	
827	8.202800e-03	-1.21136e-03	-6.06343e-06	
828	8.212800e-03	-1.21364e-03	-6.07570e-06	
829	8.222800e-03	-1.21524e-03	-6.05705e-06	
830	8.232800e-03	-1.21614e-03	-6.00766e-06	
831	8.242800e-03	-1.21635e-03	-5.92795e-06	
832	8.252800e-03	-1.21585e-03	-5.81860e-06	
833	8.262800e-03	-1.21466e-03	-5.68052e-06	
834	8.272800e-03	-1.21278e-03	-5.51482e-06	
835	8.282800e-03	-1.21022e-03	-5.32284e-06	
836	8.292800e-03	-1.20702e-03	-5.10608e-06	
837	8.302800e-03	-1.20320e-03	-4.86623e-06	
838	8.312800e-03	-1.19878e-03	-4.60508e-06	
839	8.322800e-03	-1.19380e-03	-4.32455e-06	
840	8.332800e-03	-1.18830e-03	-4.02666e-06	
841	8.342800e-03	-1.18232e-03	-3.71345e-06	
842	8.352800e-03	-1.17590e-03	-3.38702e-06	
843	8.362800e-03	-1.16909e-03	-3.04950e-06	
844	8.372800e-03	-1.16194e-03	-2.70296e-06	
845	8.382800e-03	-1.15448e-03	-2.34949e-06	
846	8.392800e-03	-1.14678e-03	-1.99108e-06	
847	8.402800e-03	-1.13888e-03	-1.62969e-06	
848	8.412800e-03	-1.13082e-03	-1.26718e-06	
849	8.422800e-03	-1.12265e-03	-9.05316e-07	
850	8.432800e-03	-1.11441e-03	-5.45761e-07	
851	8.442800e-03	-1.10615e-03	-1.90072e-07	
852	8.452800e-03	-1.09791e-03	1.603129e-07	
853	8.462800e-03	-1.08972e-03	5.040722e-07	
854	8.472800e-03	-1.08162e-03	8.400034e-07	
855	8.482800e-03	-1.07365e-03	1.167021e-06	
856	8.492800e-03	-1.06583e-03	1.484154e-06	
857	8.502800e-03	-1.05818e-03	1.790541e-06	
858	8.512800e-03	-1.05075e-03	2.085429e-06	
859	8.522800e-03	-1.04354e-03	2.368159e-06	
860	8.532800e-03	-1.03657e-03	2.638169e-06	
861	8.542800e-03	-1.02987e-03	2.894980e-06	
862	8.552800e-03	-1.02345e-03	3.138191e-06	
863	8.562800e-03	-1.01732e-03	3.367472e-06	
864	8.572800e-03	-1.01149e-03	3.582554e-06	
865	8.582800e-03	-1.00598e-03	3.783223e-06	
866	8.592800e-03	-1.00078e-03	3.969314e-06	

Index   time            v1#branch       v2#branch       
--------------------------------------------------------------------------------
867	8.602800e-03	-9.95905e-04	4.140702e-06	
868	8.612800e-03	-9.91360e-04	4.297295e-06	
869	8.622800e-03	-9.87147e-04	4.439030e-06	
870	8.632800e-03	-9.83270e-04	4.565867e-06	
871	8.642800e-03	-9.79730e-04	4.677781e-06	
872	8.652800e-03	-9.76529e-04	4.774763e-06	
873	8.662800e-03	-9.73666e-04	4.856808e-06	
874	8.672800e-03	-9.71143e-04	4.923922e-06	
875	8.682800e-03	-9.68959e-04	4.976107e-06	
876	8.692800e-03	-9.67114e-04	5.013368e-06	
877	8.702800e-03	-9.65608e-04	5.035709e-06	
878	8.712800e-03	-9.64442e-04	5.043127e-06	
879	8.722800e-03	-9.63614e-04	5.035618e-06	
880	8.732800e-03	-9.63125e-04	5.013170e-06	
881	8.742800e-03	-9.62975e-04	4.975771e-06	
882	8.752800e-03	-9.63164e-04	4.923403e-06	
883	8.762800e-03	-9.63692e-04	4.856046e-06	
884	8.772800e-03	-9.64561e-04	4.773680e-06	
885	8.782800e-03	-9.65770e-04	4.676290e-06	
886	8.792800e-03	-9.67320e-04	4.563862e-06	
887	8.802800e-03	-9.69213e-04	4.436396e-06	
888	8.812800e-03	-9.71448e-04	4.293902e-06	
889	8.822800e-03	-9.74027e-04	4.136409e-06	
890	8.832800e-03	-9.76950e-04	3.963972e-06	
891	8.842800e-03	-9.80216e-04	3.776672e-06	
892	8.852800e-03	-9.83826e-04	3.574628e-06	
893	8.862800e-03	-9.87779e-04	3.358000e-06	
894	8.872800e-03	-9.92073e-04	3.127001e-06	
895	8.882800e-03	-9.96705e-04	2.881898e-06	
896	8.892800e-03	-1.00167e-03	2.623027e-06	
897	8.902800e-03	-1.00697e-03	2.350794e-06	
898	8.912800e-03	-1.01259e-03	2.065689e-06	
899	8.922800e-03	-1.01853e-03	1.768291e-06	
900	8.932800e-03	-1.02477e-03	1.459275e-06	
901	8.942800e-03	-1.03131e-03	1.139420e-06	
902	8.952800e-03	-1.03813e-03	8.096151e-07	
903	8.962800e-03	-1.04522e-03	4.708647e-07	
904	8.972800e-03	-1.05255e-03	1.242921e-07	
905	8.982800e-03	-1.06011e-03	-2.28858e-07	
906	8.992800e-03	-1.06788e-03	-5.87217e-07	
907	9.002800e-03	-1.07582e-03	-9.49297e-07	
908	9.012800e-03	-1.08390e-03	-1.31349e-06	
909	9.022800e-03	-1.09210e-03	-1.67808e-06	
910	9.032800e-03	-1.10039e-03	-2.04124e-06	
911	9.042800e-03	-1.10871e-03	-2.40106e-06	
912	9.052800e-03	-1.11704e-03	-2.75553e-06	
913	9.062800e-03	-1.12533e-03	-3.10260e-06	
914	9.072800e-03	-1.13353e-03	-3.44015e-06	
915	9.082800e-03	-1.14160e-03	-3.76606e-06	
916	9.092800e-03	-1.14950e-03	-4.07817e-06	
917	9.102800e-03	-1.15717e-03	-4.37438e-06	
918	9.112800e-03	-1.16457e-03	-4.65261e-06	
919	9.122800e-03	-1.17165e-03	-4.91086e-06	
920	9.132800e-03	-1.17835e-03	-5.14722e-06	
921	9.142800e-03	-1.18464e-03	-5.35992e-06	
922	9.152800e-03	-1.19047e-03	-5.54731e-06	
923	9.162800e-03	-1.19579e-03	-5.70795e-06	
924	9.172800e-03	-1.20057e-03	-5.84055e-06	

Index   time            v1#branch       v2#branch       
--------------------------------------------------------------------------------
925	9.182800e-03	-1.20477e-03	-5.94407e-06	
926	9.192800e-03	-1.20835e-03	-6.01768e-06	
927	9.202800e-03	-1.21130e-03	-6.06080e-06	
928	9.212800e-03	-1.21358e-03	-6.07308e-06	
929	9.222800e-03	-1.21517e-03	-6.05445e-06	
930	9.232800e-03	-1.21608e-03	-6.00508e-06	
931	9.242800e-03	-1.21628e-03	-5.92540e-06	
932	9.252800e-03	-1.21579e-03	-5.81608e-06	
933	9.262800e-03	-1.21459e-03	-5.67802e-06	
934	9.272800e-03	-1.21271e-03	-5.51235e-06	
935	9.282800e-03	-1.21016e-03	-5.32041e-06	
936	9.292800e-03	-1.20696e-03	-5.10369e-06	
937	9.302800e-03	-1.20314e-03	-4.86388e-06	
938	9.312800e-03	-1.19872e-03	-4.60278e-06	
939	9.322800e-03	-1.19374e-03	-4.32229e-06	
940	9.332800e-03	-1.18824e-03	-4.02444e-06	
941	9.342800e-03	-1.18226e-03	-3.71128e-06	
942	9.352800e-03	-1.17585e-03	-3.38490e-06	
943	9.362800e-03	-1.16904e-03	-3.04743e-06	
944	9.372800e-03	-1.16188e-03	-2.70094e-06	
945	9.382800e-03	-1.15443e-03	-2.34752e-06	
946	9.392800e-03	-1.14673e-03	-1.98916e-06	
947	9.402800e-03	-1.13883e-03	-1.62782e-06	
948	9.412800e-03	-1.13077e-03	-1.26536e-06	
949	9.422800e-03	-1.12260e-03	-9.03539e-07	
950	9.432800e-03	-1.11437e-03	-5.44032e-07	
951	9.442800e-03	-1.10611e-03	-1.88389e-07	
952	9.452800e-03	-1.09787e-03	1.619509e-07	
953	9.462800e-03	-1.08968e-03	5.056664e-07	
954	9.472800e-03	-1.08158e-03	8.415549e-07	
955	9.482800e-03	-1.07361e-03	1.168531e-06	
956	9.492800e-03	-1.06579e-03	1.485624e-06	
957	9.502800e-03	-1.05815e-03	1.791974e-06	
958	9.512800e-03	-1.05071e-03	2.086825e-06	
959	9.522800e-03	-1.04350e-03	2.369520e-06	
960	9.532800e-03	-1.03654e-03	2.639497e-06	
961	9.542800e-03	-1.02984e-03	2.896276e-06	
962	9.552800e-03	-1.02342e-03	3.139458e-06	
963	9.562800e-03	-1.01729e-03	3.368711e-06	
964	9.572800e-03	-1.01146e-03	3.583766e-06	
965	9.582800e-03	-1.00595e-03	3.784411e-06	
966	9.592800e-03	-1.00075e-03	3.970479e-06	
967	9.602800e-03	-9.95876e-04	4.141846e-06	
968	9.612800e-03	-9.91332e-04	4.298419e-06	
969	9.622800e-03	-9.87120e-04	4.440136e-06	
970	9.632800e-03	-9.83243e-04	4.566957e-06	
971	9.642800e-03	-9.79704e-04	4.678857e-06	
972	9.652800e-03	-9.76503e-04	4.775825e-06	
973	9.662800e-03	-9.73640e-04	4.857860e-06	
974	9.672800e-03	-9.71117e-04	4.924963e-06	
975	9.682800e-03	-9.68934e-04	4.977140e-06	
976	9.692800e-03	-9.67089e-04	5.014395e-06	
977	9.702800e-03	-9.65584e-04	5.036731e-06	
978	9.712800e-03	-9.64417e-04	5.044146e-06	
979	9.722800e-03	-9.63590e-04	5.036634e-06	
980	9.732800e-03	-9.63101e-04	5.014186e-06	
981	9.742800e-03	-9.62951e-04	4.976788e-06	
982	9.752800e-03	-9.63140e-04	4.924422e-06	

Index   time            v1#branch       v2#branch       
--------------------------------------------------------------------------------
983	9.762800e-03	-9.63668e-04	4.857069e-06	
984	9.772800e-03	-9.64537e-04	4.774709e-06	
985	9.782800e-03	-9.65746e-04	4.677324e-06	
986	9.792800e-03	-9.67296e-04	4.564905e-06	
987	9.802800e-03	-9.69188e-04	4.437448e-06	
988	9.812800e-03	-9.71424e-04	4.294965e-06	
989	9.822800e-03	-9.74002e-04	4.137485e-06	
990	9.832800e-03	-9.76925e-04	3.965061e-06	
991	9.842800e-03	-9.80191e-04	3.777775e-06	
992	9.852800e-03	-9.83801e-04	3.575747e-06	
993	9.862800e-03	-9.87753e-04	3.359137e-06	
994	9.872800e-03	-9.92046e-04	3.128156e-06	
995	9.882800e-03	-9.96678e-04	2.883073e-06	
996	9.892800e-03	-1.00164e-03	2.624222e-06	
997	9.902800e-03	-1.00694e-03	2.352011e-06	
998	9.912800e-03	-1.01256e-03	2.066929e-06	
999	9.922800e-03	-1.01850e-03	1.769555e-06	
1000	9.932800e-03	-1.02474e-03	1.460563e-06	
1001	9.942800e-03	-1.03128e-03	1.140733e-06	
1002	9.952800e-03	-1.03810e-03	8.109540e-07	
1003	9.962800e-03	-1.04519e-03	4.722298e-07	
1004	9.972800e-03	-1.05252e-03	1.256839e-07	
1005	9.982800e-03	-1.06008e-03	-2.27439e-07	
1006	9.992800e-03	-1.06784e-03	-5.85771e-07	
1007	1.000000e-02	-1.07354e-03	-8.45951e-07	
