* c:\users\mamat\esim-workspace\pmeg2005eb_half_wave_rectifier\pmeg2005eb_half_wave_rectifier.cir
Transient Analysis  Wed Jun 25 12:05:06  2025
--------------------------------------------------------------------------------
Index   time            in              out             
--------------------------------------------------------------------------------
0	0.000000e+00	0.000000e+00	-2.07520e-20	
1	1.000000e-05	1.570796e-03	7.342205e-05	
2	2.000000e-05	3.141592e-03	1.421186e-04	
3	4.000000e-05	6.283184e-03	2.923268e-04	
4	8.000000e-05	1.256636e-02	6.510308e-04	
5	1.600000e-04	2.513264e-02	1.664526e-03	
6	3.200000e-04	5.026464e-02	5.463114e-03	
7	6.400000e-04	1.005242e-01	2.358042e-02	
8	1.262958e-03	1.983329e-01	8.997704e-02	
9	2.115016e-03	3.319816e-01	2.040611e-01	
10	3.115016e-03	4.885250e-01	3.477802e-01	
11	4.115016e-03	6.445863e-01	4.950397e-01	
12	5.115016e-03	8.000115e-01	6.443347e-01	
13	6.115016e-03	9.546472e-01	7.940574e-01	
14	7.115016e-03	1.108341e+00	9.436003e-01	
15	8.115016e-03	1.260940e+00	1.092655e+00	
16	9.115016e-03	1.412296e+00	1.240929e+00	
17	1.011502e-02	1.562257e+00	1.388170e+00	
18	1.111502e-02	1.710677e+00	1.534160e+00	
19	1.211502e-02	1.857409e+00	1.678701e+00	
20	1.311502e-02	2.002307e+00	1.821609e+00	
21	1.411502e-02	2.145230e+00	1.962711e+00	
22	1.511502e-02	2.286035e+00	2.101843e+00	
23	1.611502e-02	2.424585e+00	2.238848e+00	
24	1.711502e-02	2.560741e+00	2.373573e+00	
25	1.811502e-02	2.694371e+00	2.505872e+00	
26	1.911502e-02	2.825341e+00	2.635603e+00	
27	2.011502e-02	2.953523e+00	2.762629e+00	
28	2.111502e-02	3.078791e+00	2.886814e+00	
29	2.211502e-02	3.201020e+00	3.008030e+00	
30	2.311502e-02	3.320090e+00	3.126150e+00	
31	2.411502e-02	3.435883e+00	3.241052e+00	
32	2.511502e-02	3.548286e+00	3.352619e+00	
33	2.611502e-02	3.657187e+00	3.460735e+00	
34	2.711502e-02	3.762479e+00	3.565290e+00	
35	2.811502e-02	3.864057e+00	3.666177e+00	
36	2.911502e-02	3.961822e+00	3.763294e+00	
37	3.011502e-02	4.055678e+00	3.856541e+00	
38	3.111502e-02	4.145531e+00	3.945826e+00	
39	3.211502e-02	4.231293e+00	4.031056e+00	
40	3.311502e-02	4.312879e+00	4.112147e+00	
41	3.411502e-02	4.390208e+00	4.189016e+00	
42	3.511502e-02	4.463206e+00	4.261585e+00	
43	3.611502e-02	4.531798e+00	4.329782e+00	
44	3.711502e-02	4.595918e+00	4.393537e+00	
45	3.811502e-02	4.655503e+00	4.452788e+00	
46	3.911502e-02	4.710493e+00	4.507473e+00	
47	4.011502e-02	4.760834e+00	4.557539e+00	
48	4.111502e-02	4.806478e+00	4.602934e+00	
49	4.211502e-02	4.847377e+00	4.643614e+00	
50	4.311502e-02	4.883493e+00	4.679537e+00	
51	4.411502e-02	4.914790e+00	4.710667e+00	
52	4.511502e-02	4.941236e+00	4.736974e+00	
53	4.611502e-02	4.962805e+00	4.758431e+00	
54	4.711502e-02	4.979478e+00	4.775016e+00	

Index   time            in              out             
--------------------------------------------------------------------------------
55	4.811502e-02	4.991235e+00	4.786713e+00	
56	4.911502e-02	4.998068e+00	4.793509e+00	
57	5.011502e-02	4.999967e+00	4.795399e+00	
58	5.111502e-02	4.996933e+00	4.792380e+00	
59	5.211502e-02	4.988967e+00	4.784456e+00	
60	5.311502e-02	4.976077e+00	4.771633e+00	
61	5.411502e-02	4.958277e+00	4.753926e+00	
62	5.511502e-02	4.935583e+00	4.731352e+00	
63	5.611502e-02	4.908019e+00	4.703933e+00	
64	5.711502e-02	4.875611e+00	4.671697e+00	
65	5.811502e-02	4.838391e+00	4.634676e+00	
66	5.911502e-02	4.796397e+00	4.592908e+00	
67	6.011502e-02	4.749669e+00	4.546434e+00	
68	6.111502e-02	4.698253e+00	4.495301e+00	
69	6.211502e-02	4.642201e+00	4.439560e+00	
70	6.311502e-02	4.581568e+00	4.379268e+00	
71	6.411502e-02	4.516413e+00	4.314485e+00	
72	6.511502e-02	4.446801e+00	4.245276e+00	
73	6.611502e-02	4.372801e+00	4.171711e+00	
74	6.711502e-02	4.294485e+00	4.093864e+00	
75	6.811502e-02	4.211931e+00	4.011814e+00	
76	6.911502e-02	4.125221e+00	3.925643e+00	
77	7.011502e-02	4.034439e+00	3.835439e+00	
78	7.111502e-02	3.939676e+00	3.741293e+00	
79	7.211502e-02	3.841025e+00	3.643300e+00	
80	7.311502e-02	3.738583e+00	3.541560e+00	
81	7.411502e-02	3.632452e+00	3.436176e+00	
82	7.511502e-02	3.522736e+00	3.327256e+00	
83	7.611502e-02	3.409543e+00	3.214912e+00	
84	7.711502e-02	3.292986e+00	3.099259e+00	
85	7.811502e-02	3.173179e+00	2.980416e+00	
86	7.911502e-02	3.050240e+00	2.858506e+00	
87	8.011502e-02	2.924291e+00	2.733655e+00	
88	8.111502e-02	2.795456e+00	2.605996e+00	
89	8.211502e-02	2.663862e+00	2.475662e+00	
90	8.311502e-02	2.529640e+00	2.342791e+00	
91	8.411502e-02	2.392921e+00	2.207529e+00	
92	8.511502e-02	2.253840e+00	2.070021e+00	
93	8.611502e-02	2.112535e+00	1.930422e+00	
94	8.711502e-02	1.969146e+00	1.788890e+00	
95	8.811502e-02	1.823813e+00	1.645591e+00	
96	8.911502e-02	1.676680e+00	1.500700e+00	
97	9.011502e-02	1.527892e+00	1.354405e+00	
98	9.111502e-02	1.377597e+00	1.206907e+00	
99	9.211502e-02	1.225942e+00	1.058432e+00	
100	9.311502e-02	1.073077e+00	9.092413e-01	
101	9.411502e-02	9.191538e-01	7.596560e-01	
102	9.511502e-02	7.643229e-01	6.101039e-01	
103	9.611502e-02	6.087378e-01	4.612291e-01	
104	9.711502e-02	4.525520e-01	3.141813e-01	
105	9.811502e-02	2.959195e-01	1.720953e-01	
106	9.911502e-02	1.389950e-01	4.633295e-02	
107	1.001150e-01	-1.80667e-02	-5.28855e-04	
108	1.011150e-01	-1.75111e-01	-9.98372e-04	
109	1.021150e-01	-3.31982e-01	-1.00599e-03	
110	1.031150e-01	-4.88525e-01	-1.00007e-03	
111	1.041150e-01	-6.44586e-01	-1.00537e-03	
112	1.051150e-01	-8.00011e-01	-9.99433e-04	

Index   time            in              out             
--------------------------------------------------------------------------------
113	1.061150e-01	-9.54647e-01	-1.00483e-03	
114	1.071150e-01	-1.10834e+00	-9.98980e-04	
115	1.081150e-01	-1.26094e+00	-1.00445e-03	
116	1.091150e-01	-1.41230e+00	-9.98644e-04	
117	1.101150e-01	-1.56226e+00	-1.00415e-03	
118	1.111150e-01	-1.71068e+00	-9.98377e-04	
119	1.121150e-01	-1.85741e+00	-1.00391e-03	
120	1.131150e-01	-2.00231e+00	-9.98154e-04	
121	1.141150e-01	-2.14523e+00	-1.00370e-03	
122	1.151150e-01	-2.28604e+00	-9.97959e-04	
123	1.161150e-01	-2.42458e+00	-1.00351e-03	
124	1.171150e-01	-2.56074e+00	-9.97785e-04	
125	1.181150e-01	-2.69437e+00	-1.00334e-03	
126	1.191150e-01	-2.82534e+00	-9.97625e-04	
127	1.201150e-01	-2.95352e+00	-1.00319e-03	
128	1.211150e-01	-3.07879e+00	-9.97475e-04	
129	1.221150e-01	-3.20102e+00	-1.00304e-03	
130	1.231150e-01	-3.32009e+00	-9.97333e-04	
131	1.241150e-01	-3.43588e+00	-1.00290e-03	
132	1.251150e-01	-3.54829e+00	-9.97197e-04	
133	1.261150e-01	-3.65719e+00	-1.00277e-03	
134	1.271150e-01	-3.76248e+00	-9.97066e-04	
135	1.281150e-01	-3.86406e+00	-1.00264e-03	
136	1.291150e-01	-3.96182e+00	-9.96938e-04	
137	1.301150e-01	-4.05568e+00	-1.00251e-03	
138	1.311150e-01	-4.14553e+00	-9.96813e-04	
139	1.321150e-01	-4.23129e+00	-1.00239e-03	
140	1.331150e-01	-4.31288e+00	-9.96690e-04	
141	1.341150e-01	-4.39021e+00	-1.00227e-03	
142	1.351150e-01	-4.46321e+00	-9.96569e-04	
143	1.361150e-01	-4.53180e+00	-1.00214e-03	
144	1.371150e-01	-4.59592e+00	-9.96448e-04	
145	1.381150e-01	-4.65550e+00	-1.00202e-03	
146	1.391150e-01	-4.71049e+00	-9.96329e-04	
147	1.401150e-01	-4.76083e+00	-1.00190e-03	
148	1.411150e-01	-4.80648e+00	-9.96211e-04	
149	1.421150e-01	-4.84738e+00	-1.00179e-03	
150	1.431150e-01	-4.88349e+00	-9.96093e-04	
151	1.441150e-01	-4.91479e+00	-1.00167e-03	
152	1.451150e-01	-4.94124e+00	-9.95975e-04	
153	1.461150e-01	-4.96281e+00	-1.00155e-03	
154	1.471150e-01	-4.97948e+00	-9.95858e-04	
155	1.481150e-01	-4.99124e+00	-1.00143e-03	
156	1.491150e-01	-4.99807e+00	-9.95741e-04	
157	1.501150e-01	-4.99997e+00	-1.00131e-03	
158	1.511150e-01	-4.99693e+00	-9.95623e-04	
159	1.521150e-01	-4.98897e+00	-1.00120e-03	
160	1.531150e-01	-4.97608e+00	-9.95506e-04	
161	1.541150e-01	-4.95828e+00	-1.00108e-03	
162	1.551150e-01	-4.93558e+00	-9.95389e-04	
163	1.561150e-01	-4.90802e+00	-1.00096e-03	
164	1.571150e-01	-4.87561e+00	-9.95271e-04	
165	1.581150e-01	-4.83839e+00	-1.00084e-03	
166	1.591150e-01	-4.79640e+00	-9.95153e-04	
167	1.601150e-01	-4.74967e+00	-1.00072e-03	
168	1.611150e-01	-4.69825e+00	-9.95034e-04	
169	1.621150e-01	-4.64220e+00	-1.00060e-03	
170	1.631150e-01	-4.58157e+00	-9.94914e-04	

Index   time            in              out             
--------------------------------------------------------------------------------
171	1.641150e-01	-4.51641e+00	-1.00048e-03	
172	1.651150e-01	-4.44680e+00	-9.94794e-04	
173	1.661150e-01	-4.37280e+00	-1.00036e-03	
174	1.671150e-01	-4.29449e+00	-9.94672e-04	
175	1.681150e-01	-4.21193e+00	-1.00024e-03	
176	1.691150e-01	-4.12522e+00	-9.94548e-04	
177	1.701150e-01	-4.03444e+00	-1.00011e-03	
178	1.711150e-01	-3.93968e+00	-9.94422e-04	
179	1.721150e-01	-3.84102e+00	-9.99985e-04	
180	1.731150e-01	-3.73858e+00	-9.94294e-04	
181	1.741150e-01	-3.63245e+00	-9.99854e-04	
182	1.751150e-01	-3.52274e+00	-9.94161e-04	
183	1.761150e-01	-3.40954e+00	-9.99718e-04	
184	1.771150e-01	-3.29299e+00	-9.94024e-04	
185	1.781150e-01	-3.17318e+00	-9.99578e-04	
186	1.791150e-01	-3.05024e+00	-9.93881e-04	
187	1.801150e-01	-2.92429e+00	-9.99430e-04	
188	1.811150e-01	-2.79546e+00	-9.93729e-04	
189	1.821150e-01	-2.66386e+00	-9.99272e-04	
190	1.831150e-01	-2.52964e+00	-9.93566e-04	
191	1.841150e-01	-2.39292e+00	-9.99102e-04	
192	1.851150e-01	-2.25384e+00	-9.93388e-04	
193	1.861150e-01	-2.11254e+00	-9.98913e-04	
194	1.871150e-01	-1.96915e+00	-9.93189e-04	
195	1.881150e-01	-1.82381e+00	-9.98699e-04	
196	1.891150e-01	-1.67668e+00	-9.92958e-04	
197	1.901150e-01	-1.52789e+00	-9.98445e-04	
198	1.911150e-01	-1.37760e+00	-9.92677e-04	
199	1.921150e-01	-1.22594e+00	-9.98129e-04	
200	1.931150e-01	-1.07308e+00	-9.92315e-04	
201	1.941150e-01	-9.19154e-01	-9.97699e-04	
202	1.951150e-01	-7.64323e-01	-9.91790e-04	
203	1.961150e-01	-6.08738e-01	-9.97018e-04	
204	1.971150e-01	-4.52552e-01	-9.90813e-04	
205	1.981150e-01	-2.95919e-01	-9.95215e-04	
206	1.991150e-01	-1.38995e-01	-9.82055e-04	
207	2.001150e-01	1.806670e-02	1.037456e-03	
208	2.011150e-01	1.751106e-01	7.202175e-02	
209	2.021150e-01	3.319816e-01	2.040784e-01	
210	2.031150e-01	4.885250e-01	3.477276e-01	
211	2.041150e-01	6.445863e-01	4.950195e-01	
212	2.051150e-01	8.000115e-01	6.443362e-01	
213	2.061150e-01	9.546472e-01	7.940584e-01	
214	2.071150e-01	1.108341e+00	9.436004e-01	
215	2.081150e-01	1.260940e+00	1.092655e+00	
216	2.091150e-01	1.412296e+00	1.240929e+00	
217	2.101150e-01	1.562257e+00	1.388170e+00	
218	2.111150e-01	1.710677e+00	1.534161e+00	
219	2.121150e-01	1.857409e+00	1.678701e+00	
220	2.131150e-01	2.002307e+00	1.821609e+00	
221	2.141150e-01	2.145230e+00	1.962711e+00	
222	2.151150e-01	2.286035e+00	2.101843e+00	
223	2.161150e-01	2.424585e+00	2.238848e+00	
224	2.171150e-01	2.560741e+00	2.373573e+00	
225	2.181150e-01	2.694371e+00	2.505872e+00	
226	2.191150e-01	2.825341e+00	2.635604e+00	
227	2.201150e-01	2.953523e+00	2.762629e+00	
228	2.211150e-01	3.078791e+00	2.886814e+00	

Index   time            in              out             
--------------------------------------------------------------------------------
229	2.221150e-01	3.201020e+00	3.008030e+00	
230	2.231150e-01	3.320090e+00	3.126150e+00	
231	2.241150e-01	3.435883e+00	3.241052e+00	
232	2.251150e-01	3.548286e+00	3.352619e+00	
233	2.261150e-01	3.657187e+00	3.460735e+00	
234	2.271150e-01	3.762479e+00	3.565290e+00	
235	2.281150e-01	3.864057e+00	3.666177e+00	
236	2.291150e-01	3.961822e+00	3.763294e+00	
237	2.301150e-01	4.055678e+00	3.856541e+00	
238	2.311150e-01	4.145531e+00	3.945826e+00	
239	2.321150e-01	4.231293e+00	4.031056e+00	
240	2.331150e-01	4.312879e+00	4.112147e+00	
241	2.341150e-01	4.390208e+00	4.189016e+00	
242	2.351150e-01	4.463206e+00	4.261585e+00	
243	2.361150e-01	4.531798e+00	4.329782e+00	
244	2.371150e-01	4.595918e+00	4.393537e+00	
245	2.381150e-01	4.655503e+00	4.452788e+00	
246	2.391150e-01	4.710493e+00	4.507473e+00	
247	2.401150e-01	4.760834e+00	4.557539e+00	
248	2.411150e-01	4.806478e+00	4.602934e+00	
249	2.421150e-01	4.847377e+00	4.643614e+00	
250	2.431150e-01	4.883493e+00	4.679537e+00	
251	2.441150e-01	4.914790e+00	4.710667e+00	
252	2.451150e-01	4.941236e+00	4.736974e+00	
253	2.461150e-01	4.962805e+00	4.758431e+00	
254	2.471150e-01	4.979478e+00	4.775016e+00	
255	2.481150e-01	4.991235e+00	4.786713e+00	
256	2.491150e-01	4.998068e+00	4.793509e+00	
257	2.501150e-01	4.999967e+00	4.795399e+00	
258	2.511150e-01	4.996933e+00	4.792380e+00	
259	2.521150e-01	4.988967e+00	4.784456e+00	
260	2.531150e-01	4.976077e+00	4.771633e+00	
261	2.541150e-01	4.958277e+00	4.753926e+00	
262	2.551150e-01	4.935583e+00	4.731352e+00	
263	2.561150e-01	4.908019e+00	4.703933e+00	
264	2.571150e-01	4.875611e+00	4.671697e+00	
265	2.581150e-01	4.838391e+00	4.634676e+00	
266	2.591150e-01	4.796397e+00	4.592908e+00	
267	2.601150e-01	4.749669e+00	4.546434e+00	
268	2.611150e-01	4.698253e+00	4.495301e+00	
269	2.621150e-01	4.642201e+00	4.439560e+00	
270	2.631150e-01	4.581568e+00	4.379268e+00	
271	2.641150e-01	4.516413e+00	4.314485e+00	
272	2.651150e-01	4.446801e+00	4.245276e+00	
273	2.661150e-01	4.372801e+00	4.171711e+00	
274	2.671150e-01	4.294485e+00	4.093865e+00	
275	2.681150e-01	4.211931e+00	4.011814e+00	
276	2.691150e-01	4.125221e+00	3.925643e+00	
277	2.701150e-01	4.034439e+00	3.835439e+00	
278	2.711150e-01	3.939676e+00	3.741293e+00	
279	2.721150e-01	3.841025e+00	3.643300e+00	
280	2.731150e-01	3.738583e+00	3.541560e+00	
281	2.741150e-01	3.632452e+00	3.436176e+00	
282	2.751150e-01	3.522736e+00	3.327256e+00	
283	2.761150e-01	3.409543e+00	3.214912e+00	
284	2.771150e-01	3.292986e+00	3.099259e+00	
285	2.781150e-01	3.173179e+00	2.980416e+00	
286	2.791150e-01	3.050240e+00	2.858506e+00	

Index   time            in              out             
--------------------------------------------------------------------------------
287	2.801150e-01	2.924291e+00	2.733655e+00	
288	2.811150e-01	2.795456e+00	2.605996e+00	
289	2.821150e-01	2.663862e+00	2.475661e+00	
290	2.831150e-01	2.529640e+00	2.342791e+00	
291	2.841150e-01	2.392921e+00	2.207529e+00	
292	2.851150e-01	2.253840e+00	2.070021e+00	
293	2.861150e-01	2.112535e+00	1.930422e+00	
294	2.871150e-01	1.969146e+00	1.788890e+00	
295	2.881150e-01	1.823813e+00	1.645591e+00	
296	2.891150e-01	1.676680e+00	1.500700e+00	
297	2.901150e-01	1.527892e+00	1.354405e+00	
298	2.911150e-01	1.377597e+00	1.206907e+00	
299	2.921150e-01	1.225942e+00	1.058432e+00	
300	2.931150e-01	1.073077e+00	9.092414e-01	
301	2.941150e-01	9.191538e-01	7.596559e-01	
302	2.951150e-01	7.643229e-01	6.101041e-01	
303	2.961150e-01	6.087378e-01	4.612289e-01	
304	2.971150e-01	4.525520e-01	3.141816e-01	
305	2.981150e-01	2.959195e-01	1.720946e-01	
306	2.991150e-01	1.389950e-01	4.633476e-02	
307	3.001150e-01	-1.80667e-02	-5.34152e-04	
308	3.011150e-01	-1.75111e-01	-9.92971e-04	
309	3.021150e-01	-3.31982e-01	-1.01139e-03	
310	3.031150e-01	-4.88525e-01	-9.94670e-04	
311	3.041150e-01	-6.44586e-01	-1.01077e-03	
312	3.051150e-01	-8.00011e-01	-9.94034e-04	
313	3.061150e-01	-9.54647e-01	-1.01023e-03	
314	3.071150e-01	-1.10834e+00	-9.93582e-04	
315	3.081150e-01	-1.26094e+00	-1.00984e-03	
316	3.091150e-01	-1.41230e+00	-9.93247e-04	
317	3.101150e-01	-1.56226e+00	-1.00955e-03	
318	3.111150e-01	-1.71068e+00	-9.92981e-04	
319	3.121150e-01	-1.85741e+00	-1.00930e-03	
320	3.131150e-01	-2.00231e+00	-9.92758e-04	
321	3.141150e-01	-2.14523e+00	-1.00909e-03	
322	3.151150e-01	-2.28604e+00	-9.92564e-04	
323	3.161150e-01	-2.42458e+00	-1.00891e-03	
324	3.171150e-01	-2.56074e+00	-9.92390e-04	
325	3.181150e-01	-2.69437e+00	-1.00874e-03	
326	3.191150e-01	-2.82534e+00	-9.92231e-04	
327	3.201150e-01	-2.95352e+00	-1.00858e-03	
328	3.211150e-01	-3.07879e+00	-9.92082e-04	
329	3.221150e-01	-3.20102e+00	-1.00844e-03	
330	3.231150e-01	-3.32009e+00	-9.91941e-04	
331	3.241150e-01	-3.43588e+00	-1.00830e-03	
332	3.251150e-01	-3.54829e+00	-9.91805e-04	
333	3.261150e-01	-3.65719e+00	-1.00816e-03	
334	3.271150e-01	-3.76248e+00	-9.91675e-04	
335	3.281150e-01	-3.86406e+00	-1.00803e-03	
336	3.291150e-01	-3.96182e+00	-9.91547e-04	
337	3.301150e-01	-4.05568e+00	-1.00790e-03	
338	3.311150e-01	-4.14553e+00	-9.91423e-04	
339	3.321150e-01	-4.23129e+00	-1.00778e-03	
340	3.331150e-01	-4.31288e+00	-9.91300e-04	
341	3.341150e-01	-4.39021e+00	-1.00766e-03	
342	3.351150e-01	-4.46321e+00	-9.91179e-04	
343	3.361150e-01	-4.53180e+00	-1.00753e-03	
344	3.371150e-01	-4.59592e+00	-9.91060e-04	

Index   time            in              out             
--------------------------------------------------------------------------------
345	3.381150e-01	-4.65550e+00	-1.00741e-03	
346	3.391150e-01	-4.71049e+00	-9.90941e-04	
347	3.401150e-01	-4.76083e+00	-1.00729e-03	
348	3.411150e-01	-4.80648e+00	-9.90823e-04	
349	3.421150e-01	-4.84738e+00	-1.00717e-03	
350	3.431150e-01	-4.88349e+00	-9.90706e-04	
351	3.441150e-01	-4.91479e+00	-1.00705e-03	
352	3.451150e-01	-4.94124e+00	-9.90589e-04	
353	3.461150e-01	-4.96281e+00	-1.00694e-03	
354	3.471150e-01	-4.97948e+00	-9.90472e-04	
355	3.481150e-01	-4.99124e+00	-1.00682e-03	
356	3.491150e-01	-4.99807e+00	-9.90355e-04	
357	3.501150e-01	-4.99997e+00	-1.00670e-03	
358	3.511150e-01	-4.99693e+00	-9.90238e-04	
359	3.521150e-01	-4.98897e+00	-1.00658e-03	
360	3.531150e-01	-4.97608e+00	-9.90122e-04	
361	3.541150e-01	-4.95828e+00	-1.00646e-03	
362	3.551150e-01	-4.93558e+00	-9.90005e-04	
363	3.561150e-01	-4.90802e+00	-1.00634e-03	
364	3.571150e-01	-4.87561e+00	-9.89888e-04	
365	3.581150e-01	-4.83839e+00	-1.00623e-03	
366	3.591150e-01	-4.79640e+00	-9.89770e-04	
367	3.601150e-01	-4.74967e+00	-1.00611e-03	
368	3.611150e-01	-4.69825e+00	-9.89652e-04	
369	3.621150e-01	-4.64220e+00	-1.00599e-03	
370	3.631150e-01	-4.58157e+00	-9.89533e-04	
371	3.641150e-01	-4.51641e+00	-1.00586e-03	
372	3.651150e-01	-4.44680e+00	-9.89413e-04	
373	3.661150e-01	-4.37280e+00	-1.00574e-03	
374	3.671150e-01	-4.29449e+00	-9.89291e-04	
375	3.681150e-01	-4.21193e+00	-1.00562e-03	
376	3.691150e-01	-4.12522e+00	-9.89168e-04	
377	3.701150e-01	-4.03444e+00	-1.00549e-03	
378	3.711150e-01	-3.93968e+00	-9.89043e-04	
379	3.721150e-01	-3.84102e+00	-1.00536e-03	
380	3.731150e-01	-3.73858e+00	-9.88915e-04	
381	3.741150e-01	-3.63245e+00	-1.00523e-03	
382	3.751150e-01	-3.52274e+00	-9.88783e-04	
383	3.761150e-01	-3.40954e+00	-1.00510e-03	
384	3.771150e-01	-3.29299e+00	-9.88646e-04	
385	3.781150e-01	-3.17318e+00	-1.00496e-03	
386	3.791150e-01	-3.05024e+00	-9.88504e-04	
387	3.801150e-01	-2.92429e+00	-1.00481e-03	
388	3.811150e-01	-2.79546e+00	-9.88353e-04	
389	3.821150e-01	-2.66386e+00	-1.00465e-03	
390	3.831150e-01	-2.52964e+00	-9.88191e-04	
391	3.841150e-01	-2.39292e+00	-1.00448e-03	
392	3.851150e-01	-2.25384e+00	-9.88013e-04	
393	3.861150e-01	-2.11254e+00	-1.00429e-03	
394	3.871150e-01	-1.96915e+00	-9.87814e-04	
395	3.881150e-01	-1.82381e+00	-1.00407e-03	
396	3.891150e-01	-1.67668e+00	-9.87584e-04	
397	3.901150e-01	-1.52789e+00	-1.00382e-03	
398	3.911150e-01	-1.37760e+00	-9.87305e-04	
399	3.921150e-01	-1.22594e+00	-1.00350e-03	
400	3.931150e-01	-1.07308e+00	-9.86943e-04	
401	3.941150e-01	-9.19154e-01	-1.00307e-03	
402	3.951150e-01	-7.64323e-01	-9.86419e-04	

Index   time            in              out             
--------------------------------------------------------------------------------
403	3.961150e-01	-6.08738e-01	-1.00239e-03	
404	3.971150e-01	-4.52552e-01	-9.85444e-04	
405	3.981150e-01	-2.95919e-01	-1.00058e-03	
406	3.991150e-01	-1.38995e-01	-9.76688e-04	
407	4.001150e-01	1.806670e-02	1.032507e-03	
408	4.011150e-01	1.751106e-01	7.202303e-02	
409	4.021150e-01	3.319816e-01	2.040778e-01	
410	4.031150e-01	4.885250e-01	3.477279e-01	
411	4.041150e-01	6.445863e-01	4.950195e-01	
412	4.051150e-01	8.000115e-01	6.443364e-01	
413	4.061150e-01	9.546472e-01	7.940583e-01	
414	4.071150e-01	1.108341e+00	9.436005e-01	
415	4.081150e-01	1.260940e+00	1.092654e+00	
416	4.091150e-01	1.412296e+00	1.240929e+00	
417	4.101150e-01	1.562257e+00	1.388170e+00	
418	4.111150e-01	1.710677e+00	1.534161e+00	
419	4.121150e-01	1.857409e+00	1.678701e+00	
420	4.131150e-01	2.002307e+00	1.821609e+00	
421	4.141150e-01	2.145230e+00	1.962711e+00	
422	4.151150e-01	2.286035e+00	2.101843e+00	
423	4.161150e-01	2.424585e+00	2.238848e+00	
424	4.171150e-01	2.560741e+00	2.373573e+00	
425	4.181150e-01	2.694371e+00	2.505872e+00	
426	4.191150e-01	2.825341e+00	2.635604e+00	
427	4.201150e-01	2.953523e+00	2.762629e+00	
428	4.211150e-01	3.078791e+00	2.886814e+00	
429	4.221150e-01	3.201020e+00	3.008030e+00	
430	4.231150e-01	3.320090e+00	3.126150e+00	
431	4.241150e-01	3.435883e+00	3.241052e+00	
432	4.251150e-01	3.548286e+00	3.352619e+00	
433	4.261150e-01	3.657187e+00	3.460735e+00	
434	4.271150e-01	3.762479e+00	3.565290e+00	
435	4.281150e-01	3.864057e+00	3.666177e+00	
436	4.291150e-01	3.961822e+00	3.763294e+00	
437	4.301150e-01	4.055678e+00	3.856541e+00	
438	4.311150e-01	4.145531e+00	3.945826e+00	
439	4.321150e-01	4.231293e+00	4.031056e+00	
440	4.331150e-01	4.312879e+00	4.112147e+00	
441	4.341150e-01	4.390208e+00	4.189016e+00	
442	4.351150e-01	4.463206e+00	4.261585e+00	
443	4.361150e-01	4.531798e+00	4.329782e+00	
444	4.371150e-01	4.595918e+00	4.393537e+00	
445	4.381150e-01	4.655503e+00	4.452788e+00	
446	4.391150e-01	4.710493e+00	4.507473e+00	
447	4.401150e-01	4.760834e+00	4.557538e+00	
448	4.411150e-01	4.806478e+00	4.602934e+00	
449	4.421150e-01	4.847377e+00	4.643614e+00	
450	4.431150e-01	4.883493e+00	4.679537e+00	
451	4.441150e-01	4.914790e+00	4.710667e+00	
452	4.451150e-01	4.941236e+00	4.736974e+00	
453	4.461150e-01	4.962805e+00	4.758431e+00	
454	4.471150e-01	4.979478e+00	4.775016e+00	
455	4.481150e-01	4.991235e+00	4.786713e+00	
456	4.491150e-01	4.998068e+00	4.793509e+00	
457	4.501150e-01	4.999967e+00	4.795399e+00	
458	4.511150e-01	4.996933e+00	4.792380e+00	
459	4.521150e-01	4.988967e+00	4.784456e+00	
460	4.531150e-01	4.976077e+00	4.771633e+00	

Index   time            in              out             
--------------------------------------------------------------------------------
461	4.541150e-01	4.958277e+00	4.753926e+00	
462	4.551150e-01	4.935583e+00	4.731352e+00	
463	4.561150e-01	4.908019e+00	4.703932e+00	
464	4.571150e-01	4.875611e+00	4.671697e+00	
465	4.581150e-01	4.838391e+00	4.634676e+00	
466	4.591150e-01	4.796397e+00	4.592908e+00	
467	4.601150e-01	4.749669e+00	4.546434e+00	
468	4.611150e-01	4.698253e+00	4.495301e+00	
469	4.621150e-01	4.642201e+00	4.439560e+00	
470	4.631150e-01	4.581568e+00	4.379268e+00	
471	4.641150e-01	4.516413e+00	4.314485e+00	
472	4.651150e-01	4.446801e+00	4.245276e+00	
473	4.661150e-01	4.372801e+00	4.171711e+00	
474	4.671150e-01	4.294485e+00	4.093865e+00	
475	4.681150e-01	4.211931e+00	4.011814e+00	
476	4.691150e-01	4.125221e+00	3.925643e+00	
477	4.701150e-01	4.034439e+00	3.835439e+00	
478	4.711150e-01	3.939676e+00	3.741293e+00	
479	4.721150e-01	3.841025e+00	3.643300e+00	
480	4.731150e-01	3.738583e+00	3.541560e+00	
481	4.741150e-01	3.632452e+00	3.436176e+00	
482	4.751150e-01	3.522736e+00	3.327256e+00	
483	4.761150e-01	3.409543e+00	3.214912e+00	
484	4.771150e-01	3.292986e+00	3.099259e+00	
485	4.781150e-01	3.173179e+00	2.980416e+00	
486	4.791150e-01	3.050240e+00	2.858506e+00	
487	4.801150e-01	2.924291e+00	2.733655e+00	
488	4.811150e-01	2.795456e+00	2.605996e+00	
489	4.821150e-01	2.663862e+00	2.475661e+00	
490	4.831150e-01	2.529640e+00	2.342791e+00	
491	4.841150e-01	2.392921e+00	2.207529e+00	
492	4.851150e-01	2.253840e+00	2.070021e+00	
493	4.861150e-01	2.112535e+00	1.930422e+00	
494	4.871150e-01	1.969146e+00	1.788890e+00	
495	4.881150e-01	1.823813e+00	1.645591e+00	
496	4.891150e-01	1.676680e+00	1.500701e+00	
497	4.901150e-01	1.527892e+00	1.354405e+00	
498	4.911150e-01	1.377597e+00	1.206907e+00	
499	4.921150e-01	1.225942e+00	1.058432e+00	
500	4.931150e-01	1.073077e+00	9.092415e-01	
501	4.941150e-01	9.191538e-01	7.596557e-01	
502	4.951150e-01	7.643229e-01	6.101043e-01	
503	4.961150e-01	6.087378e-01	4.612287e-01	
504	4.971150e-01	4.525520e-01	3.141819e-01	
505	4.981150e-01	2.959195e-01	1.720940e-01	
506	4.991150e-01	1.389950e-01	4.633657e-02	
507	5.001150e-01	-1.80667e-02	-5.39407e-04	
508	5.011150e-01	-1.75111e-01	-9.87612e-04	
509	5.021150e-01	-3.31982e-01	-1.01675e-03	
510	5.031150e-01	-4.88525e-01	-9.89312e-04	
511	5.041150e-01	-6.44586e-01	-1.01613e-03	
512	5.051150e-01	-8.00011e-01	-9.88677e-04	
513	5.061150e-01	-9.54647e-01	-1.01559e-03	
514	5.071150e-01	-1.10834e+00	-9.88226e-04	
515	5.081150e-01	-1.26094e+00	-1.01520e-03	
516	5.091150e-01	-1.41230e+00	-9.87892e-04	
517	5.101150e-01	-1.56226e+00	-1.01490e-03	
518	5.111150e-01	-1.71068e+00	-9.87627e-04	

Index   time            in              out             
--------------------------------------------------------------------------------
519	5.121150e-01	-1.85741e+00	-1.01465e-03	
520	5.131150e-01	-2.00231e+00	-9.87405e-04	
521	5.141150e-01	-2.14523e+00	-1.01444e-03	
522	5.151150e-01	-2.28604e+00	-9.87212e-04	
523	5.161150e-01	-2.42458e+00	-1.01426e-03	
524	5.171150e-01	-2.56074e+00	-9.87038e-04	
525	5.181150e-01	-2.69437e+00	-1.01409e-03	
526	5.191150e-01	-2.82534e+00	-9.86880e-04	
527	5.201150e-01	-2.95352e+00	-1.01393e-03	
528	5.211150e-01	-3.07879e+00	-9.86731e-04	
529	5.221150e-01	-3.20102e+00	-1.01379e-03	
530	5.231150e-01	-3.32009e+00	-9.86591e-04	
531	5.241150e-01	-3.43588e+00	-1.01365e-03	
532	5.251150e-01	-3.54829e+00	-9.86456e-04	
533	5.261150e-01	-3.65719e+00	-1.01351e-03	
534	5.271150e-01	-3.76248e+00	-9.86326e-04	
535	5.281150e-01	-3.86406e+00	-1.01338e-03	
536	5.291150e-01	-3.96182e+00	-9.86199e-04	
537	5.301150e-01	-4.05568e+00	-1.01325e-03	
538	5.311150e-01	-4.14553e+00	-9.86075e-04	
539	5.321150e-01	-4.23129e+00	-1.01313e-03	
540	5.331150e-01	-4.31288e+00	-9.85953e-04	
541	5.341150e-01	-4.39021e+00	-1.01300e-03	
542	5.351150e-01	-4.46321e+00	-9.85833e-04	
543	5.361150e-01	-4.53180e+00	-1.01288e-03	
544	5.371150e-01	-4.59592e+00	-9.85714e-04	
545	5.381150e-01	-4.65550e+00	-1.01276e-03	
546	5.391150e-01	-4.71049e+00	-9.85596e-04	
547	5.401150e-01	-4.76083e+00	-1.01264e-03	
548	5.411150e-01	-4.80648e+00	-9.85478e-04	
549	5.421150e-01	-4.84738e+00	-1.01252e-03	
550	5.431150e-01	-4.88349e+00	-9.85361e-04	
551	5.441150e-01	-4.91479e+00	-1.01240e-03	
552	5.451150e-01	-4.94124e+00	-9.85245e-04	
553	5.461150e-01	-4.96281e+00	-1.01228e-03	
554	5.471150e-01	-4.97948e+00	-9.85128e-04	
555	5.481150e-01	-4.99124e+00	-1.01216e-03	
556	5.491150e-01	-4.99807e+00	-9.85012e-04	
557	5.501150e-01	-4.99997e+00	-1.01204e-03	
558	5.511150e-01	-4.99693e+00	-9.84896e-04	
559	5.521150e-01	-4.98897e+00	-1.01192e-03	
560	5.531150e-01	-4.97608e+00	-9.84780e-04	
561	5.541150e-01	-4.95828e+00	-1.01180e-03	
562	5.551150e-01	-4.93558e+00	-9.84663e-04	
563	5.561150e-01	-4.90802e+00	-1.01169e-03	
564	5.571150e-01	-4.87561e+00	-9.84547e-04	
565	5.581150e-01	-4.83839e+00	-1.01157e-03	
566	5.591150e-01	-4.79640e+00	-9.84429e-04	
567	5.601150e-01	-4.74967e+00	-1.01145e-03	
568	5.611150e-01	-4.69825e+00	-9.84312e-04	
569	5.621150e-01	-4.64220e+00	-1.01133e-03	
570	5.631150e-01	-4.58157e+00	-9.84193e-04	
571	5.641150e-01	-4.51641e+00	-1.01120e-03	
572	5.651150e-01	-4.44680e+00	-9.84074e-04	
573	5.661150e-01	-4.37280e+00	-1.01108e-03	
574	5.671150e-01	-4.29449e+00	-9.83953e-04	
575	5.681150e-01	-4.21193e+00	-1.01096e-03	
576	5.691150e-01	-4.12522e+00	-9.83830e-04	

Index   time            in              out             
--------------------------------------------------------------------------------
577	5.701150e-01	-4.03444e+00	-1.01083e-03	
578	5.711150e-01	-3.93968e+00	-9.83705e-04	
579	5.721150e-01	-3.84102e+00	-1.01070e-03	
580	5.731150e-01	-3.73858e+00	-9.83578e-04	
581	5.741150e-01	-3.63245e+00	-1.01057e-03	
582	5.751150e-01	-3.52274e+00	-9.83447e-04	
583	5.761150e-01	-3.40954e+00	-1.01043e-03	
584	5.771150e-01	-3.29299e+00	-9.83311e-04	
585	5.781150e-01	-3.17318e+00	-1.01029e-03	
586	5.791150e-01	-3.05024e+00	-9.83169e-04	
587	5.801150e-01	-2.92429e+00	-1.01014e-03	
588	5.811150e-01	-2.79546e+00	-9.83018e-04	
589	5.821150e-01	-2.66386e+00	-1.00998e-03	
590	5.831150e-01	-2.52964e+00	-9.82857e-04	
591	5.841150e-01	-2.39292e+00	-1.00981e-03	
592	5.851150e-01	-2.25384e+00	-9.82680e-04	
593	5.861150e-01	-2.11254e+00	-1.00962e-03	
594	5.871150e-01	-1.96915e+00	-9.82482e-04	
595	5.881150e-01	-1.82381e+00	-1.00940e-03	
596	5.891150e-01	-1.67668e+00	-9.82253e-04	
597	5.901150e-01	-1.52789e+00	-1.00915e-03	
598	5.911150e-01	-1.37760e+00	-9.81974e-04	
599	5.921150e-01	-1.22594e+00	-1.00883e-03	
600	5.931150e-01	-1.07308e+00	-9.81613e-04	
601	5.941150e-01	-9.19154e-01	-1.00840e-03	
602	5.951150e-01	-7.64323e-01	-9.81090e-04	
603	5.961150e-01	-6.08738e-01	-1.00772e-03	
604	5.971150e-01	-4.52552e-01	-9.80116e-04	
605	5.981150e-01	-2.95919e-01	-1.00591e-03	
606	5.991150e-01	-1.38995e-01	-9.71363e-04	
607	6.001150e-01	1.806670e-02	1.027597e-03	
608	6.011150e-01	1.751106e-01	7.202429e-02	
609	6.021150e-01	3.319816e-01	2.040773e-01	
610	6.031150e-01	4.885250e-01	3.477281e-01	
611	6.041150e-01	6.445863e-01	4.950194e-01	
612	6.051150e-01	8.000115e-01	6.443365e-01	
613	6.061150e-01	9.546472e-01	7.940581e-01	
614	6.071150e-01	1.108341e+00	9.436006e-01	
615	6.081150e-01	1.260940e+00	1.092654e+00	
616	6.091150e-01	1.412296e+00	1.240929e+00	
617	6.101150e-01	1.562257e+00	1.388170e+00	
618	6.111150e-01	1.710677e+00	1.534161e+00	
619	6.121150e-01	1.857409e+00	1.678701e+00	
620	6.131150e-01	2.002307e+00	1.821609e+00	
621	6.141150e-01	2.145230e+00	1.962711e+00	
622	6.151150e-01	2.286035e+00	2.101843e+00	
623	6.161150e-01	2.424585e+00	2.238847e+00	
624	6.171150e-01	2.560741e+00	2.373573e+00	
625	6.181150e-01	2.694371e+00	2.505872e+00	
626	6.191150e-01	2.825341e+00	2.635604e+00	
627	6.201150e-01	2.953523e+00	2.762629e+00	
628	6.211150e-01	3.078791e+00	2.886814e+00	
629	6.221150e-01	3.201020e+00	3.008030e+00	
630	6.231150e-01	3.320090e+00	3.126150e+00	
631	6.241150e-01	3.435883e+00	3.241052e+00	
632	6.251150e-01	3.548286e+00	3.352619e+00	
633	6.261150e-01	3.657187e+00	3.460735e+00	
634	6.271150e-01	3.762479e+00	3.565290e+00	

Index   time            in              out             
--------------------------------------------------------------------------------
635	6.281150e-01	3.864057e+00	3.666177e+00	
636	6.291150e-01	3.961822e+00	3.763294e+00	
637	6.301150e-01	4.055678e+00	3.856541e+00	
638	6.311150e-01	4.145531e+00	3.945826e+00	
639	6.321150e-01	4.231293e+00	4.031056e+00	
640	6.331150e-01	4.312879e+00	4.112147e+00	
641	6.341150e-01	4.390208e+00	4.189016e+00	
642	6.351150e-01	4.463206e+00	4.261585e+00	
643	6.361150e-01	4.531798e+00	4.329782e+00	
644	6.371150e-01	4.595918e+00	4.393537e+00	
645	6.381150e-01	4.655503e+00	4.452788e+00	
646	6.391150e-01	4.710493e+00	4.507473e+00	
647	6.401150e-01	4.760834e+00	4.557538e+00	
648	6.411150e-01	4.806478e+00	4.602934e+00	
649	6.421150e-01	4.847377e+00	4.643614e+00	
650	6.431150e-01	4.883493e+00	4.679537e+00	
651	6.441150e-01	4.914790e+00	4.710667e+00	
652	6.451150e-01	4.941236e+00	4.736974e+00	
653	6.461150e-01	4.962805e+00	4.758431e+00	
654	6.471150e-01	4.979478e+00	4.775016e+00	
655	6.481150e-01	4.991235e+00	4.786713e+00	
656	6.491150e-01	4.998068e+00	4.793509e+00	
657	6.501150e-01	4.999967e+00	4.795399e+00	
658	6.511150e-01	4.996933e+00	4.792380e+00	
659	6.521150e-01	4.988967e+00	4.784456e+00	
660	6.531150e-01	4.976077e+00	4.771633e+00	
661	6.541150e-01	4.958277e+00	4.753926e+00	
662	6.551150e-01	4.935583e+00	4.731352e+00	
663	6.561150e-01	4.908019e+00	4.703932e+00	
664	6.571150e-01	4.875611e+00	4.671697e+00	
665	6.581150e-01	4.838391e+00	4.634676e+00	
666	6.591150e-01	4.796397e+00	4.592908e+00	
667	6.601150e-01	4.749669e+00	4.546434e+00	
668	6.611150e-01	4.698253e+00	4.495301e+00	
669	6.621150e-01	4.642201e+00	4.439560e+00	
670	6.631150e-01	4.581568e+00	4.379268e+00	
671	6.641150e-01	4.516413e+00	4.314485e+00	
672	6.651150e-01	4.446801e+00	4.245276e+00	
673	6.661150e-01	4.372801e+00	4.171711e+00	
674	6.671150e-01	4.294485e+00	4.093865e+00	
675	6.681150e-01	4.211931e+00	4.011814e+00	
676	6.691150e-01	4.125221e+00	3.925643e+00	
677	6.701150e-01	4.034439e+00	3.835439e+00	
678	6.711150e-01	3.939676e+00	3.741293e+00	
679	6.721150e-01	3.841025e+00	3.643300e+00	
680	6.731150e-01	3.738583e+00	3.541560e+00	
681	6.741150e-01	3.632452e+00	3.436176e+00	
682	6.751150e-01	3.522736e+00	3.327256e+00	
683	6.761150e-01	3.409543e+00	3.214912e+00	
684	6.771150e-01	3.292986e+00	3.099259e+00	
685	6.781150e-01	3.173179e+00	2.980416e+00	
686	6.791150e-01	3.050240e+00	2.858506e+00	
687	6.801150e-01	2.924291e+00	2.733655e+00	
688	6.811150e-01	2.795456e+00	2.605996e+00	
689	6.821150e-01	2.663862e+00	2.475661e+00	
690	6.831150e-01	2.529640e+00	2.342792e+00	
691	6.841150e-01	2.392921e+00	2.207528e+00	
692	6.851150e-01	2.253840e+00	2.070021e+00	

Index   time            in              out             
--------------------------------------------------------------------------------
693	6.861150e-01	2.112535e+00	1.930421e+00	
694	6.871150e-01	1.969146e+00	1.788890e+00	
695	6.881150e-01	1.823813e+00	1.645591e+00	
696	6.891150e-01	1.676680e+00	1.500701e+00	
697	6.901150e-01	1.527892e+00	1.354405e+00	
698	6.911150e-01	1.377597e+00	1.206907e+00	
699	6.921150e-01	1.225942e+00	1.058431e+00	
700	6.931150e-01	1.073077e+00	9.092416e-01	
701	6.941150e-01	9.191538e-01	7.596556e-01	
702	6.951150e-01	7.643229e-01	6.101045e-01	
703	6.961150e-01	6.087378e-01	4.612285e-01	
704	6.971150e-01	4.525520e-01	3.141822e-01	
705	6.981150e-01	2.959195e-01	1.720933e-01	
706	6.991150e-01	1.389950e-01	4.633836e-02	
707	7.001150e-01	-1.80667e-02	-5.44620e-04	
708	7.011150e-01	-1.75111e-01	-9.82295e-04	
709	7.021150e-01	-3.31982e-01	-1.02207e-03	
710	7.031150e-01	-4.88525e-01	-9.83997e-04	
711	7.041150e-01	-6.44586e-01	-1.02145e-03	
712	7.051150e-01	-8.00011e-01	-9.83362e-04	
713	7.061150e-01	-9.54647e-01	-1.02090e-03	
714	7.071150e-01	-1.10834e+00	-9.82913e-04	
715	7.081150e-01	-1.26094e+00	-1.02051e-03	
716	7.091150e-01	-1.41230e+00	-9.82579e-04	
717	7.101150e-01	-1.56226e+00	-1.02021e-03	
718	7.111150e-01	-1.71068e+00	-9.82315e-04	
719	7.121150e-01	-1.85741e+00	-1.01997e-03	
720	7.131150e-01	-2.00231e+00	-9.82094e-04	
721	7.141150e-01	-2.14523e+00	-1.01976e-03	
722	7.151150e-01	-2.28604e+00	-9.81901e-04	
723	7.161150e-01	-2.42458e+00	-1.01957e-03	
724	7.171150e-01	-2.56074e+00	-9.81729e-04	
725	7.181150e-01	-2.69437e+00	-1.01940e-03	
726	7.191150e-01	-2.82534e+00	-9.81571e-04	
727	7.201150e-01	-2.95352e+00	-1.01924e-03	
728	7.211150e-01	-3.07879e+00	-9.81423e-04	
729	7.221150e-01	-3.20102e+00	-1.01909e-03	
730	7.231150e-01	-3.32009e+00	-9.81283e-04	
731	7.241150e-01	-3.43588e+00	-1.01895e-03	
732	7.251150e-01	-3.54829e+00	-9.81149e-04	
733	7.261150e-01	-3.65719e+00	-1.01882e-03	
734	7.271150e-01	-3.76248e+00	-9.81019e-04	
735	7.281150e-01	-3.86406e+00	-1.01869e-03	
736	7.291150e-01	-3.96182e+00	-9.80893e-04	
737	7.301150e-01	-4.05568e+00	-1.01856e-03	
738	7.311150e-01	-4.14553e+00	-9.80770e-04	
739	7.321150e-01	-4.23129e+00	-1.01843e-03	
740	7.331150e-01	-4.31288e+00	-9.80648e-04	
741	7.341150e-01	-4.39021e+00	-1.01831e-03	
742	7.351150e-01	-4.46321e+00	-9.80528e-04	
743	7.361150e-01	-4.53180e+00	-1.01818e-03	
744	7.371150e-01	-4.59592e+00	-9.80410e-04	
745	7.381150e-01	-4.65550e+00	-1.01806e-03	
746	7.391150e-01	-4.71049e+00	-9.80292e-04	
747	7.401150e-01	-4.76083e+00	-1.01794e-03	
748	7.411150e-01	-4.80648e+00	-9.80175e-04	
749	7.421150e-01	-4.84738e+00	-1.01782e-03	
750	7.431150e-01	-4.88349e+00	-9.80059e-04	

Index   time            in              out             
--------------------------------------------------------------------------------
751	7.441150e-01	-4.91479e+00	-1.01770e-03	
752	7.451150e-01	-4.94124e+00	-9.79943e-04	
753	7.461150e-01	-4.96281e+00	-1.01758e-03	
754	7.471150e-01	-4.97948e+00	-9.79827e-04	
755	7.481150e-01	-4.99124e+00	-1.01746e-03	
756	7.491150e-01	-4.99807e+00	-9.79711e-04	
757	7.501150e-01	-4.99997e+00	-1.01734e-03	
758	7.511150e-01	-4.99693e+00	-9.79596e-04	
759	7.521150e-01	-4.98897e+00	-1.01722e-03	
760	7.531150e-01	-4.97608e+00	-9.79480e-04	
761	7.541150e-01	-4.95828e+00	-1.01710e-03	
762	7.551150e-01	-4.93558e+00	-9.79364e-04	
763	7.561150e-01	-4.90802e+00	-1.01698e-03	
764	7.571150e-01	-4.87561e+00	-9.79248e-04	
765	7.581150e-01	-4.83839e+00	-1.01686e-03	
766	7.591150e-01	-4.79640e+00	-9.79131e-04	
767	7.601150e-01	-4.74967e+00	-1.01674e-03	
768	7.611150e-01	-4.69825e+00	-9.79014e-04	
769	7.621150e-01	-4.64220e+00	-1.01662e-03	
770	7.631150e-01	-4.58157e+00	-9.78896e-04	
771	7.641150e-01	-4.51641e+00	-1.01650e-03	
772	7.651150e-01	-4.44680e+00	-9.78777e-04	
773	7.661150e-01	-4.37280e+00	-1.01638e-03	
774	7.671150e-01	-4.29449e+00	-9.78656e-04	
775	7.681150e-01	-4.21193e+00	-1.01625e-03	
776	7.691150e-01	-4.12522e+00	-9.78534e-04	
777	7.701150e-01	-4.03444e+00	-1.01613e-03	
778	7.711150e-01	-3.93968e+00	-9.78410e-04	
779	7.721150e-01	-3.84102e+00	-1.01600e-03	
780	7.731150e-01	-3.73858e+00	-9.78283e-04	
781	7.741150e-01	-3.63245e+00	-1.01586e-03	
782	7.751150e-01	-3.52274e+00	-9.78153e-04	
783	7.761150e-01	-3.40954e+00	-1.01573e-03	
784	7.771150e-01	-3.29299e+00	-9.78017e-04	
785	7.781150e-01	-3.17318e+00	-1.01558e-03	
786	7.791150e-01	-3.05024e+00	-9.77876e-04	
787	7.801150e-01	-2.92429e+00	-1.01543e-03	
788	7.811150e-01	-2.79546e+00	-9.77726e-04	
789	7.821150e-01	-2.66386e+00	-1.01527e-03	
790	7.831150e-01	-2.52964e+00	-9.77565e-04	
791	7.841150e-01	-2.39292e+00	-1.01510e-03	
792	7.851150e-01	-2.25384e+00	-9.77389e-04	
793	7.861150e-01	-2.11254e+00	-1.01491e-03	
794	7.871150e-01	-1.96915e+00	-9.77192e-04	
795	7.881150e-01	-1.82381e+00	-1.01469e-03	
796	7.891150e-01	-1.67668e+00	-9.76963e-04	
797	7.901150e-01	-1.52789e+00	-1.01444e-03	
798	7.911150e-01	-1.37760e+00	-9.76685e-04	
799	7.921150e-01	-1.22594e+00	-1.01412e-03	
800	7.931150e-01	-1.07308e+00	-9.76325e-04	
801	7.941150e-01	-9.19154e-01	-1.01369e-03	
802	7.951150e-01	-7.64323e-01	-9.75803e-04	
803	7.961150e-01	-6.08738e-01	-1.01300e-03	
804	7.971150e-01	-4.52552e-01	-9.74830e-04	
805	7.981150e-01	-2.95919e-01	-1.01120e-03	
806	7.991150e-01	-1.38995e-01	-9.66079e-04	
807	8.001150e-01	1.806670e-02	1.022726e-03	
808	8.011150e-01	1.751106e-01	7.202554e-02	

Index   time            in              out             
--------------------------------------------------------------------------------
809	8.021150e-01	3.319816e-01	2.040767e-01	
810	8.031150e-01	4.885250e-01	3.477284e-01	
811	8.041150e-01	6.445863e-01	4.950194e-01	
812	8.051150e-01	8.000115e-01	6.443366e-01	
813	8.061150e-01	9.546472e-01	7.940580e-01	
814	8.071150e-01	1.108341e+00	9.436008e-01	
815	8.081150e-01	1.260940e+00	1.092654e+00	
816	8.091150e-01	1.412296e+00	1.240929e+00	
817	8.101150e-01	1.562257e+00	1.388170e+00	
818	8.111150e-01	1.710677e+00	1.534161e+00	
819	8.121150e-01	1.857409e+00	1.678701e+00	
820	8.131150e-01	2.002307e+00	1.821609e+00	
821	8.141150e-01	2.145230e+00	1.962711e+00	
822	8.151150e-01	2.286035e+00	2.101843e+00	
823	8.161150e-01	2.424585e+00	2.238847e+00	
824	8.171150e-01	2.560741e+00	2.373573e+00	
825	8.181150e-01	2.694371e+00	2.505872e+00	
826	8.191150e-01	2.825341e+00	2.635604e+00	
827	8.201150e-01	2.953523e+00	2.762629e+00	
828	8.211150e-01	3.078791e+00	2.886814e+00	
829	8.221150e-01	3.201020e+00	3.008030e+00	
830	8.231150e-01	3.320090e+00	3.126150e+00	
831	8.241150e-01	3.435883e+00	3.241052e+00	
832	8.251150e-01	3.548286e+00	3.352619e+00	
833	8.261150e-01	3.657187e+00	3.460735e+00	
834	8.271150e-01	3.762479e+00	3.565290e+00	
835	8.281150e-01	3.864057e+00	3.666177e+00	
836	8.291150e-01	3.961822e+00	3.763294e+00	
837	8.301150e-01	4.055678e+00	3.856541e+00	
838	8.311150e-01	4.145531e+00	3.945826e+00	
839	8.321150e-01	4.231293e+00	4.031056e+00	
840	8.331150e-01	4.312879e+00	4.112147e+00	
841	8.341150e-01	4.390208e+00	4.189016e+00	
842	8.351150e-01	4.463206e+00	4.261585e+00	
843	8.361150e-01	4.531798e+00	4.329782e+00	
844	8.371150e-01	4.595918e+00	4.393537e+00	
845	8.381150e-01	4.655503e+00	4.452788e+00	
846	8.391150e-01	4.710493e+00	4.507473e+00	
847	8.401150e-01	4.760834e+00	4.557538e+00	
848	8.411150e-01	4.806478e+00	4.602934e+00	
849	8.421150e-01	4.847377e+00	4.643614e+00	
850	8.431150e-01	4.883493e+00	4.679537e+00	
851	8.441150e-01	4.914790e+00	4.710667e+00	
852	8.451150e-01	4.941236e+00	4.736974e+00	
853	8.461150e-01	4.962805e+00	4.758431e+00	
854	8.471150e-01	4.979478e+00	4.775016e+00	
855	8.481150e-01	4.991235e+00	4.786713e+00	
856	8.491150e-01	4.998068e+00	4.793509e+00	
857	8.501150e-01	4.999967e+00	4.795399e+00	
858	8.511150e-01	4.996933e+00	4.792380e+00	
859	8.521150e-01	4.988967e+00	4.784456e+00	
860	8.531150e-01	4.976077e+00	4.771633e+00	
861	8.541150e-01	4.958277e+00	4.753926e+00	
862	8.551150e-01	4.935583e+00	4.731352e+00	
863	8.561150e-01	4.908019e+00	4.703932e+00	
864	8.571150e-01	4.875611e+00	4.671697e+00	
865	8.581150e-01	4.838391e+00	4.634676e+00	
866	8.591150e-01	4.796397e+00	4.592908e+00	

Index   time            in              out             
--------------------------------------------------------------------------------
867	8.601150e-01	4.749669e+00	4.546434e+00	
868	8.611150e-01	4.698253e+00	4.495301e+00	
869	8.621150e-01	4.642201e+00	4.439560e+00	
870	8.631150e-01	4.581568e+00	4.379268e+00	
871	8.641150e-01	4.516413e+00	4.314485e+00	
872	8.651150e-01	4.446801e+00	4.245276e+00	
873	8.661150e-01	4.372801e+00	4.171711e+00	
874	8.671150e-01	4.294485e+00	4.093865e+00	
875	8.681150e-01	4.211931e+00	4.011814e+00	
876	8.691150e-01	4.125221e+00	3.925643e+00	
877	8.701150e-01	4.034439e+00	3.835439e+00	
878	8.711150e-01	3.939676e+00	3.741293e+00	
879	8.721150e-01	3.841025e+00	3.643299e+00	
880	8.731150e-01	3.738583e+00	3.541560e+00	
881	8.741150e-01	3.632452e+00	3.436176e+00	
882	8.751150e-01	3.522736e+00	3.327257e+00	
883	8.761150e-01	3.409543e+00	3.214912e+00	
884	8.771150e-01	3.292986e+00	3.099259e+00	
885	8.781150e-01	3.173179e+00	2.980416e+00	
886	8.791150e-01	3.050240e+00	2.858506e+00	
887	8.801150e-01	2.924291e+00	2.733655e+00	
888	8.811150e-01	2.795456e+00	2.605996e+00	
889	8.821150e-01	2.663862e+00	2.475661e+00	
890	8.831150e-01	2.529640e+00	2.342792e+00	
891	8.841150e-01	2.392921e+00	2.207528e+00	
892	8.851150e-01	2.253840e+00	2.070021e+00	
893	8.861150e-01	2.112535e+00	1.930421e+00	
894	8.871150e-01	1.969146e+00	1.788890e+00	
895	8.881150e-01	1.823813e+00	1.645591e+00	
896	8.891150e-01	1.676680e+00	1.500701e+00	
897	8.901150e-01	1.527892e+00	1.354405e+00	
898	8.911150e-01	1.377597e+00	1.206907e+00	
899	8.921150e-01	1.225942e+00	1.058431e+00	
900	8.931150e-01	1.073077e+00	9.092418e-01	
901	8.941150e-01	9.191538e-01	7.596554e-01	
902	8.951150e-01	7.643229e-01	6.101046e-01	
903	8.961150e-01	6.087378e-01	4.612282e-01	
904	8.971150e-01	4.525520e-01	3.141824e-01	
905	8.981150e-01	2.959195e-01	1.720927e-01	
906	8.991150e-01	1.389950e-01	4.634013e-02	
907	9.001150e-01	-1.80667e-02	-5.49793e-04	
908	9.011150e-01	-1.75111e-01	-9.77020e-04	
909	9.021150e-01	-3.31982e-01	-1.02734e-03	
910	9.031150e-01	-4.88525e-01	-9.78723e-04	
911	9.041150e-01	-6.44586e-01	-1.02672e-03	
912	9.051150e-01	-8.00011e-01	-9.78090e-04	
913	9.061150e-01	-9.54647e-01	-1.02618e-03	
914	9.071150e-01	-1.10834e+00	-9.77641e-04	
915	9.081150e-01	-1.26094e+00	-1.02578e-03	
916	9.091150e-01	-1.41230e+00	-9.77308e-04	
917	9.101150e-01	-1.56226e+00	-1.02548e-03	
918	9.111150e-01	-1.71068e+00	-9.77045e-04	
919	9.121150e-01	-1.85741e+00	-1.02524e-03	
920	9.131150e-01	-2.00231e+00	-9.76824e-04	
921	9.141150e-01	-2.14523e+00	-1.02502e-03	
922	9.151150e-01	-2.28604e+00	-9.76633e-04	
923	9.161150e-01	-2.42458e+00	-1.02484e-03	
924	9.171150e-01	-2.56074e+00	-9.76461e-04	

Index   time            in              out             
--------------------------------------------------------------------------------
925	9.181150e-01	-2.69437e+00	-1.02467e-03	
926	9.191150e-01	-2.82534e+00	-9.76303e-04	
927	9.201150e-01	-2.95352e+00	-1.02451e-03	
928	9.211150e-01	-3.07879e+00	-9.76156e-04	
929	9.221150e-01	-3.20102e+00	-1.02436e-03	
930	9.231150e-01	-3.32009e+00	-9.76017e-04	
931	9.241150e-01	-3.43588e+00	-1.02422e-03	
932	9.251150e-01	-3.54829e+00	-9.75883e-04	
933	9.261150e-01	-3.65719e+00	-1.02408e-03	
934	9.271150e-01	-3.76248e+00	-9.75754e-04	
935	9.281150e-01	-3.86406e+00	-1.02395e-03	
936	9.291150e-01	-3.96182e+00	-9.75629e-04	
937	9.301150e-01	-4.05568e+00	-1.02382e-03	
938	9.311150e-01	-4.14553e+00	-9.75506e-04	
939	9.321150e-01	-4.23129e+00	-1.02369e-03	
940	9.331150e-01	-4.31288e+00	-9.75385e-04	
941	9.341150e-01	-4.39021e+00	-1.02357e-03	
942	9.351150e-01	-4.46321e+00	-9.75266e-04	
943	9.361150e-01	-4.53180e+00	-1.02345e-03	
944	9.371150e-01	-4.59592e+00	-9.75147e-04	
945	9.381150e-01	-4.65550e+00	-1.02332e-03	
946	9.391150e-01	-4.71049e+00	-9.75030e-04	
947	9.401150e-01	-4.76083e+00	-1.02320e-03	
948	9.411150e-01	-4.80648e+00	-9.74914e-04	
949	9.421150e-01	-4.84738e+00	-1.02308e-03	
950	9.431150e-01	-4.88349e+00	-9.74798e-04	
951	9.441150e-01	-4.91479e+00	-1.02296e-03	
952	9.451150e-01	-4.94124e+00	-9.74682e-04	
953	9.461150e-01	-4.96281e+00	-1.02284e-03	
954	9.471150e-01	-4.97948e+00	-9.74567e-04	
955	9.481150e-01	-4.99124e+00	-1.02272e-03	
956	9.491150e-01	-4.99807e+00	-9.74452e-04	
957	9.501150e-01	-4.99997e+00	-1.02260e-03	
958	9.511150e-01	-4.99693e+00	-9.74337e-04	
959	9.521150e-01	-4.98897e+00	-1.02248e-03	
960	9.531150e-01	-4.97608e+00	-9.74222e-04	
961	9.541150e-01	-4.95828e+00	-1.02236e-03	
962	9.551150e-01	-4.93558e+00	-9.74106e-04	
963	9.561150e-01	-4.90802e+00	-1.02224e-03	
964	9.571150e-01	-4.87561e+00	-9.73990e-04	
965	9.581150e-01	-4.83839e+00	-1.02212e-03	
966	9.591150e-01	-4.79640e+00	-9.73874e-04	
967	9.601150e-01	-4.74967e+00	-1.02200e-03	
968	9.611150e-01	-4.69825e+00	-9.73758e-04	
969	9.621150e-01	-4.64220e+00	-1.02188e-03	
970	9.631150e-01	-4.58157e+00	-9.73640e-04	
971	9.641150e-01	-4.51641e+00	-1.02176e-03	
972	9.651150e-01	-4.44680e+00	-9.73522e-04	
973	9.661150e-01	-4.37280e+00	-1.02163e-03	
974	9.671150e-01	-4.29449e+00	-9.73402e-04	
975	9.681150e-01	-4.21193e+00	-1.02151e-03	
976	9.691150e-01	-4.12522e+00	-9.73280e-04	
977	9.701150e-01	-4.03444e+00	-1.02138e-03	
978	9.711150e-01	-3.93968e+00	-9.73157e-04	
979	9.721150e-01	-3.84102e+00	-1.02125e-03	
980	9.731150e-01	-3.73858e+00	-9.73030e-04	
981	9.741150e-01	-3.63245e+00	-1.02112e-03	
982	9.751150e-01	-3.52274e+00	-9.72900e-04	

Index   time            in              out             
--------------------------------------------------------------------------------
983	9.761150e-01	-3.40954e+00	-1.02098e-03	
984	9.771150e-01	-3.29299e+00	-9.72765e-04	
985	9.781150e-01	-3.17318e+00	-1.02084e-03	
986	9.791150e-01	-3.05024e+00	-9.72625e-04	
987	9.801150e-01	-2.92429e+00	-1.02068e-03	
988	9.811150e-01	-2.79546e+00	-9.72475e-04	
989	9.821150e-01	-2.66386e+00	-1.02052e-03	
990	9.831150e-01	-2.52964e+00	-9.72315e-04	
991	9.841150e-01	-2.39292e+00	-1.02035e-03	
992	9.851150e-01	-2.25384e+00	-9.72140e-04	
993	9.861150e-01	-2.11254e+00	-1.02016e-03	
994	9.871150e-01	-1.96915e+00	-9.71943e-04	
995	9.881150e-01	-1.82381e+00	-1.01994e-03	
996	9.891150e-01	-1.67668e+00	-9.71715e-04	
997	9.901150e-01	-1.52789e+00	-1.01969e-03	
998	9.911150e-01	-1.37760e+00	-9.71438e-04	
999	9.921150e-01	-1.22594e+00	-1.01937e-03	
1000	9.931150e-01	-1.07308e+00	-9.71079e-04	
1001	9.941150e-01	-9.19154e-01	-1.01893e-03	
1002	9.951150e-01	-7.64323e-01	-9.70558e-04	
1003	9.961150e-01	-6.08738e-01	-1.01825e-03	
1004	9.971150e-01	-4.52552e-01	-9.69586e-04	
1005	9.981150e-01	-2.95919e-01	-1.01644e-03	
1006	9.991150e-01	-1.38995e-01	-9.60837e-04	
1007	1.000000e+00	-6.12303e-15	-1.44171e-05	
