* c:\users\mamat\esim-workspace\pmeg2005eb_half_wave_rectifier\pmeg2005eb_half_wave_rectifier.cir
Transient Analysis  Wed Jun 25 12:05:06  2025
--------------------------------------------------------------------------------
Index   time            alli            
--------------------------------------------------------------------------------
0	0.000000e+00	2.075198e-23	
1	1.000000e-05	-7.34221e-08	
2	2.000000e-05	-1.42119e-07	
3	4.000000e-05	-2.92327e-07	
4	8.000000e-05	-6.51031e-07	
5	1.600000e-04	-1.66453e-06	
6	3.200000e-04	-5.46311e-06	
7	6.400000e-04	-2.35804e-05	
8	1.262958e-03	-8.99770e-05	
9	2.115016e-03	-2.04061e-04	
10	3.115016e-03	-3.47780e-04	
11	4.115016e-03	-4.95040e-04	
12	5.115016e-03	-6.44335e-04	
13	6.115016e-03	-7.94057e-04	
14	7.115016e-03	-9.43600e-04	
15	8.115016e-03	-1.09265e-03	
16	9.115016e-03	-1.24093e-03	
17	1.011502e-02	-1.38817e-03	
18	1.111502e-02	-1.53416e-03	
19	1.211502e-02	-1.67870e-03	
20	1.311502e-02	-1.82161e-03	
21	1.411502e-02	-1.96271e-03	
22	1.511502e-02	-2.10184e-03	
23	1.611502e-02	-2.23885e-03	
24	1.711502e-02	-2.37357e-03	
25	1.811502e-02	-2.50587e-03	
26	1.911502e-02	-2.63560e-03	
27	2.011502e-02	-2.76263e-03	
28	2.111502e-02	-2.88681e-03	
29	2.211502e-02	-3.00803e-03	
30	2.311502e-02	-3.12615e-03	
31	2.411502e-02	-3.24105e-03	
32	2.511502e-02	-3.35262e-03	
33	2.611502e-02	-3.46073e-03	
34	2.711502e-02	-3.56529e-03	
35	2.811502e-02	-3.66618e-03	
36	2.911502e-02	-3.76329e-03	
37	3.011502e-02	-3.85654e-03	
38	3.111502e-02	-3.94583e-03	
39	3.211502e-02	-4.03106e-03	
40	3.311502e-02	-4.11215e-03	
41	3.411502e-02	-4.18902e-03	
42	3.511502e-02	-4.26158e-03	
43	3.611502e-02	-4.32978e-03	
44	3.711502e-02	-4.39354e-03	
45	3.811502e-02	-4.45279e-03	
46	3.911502e-02	-4.50747e-03	
47	4.011502e-02	-4.55754e-03	
48	4.111502e-02	-4.60293e-03	
49	4.211502e-02	-4.64361e-03	
50	4.311502e-02	-4.67954e-03	
51	4.411502e-02	-4.71067e-03	
52	4.511502e-02	-4.73697e-03	
53	4.611502e-02	-4.75843e-03	
54	4.711502e-02	-4.77502e-03	

Index   time            alli            
--------------------------------------------------------------------------------
55	4.811502e-02	-4.78671e-03	
56	4.911502e-02	-4.79351e-03	
57	5.011502e-02	-4.79540e-03	
58	5.111502e-02	-4.79238e-03	
59	5.211502e-02	-4.78446e-03	
60	5.311502e-02	-4.77163e-03	
61	5.411502e-02	-4.75393e-03	
62	5.511502e-02	-4.73135e-03	
63	5.611502e-02	-4.70393e-03	
64	5.711502e-02	-4.67170e-03	
65	5.811502e-02	-4.63468e-03	
66	5.911502e-02	-4.59291e-03	
67	6.011502e-02	-4.54643e-03	
68	6.111502e-02	-4.49530e-03	
69	6.211502e-02	-4.43956e-03	
70	6.311502e-02	-4.37927e-03	
71	6.411502e-02	-4.31449e-03	
72	6.511502e-02	-4.24528e-03	
73	6.611502e-02	-4.17171e-03	
74	6.711502e-02	-4.09386e-03	
75	6.811502e-02	-4.01181e-03	
76	6.911502e-02	-3.92564e-03	
77	7.011502e-02	-3.83544e-03	
78	7.111502e-02	-3.74129e-03	
79	7.211502e-02	-3.64330e-03	
80	7.311502e-02	-3.54156e-03	
81	7.411502e-02	-3.43618e-03	
82	7.511502e-02	-3.32726e-03	
83	7.611502e-02	-3.21491e-03	
84	7.711502e-02	-3.09926e-03	
85	7.811502e-02	-2.98042e-03	
86	7.911502e-02	-2.85851e-03	
87	8.011502e-02	-2.73366e-03	
88	8.111502e-02	-2.60600e-03	
89	8.211502e-02	-2.47566e-03	
90	8.311502e-02	-2.34279e-03	
91	8.411502e-02	-2.20753e-03	
92	8.511502e-02	-2.07002e-03	
93	8.611502e-02	-1.93042e-03	
94	8.711502e-02	-1.78889e-03	
95	8.811502e-02	-1.64559e-03	
96	8.911502e-02	-1.50070e-03	
97	9.011502e-02	-1.35440e-03	
98	9.111502e-02	-1.20691e-03	
99	9.211502e-02	-1.05843e-03	
100	9.311502e-02	-9.09241e-04	
101	9.411502e-02	-7.59656e-04	
102	9.511502e-02	-6.10104e-04	
103	9.611502e-02	-4.61229e-04	
104	9.711502e-02	-3.14181e-04	
105	9.811502e-02	-1.72095e-04	
106	9.911502e-02	-4.63329e-05	
107	1.001150e-01	5.288548e-07	
108	1.011150e-01	9.983722e-07	
109	1.021150e-01	1.005993e-06	
110	1.031150e-01	1.000071e-06	
111	1.041150e-01	1.005375e-06	
112	1.051150e-01	9.994330e-07	

Index   time            alli            
--------------------------------------------------------------------------------
113	1.061150e-01	1.004834e-06	
114	1.071150e-01	9.989802e-07	
115	1.081150e-01	1.004447e-06	
116	1.091150e-01	9.986442e-07	
117	1.101150e-01	1.004149e-06	
118	1.111150e-01	9.983773e-07	
119	1.121150e-01	1.003905e-06	
120	1.131150e-01	9.981538e-07	
121	1.141150e-01	1.003697e-06	
122	1.151150e-01	9.979592e-07	
123	1.161150e-01	1.003512e-06	
124	1.171150e-01	9.977847e-07	
125	1.181150e-01	1.003345e-06	
126	1.191150e-01	9.976246e-07	
127	1.201150e-01	1.003190e-06	
128	1.211150e-01	9.974749e-07	
129	1.221150e-01	1.003043e-06	
130	1.231150e-01	9.973331e-07	
131	1.241150e-01	1.002904e-06	
132	1.251150e-01	9.971973e-07	
133	1.261150e-01	1.002770e-06	
134	1.271150e-01	9.970659e-07	
135	1.281150e-01	1.002640e-06	
136	1.291150e-01	9.969381e-07	
137	1.301150e-01	1.002513e-06	
138	1.311150e-01	9.968130e-07	
139	1.321150e-01	1.002389e-06	
140	1.331150e-01	9.966900e-07	
141	1.341150e-01	1.002266e-06	
142	1.351150e-01	9.965685e-07	
143	1.361150e-01	1.002144e-06	
144	1.371150e-01	9.964483e-07	
145	1.381150e-01	1.002024e-06	
146	1.391150e-01	9.963291e-07	
147	1.401150e-01	1.001905e-06	
148	1.411150e-01	9.962106e-07	
149	1.421150e-01	1.001786e-06	
150	1.431150e-01	9.960927e-07	
151	1.441150e-01	1.001668e-06	
152	1.451150e-01	9.959751e-07	
153	1.461150e-01	1.001550e-06	
154	1.471150e-01	9.958578e-07	
155	1.481150e-01	1.001432e-06	
156	1.491150e-01	9.957405e-07	
157	1.501150e-01	1.001314e-06	
158	1.511150e-01	9.956234e-07	
159	1.521150e-01	1.001197e-06	
160	1.531150e-01	9.955061e-07	
161	1.541150e-01	1.001079e-06	
162	1.551150e-01	9.953887e-07	
163	1.561150e-01	1.000961e-06	
164	1.571150e-01	9.952709e-07	
165	1.581150e-01	1.000842e-06	
166	1.591150e-01	9.951527e-07	
167	1.601150e-01	1.000723e-06	
168	1.611150e-01	9.950339e-07	
169	1.621150e-01	1.000603e-06	
170	1.631150e-01	9.949143e-07	

Index   time            alli            
--------------------------------------------------------------------------------
171	1.641150e-01	1.000483e-06	
172	1.651150e-01	9.947937e-07	
173	1.661150e-01	1.000361e-06	
174	1.671150e-01	9.946718e-07	
175	1.681150e-01	1.000238e-06	
176	1.691150e-01	9.945481e-07	
177	1.701150e-01	1.000112e-06	
178	1.711150e-01	9.944223e-07	
179	1.721150e-01	9.999846e-07	
180	1.731150e-01	9.942936e-07	
181	1.741150e-01	9.998535e-07	
182	1.751150e-01	9.941612e-07	
183	1.761150e-01	9.997184e-07	
184	1.771150e-01	9.940241e-07	
185	1.781150e-01	9.995777e-07	
186	1.791150e-01	9.938808e-07	
187	1.801150e-01	9.994299e-07	
188	1.811150e-01	9.937292e-07	
189	1.821150e-01	9.992725e-07	
190	1.831150e-01	9.935665e-07	
191	1.841150e-01	9.991020e-07	
192	1.851150e-01	9.933885e-07	
193	1.861150e-01	9.989135e-07	
194	1.871150e-01	9.931889e-07	
195	1.881150e-01	9.986989e-07	
196	1.891150e-01	9.929577e-07	
197	1.901150e-01	9.984452e-07	
198	1.911150e-01	9.926775e-07	
199	1.921150e-01	9.981286e-07	
200	1.931150e-01	9.923145e-07	
201	1.941150e-01	9.976992e-07	
202	1.951150e-01	9.917898e-07	
203	1.961150e-01	9.970181e-07	
204	1.971150e-01	9.908135e-07	
205	1.981150e-01	9.952146e-07	
206	1.991150e-01	9.820554e-07	
207	2.001150e-01	-1.03746e-06	
208	2.011150e-01	-7.20218e-05	
209	2.021150e-01	-2.04078e-04	
210	2.031150e-01	-3.47728e-04	
211	2.041150e-01	-4.95020e-04	
212	2.051150e-01	-6.44336e-04	
213	2.061150e-01	-7.94058e-04	
214	2.071150e-01	-9.43600e-04	
215	2.081150e-01	-1.09265e-03	
216	2.091150e-01	-1.24093e-03	
217	2.101150e-01	-1.38817e-03	
218	2.111150e-01	-1.53416e-03	
219	2.121150e-01	-1.67870e-03	
220	2.131150e-01	-1.82161e-03	
221	2.141150e-01	-1.96271e-03	
222	2.151150e-01	-2.10184e-03	
223	2.161150e-01	-2.23885e-03	
224	2.171150e-01	-2.37357e-03	
225	2.181150e-01	-2.50587e-03	
226	2.191150e-01	-2.63560e-03	
227	2.201150e-01	-2.76263e-03	
228	2.211150e-01	-2.88681e-03	

Index   time            alli            
--------------------------------------------------------------------------------
229	2.221150e-01	-3.00803e-03	
230	2.231150e-01	-3.12615e-03	
231	2.241150e-01	-3.24105e-03	
232	2.251150e-01	-3.35262e-03	
233	2.261150e-01	-3.46073e-03	
234	2.271150e-01	-3.56529e-03	
235	2.281150e-01	-3.66618e-03	
236	2.291150e-01	-3.76329e-03	
237	2.301150e-01	-3.85654e-03	
238	2.311150e-01	-3.94583e-03	
239	2.321150e-01	-4.03106e-03	
240	2.331150e-01	-4.11215e-03	
241	2.341150e-01	-4.18902e-03	
242	2.351150e-01	-4.26158e-03	
243	2.361150e-01	-4.32978e-03	
244	2.371150e-01	-4.39354e-03	
245	2.381150e-01	-4.45279e-03	
246	2.391150e-01	-4.50747e-03	
247	2.401150e-01	-4.55754e-03	
248	2.411150e-01	-4.60293e-03	
249	2.421150e-01	-4.64361e-03	
250	2.431150e-01	-4.67954e-03	
251	2.441150e-01	-4.71067e-03	
252	2.451150e-01	-4.73697e-03	
253	2.461150e-01	-4.75843e-03	
254	2.471150e-01	-4.77502e-03	
255	2.481150e-01	-4.78671e-03	
256	2.491150e-01	-4.79351e-03	
257	2.501150e-01	-4.79540e-03	
258	2.511150e-01	-4.79238e-03	
259	2.521150e-01	-4.78446e-03	
260	2.531150e-01	-4.77163e-03	
261	2.541150e-01	-4.75393e-03	
262	2.551150e-01	-4.73135e-03	
263	2.561150e-01	-4.70393e-03	
264	2.571150e-01	-4.67170e-03	
265	2.581150e-01	-4.63468e-03	
266	2.591150e-01	-4.59291e-03	
267	2.601150e-01	-4.54643e-03	
268	2.611150e-01	-4.49530e-03	
269	2.621150e-01	-4.43956e-03	
270	2.631150e-01	-4.37927e-03	
271	2.641150e-01	-4.31449e-03	
272	2.651150e-01	-4.24528e-03	
273	2.661150e-01	-4.17171e-03	
274	2.671150e-01	-4.09386e-03	
275	2.681150e-01	-4.01181e-03	
276	2.691150e-01	-3.92564e-03	
277	2.701150e-01	-3.83544e-03	
278	2.711150e-01	-3.74129e-03	
279	2.721150e-01	-3.64330e-03	
280	2.731150e-01	-3.54156e-03	
281	2.741150e-01	-3.43618e-03	
282	2.751150e-01	-3.32726e-03	
283	2.761150e-01	-3.21491e-03	
284	2.771150e-01	-3.09926e-03	
285	2.781150e-01	-2.98042e-03	
286	2.791150e-01	-2.85851e-03	

Index   time            alli            
--------------------------------------------------------------------------------
287	2.801150e-01	-2.73366e-03	
288	2.811150e-01	-2.60600e-03	
289	2.821150e-01	-2.47566e-03	
290	2.831150e-01	-2.34279e-03	
291	2.841150e-01	-2.20753e-03	
292	2.851150e-01	-2.07002e-03	
293	2.861150e-01	-1.93042e-03	
294	2.871150e-01	-1.78889e-03	
295	2.881150e-01	-1.64559e-03	
296	2.891150e-01	-1.50070e-03	
297	2.901150e-01	-1.35440e-03	
298	2.911150e-01	-1.20691e-03	
299	2.921150e-01	-1.05843e-03	
300	2.931150e-01	-9.09241e-04	
301	2.941150e-01	-7.59656e-04	
302	2.951150e-01	-6.10104e-04	
303	2.961150e-01	-4.61229e-04	
304	2.971150e-01	-3.14182e-04	
305	2.981150e-01	-1.72095e-04	
306	2.991150e-01	-4.63348e-05	
307	3.001150e-01	5.341515e-07	
308	3.011150e-01	9.929706e-07	
309	3.021150e-01	1.011394e-06	
310	3.031150e-01	9.946702e-07	
311	3.041150e-01	1.010774e-06	
312	3.051150e-01	9.940337e-07	
313	3.061150e-01	1.010233e-06	
314	3.071150e-01	9.935820e-07	
315	3.081150e-01	1.009845e-06	
316	3.091150e-01	9.932469e-07	
317	3.101150e-01	1.009546e-06	
318	3.111150e-01	9.929808e-07	
319	3.121150e-01	1.009301e-06	
320	3.131150e-01	9.927580e-07	
321	3.141150e-01	1.009092e-06	
322	3.151150e-01	9.925642e-07	
323	3.161150e-01	1.008907e-06	
324	3.171150e-01	9.923904e-07	
325	3.181150e-01	1.008739e-06	
326	3.191150e-01	9.922309e-07	
327	3.201150e-01	1.008583e-06	
328	3.211150e-01	9.920819e-07	
329	3.221150e-01	1.008436e-06	
330	3.231150e-01	9.919407e-07	
331	3.241150e-01	1.008296e-06	
332	3.251150e-01	9.918054e-07	
333	3.261150e-01	1.008162e-06	
334	3.271150e-01	9.916747e-07	
335	3.281150e-01	1.008031e-06	
336	3.291150e-01	9.915474e-07	
337	3.301150e-01	1.007904e-06	
338	3.311150e-01	9.914229e-07	
339	3.321150e-01	1.007778e-06	
340	3.331150e-01	9.913004e-07	
341	3.341150e-01	1.007655e-06	
342	3.351150e-01	9.911795e-07	
343	3.361150e-01	1.007533e-06	
344	3.371150e-01	9.910599e-07	

Index   time            alli            
--------------------------------------------------------------------------------
345	3.381150e-01	1.007412e-06	
346	3.391150e-01	9.909412e-07	
347	3.401150e-01	1.007293e-06	
348	3.411150e-01	9.908232e-07	
349	3.421150e-01	1.007173e-06	
350	3.431150e-01	9.907057e-07	
351	3.441150e-01	1.007054e-06	
352	3.451150e-01	9.905887e-07	
353	3.461150e-01	1.006936e-06	
354	3.471150e-01	9.904719e-07	
355	3.481150e-01	1.006818e-06	
356	3.491150e-01	9.903552e-07	
357	3.501150e-01	1.006699e-06	
358	3.511150e-01	9.902385e-07	
359	3.521150e-01	1.006581e-06	
360	3.531150e-01	9.901217e-07	
361	3.541150e-01	1.006463e-06	
362	3.551150e-01	9.900048e-07	
363	3.561150e-01	1.006344e-06	
364	3.571150e-01	9.898876e-07	
365	3.581150e-01	1.006225e-06	
366	3.591150e-01	9.897699e-07	
367	3.601150e-01	1.006106e-06	
368	3.611150e-01	9.896516e-07	
369	3.621150e-01	1.005985e-06	
370	3.631150e-01	9.895326e-07	
371	3.641150e-01	1.005864e-06	
372	3.651150e-01	9.894125e-07	
373	3.661150e-01	1.005742e-06	
374	3.671150e-01	9.892911e-07	
375	3.681150e-01	1.005618e-06	
376	3.691150e-01	9.891680e-07	
377	3.701150e-01	1.005492e-06	
378	3.711150e-01	9.890427e-07	
379	3.721150e-01	1.005364e-06	
380	3.731150e-01	9.889146e-07	
381	3.741150e-01	1.005232e-06	
382	3.751150e-01	9.887828e-07	
383	3.761150e-01	1.005096e-06	
384	3.771150e-01	9.886463e-07	
385	3.781150e-01	1.004955e-06	
386	3.791150e-01	9.885036e-07	
387	3.801150e-01	1.004807e-06	
388	3.811150e-01	9.883526e-07	
389	3.821150e-01	1.004649e-06	
390	3.831150e-01	9.881905e-07	
391	3.841150e-01	1.004478e-06	
392	3.851150e-01	9.880132e-07	
393	3.861150e-01	1.004288e-06	
394	3.871150e-01	9.878144e-07	
395	3.881150e-01	1.004073e-06	
396	3.891150e-01	9.875840e-07	
397	3.901150e-01	1.003819e-06	
398	3.911150e-01	9.873046e-07	
399	3.921150e-01	1.003501e-06	
400	3.931150e-01	9.869425e-07	
401	3.941150e-01	1.003071e-06	
402	3.951150e-01	9.864188e-07	

Index   time            alli            
--------------------------------------------------------------------------------
403	3.961150e-01	1.002389e-06	
404	3.971150e-01	9.854437e-07	
405	3.981150e-01	1.000584e-06	
406	3.991150e-01	9.766879e-07	
407	4.001150e-01	-1.03251e-06	
408	4.011150e-01	-7.20230e-05	
409	4.021150e-01	-2.04078e-04	
410	4.031150e-01	-3.47728e-04	
411	4.041150e-01	-4.95019e-04	
412	4.051150e-01	-6.44336e-04	
413	4.061150e-01	-7.94058e-04	
414	4.071150e-01	-9.43601e-04	
415	4.081150e-01	-1.09265e-03	
416	4.091150e-01	-1.24093e-03	
417	4.101150e-01	-1.38817e-03	
418	4.111150e-01	-1.53416e-03	
419	4.121150e-01	-1.67870e-03	
420	4.131150e-01	-1.82161e-03	
421	4.141150e-01	-1.96271e-03	
422	4.151150e-01	-2.10184e-03	
423	4.161150e-01	-2.23885e-03	
424	4.171150e-01	-2.37357e-03	
425	4.181150e-01	-2.50587e-03	
426	4.191150e-01	-2.63560e-03	
427	4.201150e-01	-2.76263e-03	
428	4.211150e-01	-2.88681e-03	
429	4.221150e-01	-3.00803e-03	
430	4.231150e-01	-3.12615e-03	
431	4.241150e-01	-3.24105e-03	
432	4.251150e-01	-3.35262e-03	
433	4.261150e-01	-3.46073e-03	
434	4.271150e-01	-3.56529e-03	
435	4.281150e-01	-3.66618e-03	
436	4.291150e-01	-3.76329e-03	
437	4.301150e-01	-3.85654e-03	
438	4.311150e-01	-3.94583e-03	
439	4.321150e-01	-4.03106e-03	
440	4.331150e-01	-4.11215e-03	
441	4.341150e-01	-4.18902e-03	
442	4.351150e-01	-4.26159e-03	
443	4.361150e-01	-4.32978e-03	
444	4.371150e-01	-4.39354e-03	
445	4.381150e-01	-4.45279e-03	
446	4.391150e-01	-4.50747e-03	
447	4.401150e-01	-4.55754e-03	
448	4.411150e-01	-4.60293e-03	
449	4.421150e-01	-4.64361e-03	
450	4.431150e-01	-4.67954e-03	
451	4.441150e-01	-4.71067e-03	
452	4.451150e-01	-4.73697e-03	
453	4.461150e-01	-4.75843e-03	
454	4.471150e-01	-4.77502e-03	
455	4.481150e-01	-4.78671e-03	
456	4.491150e-01	-4.79351e-03	
457	4.501150e-01	-4.79540e-03	
458	4.511150e-01	-4.79238e-03	
459	4.521150e-01	-4.78446e-03	
460	4.531150e-01	-4.77163e-03	

Index   time            alli            
--------------------------------------------------------------------------------
461	4.541150e-01	-4.75393e-03	
462	4.551150e-01	-4.73135e-03	
463	4.561150e-01	-4.70393e-03	
464	4.571150e-01	-4.67170e-03	
465	4.581150e-01	-4.63468e-03	
466	4.591150e-01	-4.59291e-03	
467	4.601150e-01	-4.54643e-03	
468	4.611150e-01	-4.49530e-03	
469	4.621150e-01	-4.43956e-03	
470	4.631150e-01	-4.37927e-03	
471	4.641150e-01	-4.31449e-03	
472	4.651150e-01	-4.24528e-03	
473	4.661150e-01	-4.17171e-03	
474	4.671150e-01	-4.09386e-03	
475	4.681150e-01	-4.01181e-03	
476	4.691150e-01	-3.92564e-03	
477	4.701150e-01	-3.83544e-03	
478	4.711150e-01	-3.74129e-03	
479	4.721150e-01	-3.64330e-03	
480	4.731150e-01	-3.54156e-03	
481	4.741150e-01	-3.43618e-03	
482	4.751150e-01	-3.32726e-03	
483	4.761150e-01	-3.21491e-03	
484	4.771150e-01	-3.09926e-03	
485	4.781150e-01	-2.98042e-03	
486	4.791150e-01	-2.85851e-03	
487	4.801150e-01	-2.73366e-03	
488	4.811150e-01	-2.60600e-03	
489	4.821150e-01	-2.47566e-03	
490	4.831150e-01	-2.34279e-03	
491	4.841150e-01	-2.20753e-03	
492	4.851150e-01	-2.07002e-03	
493	4.861150e-01	-1.93042e-03	
494	4.871150e-01	-1.78889e-03	
495	4.881150e-01	-1.64559e-03	
496	4.891150e-01	-1.50070e-03	
497	4.901150e-01	-1.35440e-03	
498	4.911150e-01	-1.20691e-03	
499	4.921150e-01	-1.05843e-03	
500	4.931150e-01	-9.09242e-04	
501	4.941150e-01	-7.59656e-04	
502	4.951150e-01	-6.10104e-04	
503	4.961150e-01	-4.61229e-04	
504	4.971150e-01	-3.14182e-04	
505	4.981150e-01	-1.72094e-04	
506	4.991150e-01	-4.63366e-05	
507	5.001150e-01	5.394065e-07	
508	5.011150e-01	9.876116e-07	
509	5.021150e-01	1.016753e-06	
510	5.031150e-01	9.893124e-07	
511	5.041150e-01	1.016132e-06	
512	5.051150e-01	9.886770e-07	
513	5.061150e-01	1.015589e-06	
514	5.071150e-01	9.882262e-07	
515	5.081150e-01	1.015200e-06	
516	5.091150e-01	9.878920e-07	
517	5.101150e-01	1.014900e-06	
518	5.111150e-01	9.876267e-07	

Index   time            alli            
--------------------------------------------------------------------------------
519	5.121150e-01	1.014655e-06	
520	5.131150e-01	9.874047e-07	
521	5.141150e-01	1.014445e-06	
522	5.151150e-01	9.872116e-07	
523	5.161150e-01	1.014259e-06	
524	5.171150e-01	9.870385e-07	
525	5.181150e-01	1.014090e-06	
526	5.191150e-01	9.868796e-07	
527	5.201150e-01	1.013934e-06	
528	5.211150e-01	9.867313e-07	
529	5.221150e-01	1.013787e-06	
530	5.231150e-01	9.865907e-07	
531	5.241150e-01	1.013646e-06	
532	5.251150e-01	9.864560e-07	
533	5.261150e-01	1.013511e-06	
534	5.271150e-01	9.863259e-07	
535	5.281150e-01	1.013380e-06	
536	5.291150e-01	9.861992e-07	
537	5.301150e-01	1.013251e-06	
538	5.311150e-01	9.860752e-07	
539	5.321150e-01	1.013126e-06	
540	5.331150e-01	9.859532e-07	
541	5.341150e-01	1.013002e-06	
542	5.351150e-01	9.858329e-07	
543	5.361150e-01	1.012880e-06	
544	5.371150e-01	9.857138e-07	
545	5.381150e-01	1.012758e-06	
546	5.391150e-01	9.855956e-07	
547	5.401150e-01	1.012638e-06	
548	5.411150e-01	9.854781e-07	
549	5.421150e-01	1.012518e-06	
550	5.431150e-01	9.853612e-07	
551	5.441150e-01	1.012399e-06	
552	5.451150e-01	9.852447e-07	
553	5.461150e-01	1.012280e-06	
554	5.471150e-01	9.851283e-07	
555	5.481150e-01	1.012161e-06	
556	5.491150e-01	9.850122e-07	
557	5.501150e-01	1.012042e-06	
558	5.511150e-01	9.848960e-07	
559	5.521150e-01	1.011923e-06	
560	5.531150e-01	9.847798e-07	
561	5.541150e-01	1.011804e-06	
562	5.551150e-01	9.846633e-07	
563	5.561150e-01	1.011685e-06	
564	5.571150e-01	9.845466e-07	
565	5.581150e-01	1.011566e-06	
566	5.591150e-01	9.844295e-07	
567	5.601150e-01	1.011446e-06	
568	5.611150e-01	9.843117e-07	
569	5.621150e-01	1.011325e-06	
570	5.631150e-01	9.841932e-07	
571	5.641150e-01	1.011203e-06	
572	5.651150e-01	9.840736e-07	
573	5.661150e-01	1.011080e-06	
574	5.671150e-01	9.839528e-07	
575	5.681150e-01	1.010956e-06	
576	5.691150e-01	9.838302e-07	

Index   time            alli            
--------------------------------------------------------------------------------
577	5.701150e-01	1.010830e-06	
578	5.711150e-01	9.837055e-07	
579	5.721150e-01	1.010701e-06	
580	5.731150e-01	9.835779e-07	
581	5.741150e-01	1.010569e-06	
582	5.751150e-01	9.834467e-07	
583	5.761150e-01	1.010432e-06	
584	5.771150e-01	9.833108e-07	
585	5.781150e-01	1.010290e-06	
586	5.791150e-01	9.831687e-07	
587	5.801150e-01	1.010141e-06	
588	5.811150e-01	9.830184e-07	
589	5.821150e-01	1.009983e-06	
590	5.831150e-01	9.828570e-07	
591	5.841150e-01	1.009811e-06	
592	5.851150e-01	9.826803e-07	
593	5.861150e-01	1.009621e-06	
594	5.871150e-01	9.824822e-07	
595	5.881150e-01	1.009405e-06	
596	5.891150e-01	9.822525e-07	
597	5.901150e-01	1.009150e-06	
598	5.911150e-01	9.819739e-07	
599	5.921150e-01	1.008831e-06	
600	5.931150e-01	9.816128e-07	
601	5.941150e-01	1.008400e-06	
602	5.951150e-01	9.810900e-07	
603	5.961150e-01	1.007717e-06	
604	5.971150e-01	9.801161e-07	
605	5.981150e-01	1.005911e-06	
606	5.991150e-01	9.713626e-07	
607	6.001150e-01	-1.02760e-06	
608	6.011150e-01	-7.20243e-05	
609	6.021150e-01	-2.04077e-04	
610	6.031150e-01	-3.47728e-04	
611	6.041150e-01	-4.95019e-04	
612	6.051150e-01	-6.44336e-04	
613	6.061150e-01	-7.94058e-04	
614	6.071150e-01	-9.43601e-04	
615	6.081150e-01	-1.09265e-03	
616	6.091150e-01	-1.24093e-03	
617	6.101150e-01	-1.38817e-03	
618	6.111150e-01	-1.53416e-03	
619	6.121150e-01	-1.67870e-03	
620	6.131150e-01	-1.82161e-03	
621	6.141150e-01	-1.96271e-03	
622	6.151150e-01	-2.10184e-03	
623	6.161150e-01	-2.23885e-03	
624	6.171150e-01	-2.37357e-03	
625	6.181150e-01	-2.50587e-03	
626	6.191150e-01	-2.63560e-03	
627	6.201150e-01	-2.76263e-03	
628	6.211150e-01	-2.88681e-03	
629	6.221150e-01	-3.00803e-03	
630	6.231150e-01	-3.12615e-03	
631	6.241150e-01	-3.24105e-03	
632	6.251150e-01	-3.35262e-03	
633	6.261150e-01	-3.46073e-03	
634	6.271150e-01	-3.56529e-03	

Index   time            alli            
--------------------------------------------------------------------------------
635	6.281150e-01	-3.66618e-03	
636	6.291150e-01	-3.76329e-03	
637	6.301150e-01	-3.85654e-03	
638	6.311150e-01	-3.94583e-03	
639	6.321150e-01	-4.03106e-03	
640	6.331150e-01	-4.11215e-03	
641	6.341150e-01	-4.18902e-03	
642	6.351150e-01	-4.26159e-03	
643	6.361150e-01	-4.32978e-03	
644	6.371150e-01	-4.39354e-03	
645	6.381150e-01	-4.45279e-03	
646	6.391150e-01	-4.50747e-03	
647	6.401150e-01	-4.55754e-03	
648	6.411150e-01	-4.60293e-03	
649	6.421150e-01	-4.64361e-03	
650	6.431150e-01	-4.67954e-03	
651	6.441150e-01	-4.71067e-03	
652	6.451150e-01	-4.73697e-03	
653	6.461150e-01	-4.75843e-03	
654	6.471150e-01	-4.77502e-03	
655	6.481150e-01	-4.78671e-03	
656	6.491150e-01	-4.79351e-03	
657	6.501150e-01	-4.79540e-03	
658	6.511150e-01	-4.79238e-03	
659	6.521150e-01	-4.78446e-03	
660	6.531150e-01	-4.77163e-03	
661	6.541150e-01	-4.75393e-03	
662	6.551150e-01	-4.73135e-03	
663	6.561150e-01	-4.70393e-03	
664	6.571150e-01	-4.67170e-03	
665	6.581150e-01	-4.63468e-03	
666	6.591150e-01	-4.59291e-03	
667	6.601150e-01	-4.54643e-03	
668	6.611150e-01	-4.49530e-03	
669	6.621150e-01	-4.43956e-03	
670	6.631150e-01	-4.37927e-03	
671	6.641150e-01	-4.31449e-03	
672	6.651150e-01	-4.24528e-03	
673	6.661150e-01	-4.17171e-03	
674	6.671150e-01	-4.09386e-03	
675	6.681150e-01	-4.01181e-03	
676	6.691150e-01	-3.92564e-03	
677	6.701150e-01	-3.83544e-03	
678	6.711150e-01	-3.74129e-03	
679	6.721150e-01	-3.64330e-03	
680	6.731150e-01	-3.54156e-03	
681	6.741150e-01	-3.43618e-03	
682	6.751150e-01	-3.32726e-03	
683	6.761150e-01	-3.21491e-03	
684	6.771150e-01	-3.09926e-03	
685	6.781150e-01	-2.98042e-03	
686	6.791150e-01	-2.85851e-03	
687	6.801150e-01	-2.73366e-03	
688	6.811150e-01	-2.60600e-03	
689	6.821150e-01	-2.47566e-03	
690	6.831150e-01	-2.34279e-03	
691	6.841150e-01	-2.20753e-03	
692	6.851150e-01	-2.07002e-03	

Index   time            alli            
--------------------------------------------------------------------------------
693	6.861150e-01	-1.93042e-03	
694	6.871150e-01	-1.78889e-03	
695	6.881150e-01	-1.64559e-03	
696	6.891150e-01	-1.50070e-03	
697	6.901150e-01	-1.35440e-03	
698	6.911150e-01	-1.20691e-03	
699	6.921150e-01	-1.05843e-03	
700	6.931150e-01	-9.09242e-04	
701	6.941150e-01	-7.59656e-04	
702	6.951150e-01	-6.10104e-04	
703	6.961150e-01	-4.61228e-04	
704	6.971150e-01	-3.14182e-04	
705	6.981150e-01	-1.72093e-04	
706	6.991150e-01	-4.63384e-05	
707	7.001150e-01	5.446202e-07	
708	7.011150e-01	9.822948e-07	
709	7.021150e-01	1.022069e-06	
710	7.031150e-01	9.839967e-07	
711	7.041150e-01	1.021447e-06	
712	7.051150e-01	9.833624e-07	
713	7.061150e-01	1.020903e-06	
714	7.071150e-01	9.829126e-07	
715	7.081150e-01	1.020513e-06	
716	7.091150e-01	9.825793e-07	
717	7.101150e-01	1.020212e-06	
718	7.111150e-01	9.823148e-07	
719	7.121150e-01	1.019966e-06	
720	7.131150e-01	9.820936e-07	
721	7.141150e-01	1.019756e-06	
722	7.151150e-01	9.819012e-07	
723	7.161150e-01	1.019569e-06	
724	7.171150e-01	9.817287e-07	
725	7.181150e-01	1.019400e-06	
726	7.191150e-01	9.815705e-07	
727	7.201150e-01	1.019243e-06	
728	7.211150e-01	9.814228e-07	
729	7.221150e-01	1.019095e-06	
730	7.231150e-01	9.812828e-07	
731	7.241150e-01	1.018954e-06	
732	7.251150e-01	9.811487e-07	
733	7.261150e-01	1.018818e-06	
734	7.271150e-01	9.810191e-07	
735	7.281150e-01	1.018686e-06	
736	7.291150e-01	9.808930e-07	
737	7.301150e-01	1.018557e-06	
738	7.311150e-01	9.807696e-07	
739	7.321150e-01	1.018431e-06	
740	7.331150e-01	9.806481e-07	
741	7.341150e-01	1.018307e-06	
742	7.351150e-01	9.805283e-07	
743	7.361150e-01	1.018184e-06	
744	7.371150e-01	9.804097e-07	
745	7.381150e-01	1.018062e-06	
746	7.391150e-01	9.802921e-07	
747	7.401150e-01	1.017941e-06	
748	7.411150e-01	9.801752e-07	
749	7.421150e-01	1.017821e-06	
750	7.431150e-01	9.800587e-07	

Index   time            alli            
--------------------------------------------------------------------------------
751	7.441150e-01	1.017701e-06	
752	7.451150e-01	9.799427e-07	
753	7.461150e-01	1.017581e-06	
754	7.471150e-01	9.798269e-07	
755	7.481150e-01	1.017462e-06	
756	7.491150e-01	9.797112e-07	
757	7.501150e-01	1.017343e-06	
758	7.511150e-01	9.795956e-07	
759	7.521150e-01	1.017224e-06	
760	7.531150e-01	9.794798e-07	
761	7.541150e-01	1.017104e-06	
762	7.551150e-01	9.793639e-07	
763	7.561150e-01	1.016985e-06	
764	7.571150e-01	9.792477e-07	
765	7.581150e-01	1.016864e-06	
766	7.591150e-01	9.791311e-07	
767	7.601150e-01	1.016744e-06	
768	7.611150e-01	9.790138e-07	
769	7.621150e-01	1.016623e-06	
770	7.631150e-01	9.788958e-07	
771	7.641150e-01	1.016500e-06	
772	7.651150e-01	9.787768e-07	
773	7.661150e-01	1.016377e-06	
774	7.671150e-01	9.786565e-07	
775	7.681150e-01	1.016252e-06	
776	7.691150e-01	9.785344e-07	
777	7.701150e-01	1.016125e-06	
778	7.711150e-01	9.784102e-07	
779	7.721150e-01	1.015996e-06	
780	7.731150e-01	9.782832e-07	
781	7.741150e-01	1.015863e-06	
782	7.751150e-01	9.781526e-07	
783	7.761150e-01	1.015726e-06	
784	7.771150e-01	9.780173e-07	
785	7.781150e-01	1.015584e-06	
786	7.791150e-01	9.778758e-07	
787	7.801150e-01	1.015434e-06	
788	7.811150e-01	9.777261e-07	
789	7.821150e-01	1.015275e-06	
790	7.831150e-01	9.775653e-07	
791	7.841150e-01	1.015102e-06	
792	7.851150e-01	9.773894e-07	
793	7.861150e-01	1.014911e-06	
794	7.871150e-01	9.771920e-07	
795	7.881150e-01	1.014695e-06	
796	7.891150e-01	9.769631e-07	
797	7.901150e-01	1.014439e-06	
798	7.911150e-01	9.766853e-07	
799	7.921150e-01	1.014120e-06	
800	7.931150e-01	9.763250e-07	
801	7.941150e-01	1.013687e-06	
802	7.951150e-01	9.758033e-07	
803	7.961150e-01	1.013003e-06	
804	7.971150e-01	9.748305e-07	
805	7.981150e-01	1.011195e-06	
806	7.991150e-01	9.660792e-07	
807	8.001150e-01	-1.02273e-06	
808	8.011150e-01	-7.20255e-05	

Index   time            alli            
--------------------------------------------------------------------------------
809	8.021150e-01	-2.04077e-04	
810	8.031150e-01	-3.47728e-04	
811	8.041150e-01	-4.95019e-04	
812	8.051150e-01	-6.44337e-04	
813	8.061150e-01	-7.94058e-04	
814	8.071150e-01	-9.43601e-04	
815	8.081150e-01	-1.09265e-03	
816	8.091150e-01	-1.24093e-03	
817	8.101150e-01	-1.38817e-03	
818	8.111150e-01	-1.53416e-03	
819	8.121150e-01	-1.67870e-03	
820	8.131150e-01	-1.82161e-03	
821	8.141150e-01	-1.96271e-03	
822	8.151150e-01	-2.10184e-03	
823	8.161150e-01	-2.23885e-03	
824	8.171150e-01	-2.37357e-03	
825	8.181150e-01	-2.50587e-03	
826	8.191150e-01	-2.63560e-03	
827	8.201150e-01	-2.76263e-03	
828	8.211150e-01	-2.88681e-03	
829	8.221150e-01	-3.00803e-03	
830	8.231150e-01	-3.12615e-03	
831	8.241150e-01	-3.24105e-03	
832	8.251150e-01	-3.35262e-03	
833	8.261150e-01	-3.46073e-03	
834	8.271150e-01	-3.56529e-03	
835	8.281150e-01	-3.66618e-03	
836	8.291150e-01	-3.76329e-03	
837	8.301150e-01	-3.85654e-03	
838	8.311150e-01	-3.94583e-03	
839	8.321150e-01	-4.03106e-03	
840	8.331150e-01	-4.11215e-03	
841	8.341150e-01	-4.18902e-03	
842	8.351150e-01	-4.26159e-03	
843	8.361150e-01	-4.32978e-03	
844	8.371150e-01	-4.39354e-03	
845	8.381150e-01	-4.45279e-03	
846	8.391150e-01	-4.50747e-03	
847	8.401150e-01	-4.55754e-03	
848	8.411150e-01	-4.60293e-03	
849	8.421150e-01	-4.64361e-03	
850	8.431150e-01	-4.67954e-03	
851	8.441150e-01	-4.71067e-03	
852	8.451150e-01	-4.73697e-03	
853	8.461150e-01	-4.75843e-03	
854	8.471150e-01	-4.77502e-03	
855	8.481150e-01	-4.78671e-03	
856	8.491150e-01	-4.79351e-03	
857	8.501150e-01	-4.79540e-03	
858	8.511150e-01	-4.79238e-03	
859	8.521150e-01	-4.78446e-03	
860	8.531150e-01	-4.77163e-03	
861	8.541150e-01	-4.75393e-03	
862	8.551150e-01	-4.73135e-03	
863	8.561150e-01	-4.70393e-03	
864	8.571150e-01	-4.67170e-03	
865	8.581150e-01	-4.63468e-03	
866	8.591150e-01	-4.59291e-03	

Index   time            alli            
--------------------------------------------------------------------------------
867	8.601150e-01	-4.54643e-03	
868	8.611150e-01	-4.49530e-03	
869	8.621150e-01	-4.43956e-03	
870	8.631150e-01	-4.37927e-03	
871	8.641150e-01	-4.31449e-03	
872	8.651150e-01	-4.24528e-03	
873	8.661150e-01	-4.17171e-03	
874	8.671150e-01	-4.09386e-03	
875	8.681150e-01	-4.01181e-03	
876	8.691150e-01	-3.92564e-03	
877	8.701150e-01	-3.83544e-03	
878	8.711150e-01	-3.74129e-03	
879	8.721150e-01	-3.64330e-03	
880	8.731150e-01	-3.54156e-03	
881	8.741150e-01	-3.43618e-03	
882	8.751150e-01	-3.32726e-03	
883	8.761150e-01	-3.21491e-03	
884	8.771150e-01	-3.09926e-03	
885	8.781150e-01	-2.98042e-03	
886	8.791150e-01	-2.85851e-03	
887	8.801150e-01	-2.73366e-03	
888	8.811150e-01	-2.60600e-03	
889	8.821150e-01	-2.47566e-03	
890	8.831150e-01	-2.34279e-03	
891	8.841150e-01	-2.20753e-03	
892	8.851150e-01	-2.07002e-03	
893	8.861150e-01	-1.93042e-03	
894	8.871150e-01	-1.78889e-03	
895	8.881150e-01	-1.64559e-03	
896	8.891150e-01	-1.50070e-03	
897	8.901150e-01	-1.35440e-03	
898	8.911150e-01	-1.20691e-03	
899	8.921150e-01	-1.05843e-03	
900	8.931150e-01	-9.09242e-04	
901	8.941150e-01	-7.59655e-04	
902	8.951150e-01	-6.10105e-04	
903	8.961150e-01	-4.61228e-04	
904	8.971150e-01	-3.14182e-04	
905	8.981150e-01	-1.72093e-04	
906	8.991150e-01	-4.63401e-05	
907	9.001150e-01	5.497927e-07	
908	9.011150e-01	9.770198e-07	
909	9.021150e-01	1.027344e-06	
910	9.031150e-01	9.787228e-07	
911	9.041150e-01	1.026720e-06	
912	9.051150e-01	9.780897e-07	
913	9.061150e-01	1.026176e-06	
914	9.071150e-01	9.776408e-07	
915	9.081150e-01	1.025784e-06	
916	9.091150e-01	9.773084e-07	
917	9.101150e-01	1.025483e-06	
918	9.111150e-01	9.770447e-07	
919	9.121150e-01	1.025236e-06	
920	9.131150e-01	9.768242e-07	
921	9.141150e-01	1.025025e-06	
922	9.151150e-01	9.766325e-07	
923	9.161150e-01	1.024838e-06	
924	9.171150e-01	9.764607e-07	

Index   time            alli            
--------------------------------------------------------------------------------
925	9.181150e-01	1.024667e-06	
926	9.191150e-01	9.763032e-07	
927	9.201150e-01	1.024510e-06	
928	9.211150e-01	9.761560e-07	
929	9.221150e-01	1.024361e-06	
930	9.231150e-01	9.760167e-07	
931	9.241150e-01	1.024219e-06	
932	9.251150e-01	9.758832e-07	
933	9.261150e-01	1.024083e-06	
934	9.271150e-01	9.757542e-07	
935	9.281150e-01	1.023951e-06	
936	9.291150e-01	9.756286e-07	
937	9.301150e-01	1.023822e-06	
938	9.311150e-01	9.755057e-07	
939	9.321150e-01	1.023695e-06	
940	9.331150e-01	9.753848e-07	
941	9.341150e-01	1.023570e-06	
942	9.351150e-01	9.752655e-07	
943	9.361150e-01	1.023446e-06	
944	9.371150e-01	9.751475e-07	
945	9.381150e-01	1.023324e-06	
946	9.391150e-01	9.750303e-07	
947	9.401150e-01	1.023203e-06	
948	9.411150e-01	9.749139e-07	
949	9.421150e-01	1.023082e-06	
950	9.431150e-01	9.747980e-07	
951	9.441150e-01	1.022961e-06	
952	9.451150e-01	9.746825e-07	
953	9.461150e-01	1.022841e-06	
954	9.471150e-01	9.745672e-07	
955	9.481150e-01	1.022722e-06	
956	9.491150e-01	9.744520e-07	
957	9.501150e-01	1.022602e-06	
958	9.511150e-01	9.743368e-07	
959	9.521150e-01	1.022482e-06	
960	9.531150e-01	9.742216e-07	
961	9.541150e-01	1.022362e-06	
962	9.551150e-01	9.741062e-07	
963	9.561150e-01	1.022242e-06	
964	9.571150e-01	9.739905e-07	
965	9.581150e-01	1.022121e-06	
966	9.591150e-01	9.738743e-07	
967	9.601150e-01	1.022000e-06	
968	9.611150e-01	9.737576e-07	
969	9.621150e-01	1.021879e-06	
970	9.631150e-01	9.736401e-07	
971	9.641150e-01	1.021756e-06	
972	9.651150e-01	9.735216e-07	
973	9.661150e-01	1.021632e-06	
974	9.671150e-01	9.734018e-07	
975	9.681150e-01	1.021506e-06	
976	9.691150e-01	9.732803e-07	
977	9.701150e-01	1.021379e-06	
978	9.711150e-01	9.731567e-07	
979	9.721150e-01	1.021249e-06	
980	9.731150e-01	9.730303e-07	
981	9.741150e-01	1.021116e-06	
982	9.751150e-01	9.729002e-07	

Index   time            alli            
--------------------------------------------------------------------------------
983	9.761150e-01	1.020978e-06	
984	9.771150e-01	9.727655e-07	
985	9.781150e-01	1.020835e-06	
986	9.791150e-01	9.726246e-07	
987	9.801150e-01	1.020685e-06	
988	9.811150e-01	9.724755e-07	
989	9.821150e-01	1.020525e-06	
990	9.831150e-01	9.723154e-07	
991	9.841150e-01	1.020352e-06	
992	9.851150e-01	9.721401e-07	
993	9.861150e-01	1.020160e-06	
994	9.871150e-01	9.719434e-07	
995	9.881150e-01	1.019943e-06	
996	9.891150e-01	9.717152e-07	
997	9.901150e-01	1.019686e-06	
998	9.911150e-01	9.714383e-07	
999	9.921150e-01	1.019366e-06	
1000	9.931150e-01	9.710789e-07	
1001	9.941150e-01	1.018933e-06	
1002	9.951150e-01	9.705581e-07	
1003	9.961150e-01	1.018248e-06	
1004	9.971150e-01	9.695865e-07	
1005	9.981150e-01	1.016439e-06	
1006	9.991150e-01	9.608375e-07	
1007	1.000000e+00	1.441714e-08	
