* c:\users\mamat\onedrive\desktop\ajay_esim\final_project_files\device_modelling\2n5401\bjt_frequency_response_2n5401\bjt_frequency_response_2n5401.cir
AC Analysis  Tue Jun 24 15:58:13  2025
--------------------------------------------------------------------------------
Index   frequency       v1#branch                       
--------------------------------------------------------------------------------
0	1.000000e+01	5.428457e-04,	8.892079e-04	
1	1.023293e+01	5.512887e-04,	9.075805e-04	
2	1.047129e+01	5.600887e-04,	9.262697e-04	
3	1.071519e+01	5.692596e-04,	9.452750e-04	
4	1.096478e+01	5.788155e-04,	9.645952e-04	
5	1.122018e+01	5.887707e-04,	9.842286e-04	
6	1.148154e+01	5.991403e-04,	1.004173e-03	
7	1.174898e+01	6.099392e-04,	1.024426e-03	
8	1.202264e+01	6.211829e-04,	1.044984e-03	
9	1.230269e+01	6.328874e-04,	1.065842e-03	
10	1.258925e+01	6.450686e-04,	1.086998e-03	
11	1.288250e+01	6.577429e-04,	1.108444e-03	
12	1.318257e+01	6.709270e-04,	1.130175e-03	
13	1.348963e+01	6.846378e-04,	1.152184e-03	
14	1.380384e+01	6.988924e-04,	1.174463e-03	
15	1.412538e+01	7.137079e-04,	1.197003e-03	
16	1.445440e+01	7.291019e-04,	1.219796e-03	
17	1.479108e+01	7.450919e-04,	1.242830e-03	
18	1.513561e+01	7.616954e-04,	1.266094e-03	
19	1.548817e+01	7.789301e-04,	1.289575e-03	
20	1.584893e+01	7.968135e-04,	1.313260e-03	
21	1.621810e+01	8.153631e-04,	1.337135e-03	
22	1.659587e+01	8.345963e-04,	1.361182e-03	
23	1.698244e+01	8.545303e-04,	1.385387e-03	
24	1.737801e+01	8.751819e-04,	1.409729e-03	
25	1.778279e+01	8.965677e-04,	1.434189e-03	
26	1.819701e+01	9.187037e-04,	1.458748e-03	
27	1.862087e+01	9.416057e-04,	1.483383e-03	
28	1.905461e+01	9.652885e-04,	1.508071e-03	
29	1.949845e+01	9.897668e-04,	1.532787e-03	
30	1.995262e+01	1.015054e-03,	1.557505e-03	
31	2.041738e+01	1.041163e-03,	1.582199e-03	
32	2.089296e+01	1.068105e-03,	1.606840e-03	
33	2.137962e+01	1.095891e-03,	1.631399e-03	
34	2.187762e+01	1.124531e-03,	1.655844e-03	
35	2.238721e+01	1.154033e-03,	1.680144e-03	
36	2.290868e+01	1.184404e-03,	1.704265e-03	
37	2.344229e+01	1.215649e-03,	1.728173e-03	
38	2.398833e+01	1.247772e-03,	1.751833e-03	
39	2.454709e+01	1.280775e-03,	1.775209e-03	
40	2.511886e+01	1.314659e-03,	1.798263e-03	
41	2.570396e+01	1.349422e-03,	1.820957e-03	
42	2.630268e+01	1.385060e-03,	1.843253e-03	
43	2.691535e+01	1.421568e-03,	1.865111e-03	
44	2.754229e+01	1.458937e-03,	1.886492e-03	
45	2.818383e+01	1.497159e-03,	1.907356e-03	
46	2.884032e+01	1.536219e-03,	1.927662e-03	
47	2.951209e+01	1.576104e-03,	1.947371e-03	
48	3.019952e+01	1.616797e-03,	1.966443e-03	
49	3.090295e+01	1.658277e-03,	1.984836e-03	
50	3.162278e+01	1.700523e-03,	2.002513e-03	
51	3.235937e+01	1.743509e-03,	2.019435e-03	
52	3.311311e+01	1.787210e-03,	2.035564e-03	
53	3.388442e+01	1.831595e-03,	2.050863e-03	
54	3.467369e+01	1.876633e-03,	2.065296e-03	

Index   frequency       v1#branch                       
--------------------------------------------------------------------------------
55	3.548134e+01	1.922289e-03,	2.078830e-03	
56	3.630781e+01	1.968527e-03,	2.091432e-03	
57	3.715352e+01	2.015308e-03,	2.103071e-03	
58	3.801894e+01	2.062591e-03,	2.113718e-03	
59	3.890451e+01	2.110333e-03,	2.123347e-03	
60	3.981072e+01	2.158491e-03,	2.131933e-03	
61	4.073803e+01	2.207017e-03,	2.139453e-03	
62	4.168694e+01	2.255863e-03,	2.145889e-03	
63	4.265795e+01	2.304982e-03,	2.151224e-03	
64	4.365158e+01	2.354323e-03,	2.155442e-03	
65	4.466836e+01	2.403833e-03,	2.158534e-03	
66	4.570882e+01	2.453463e-03,	2.160490e-03	
67	4.677351e+01	2.503159e-03,	2.161306e-03	
68	4.786301e+01	2.552869e-03,	2.160979e-03	
69	4.897788e+01	2.602540e-03,	2.159509e-03	
70	5.011872e+01	2.652119e-03,	2.156901e-03	
71	5.128614e+01	2.701555e-03,	2.153160e-03	
72	5.248075e+01	2.750795e-03,	2.148298e-03	
73	5.370318e+01	2.799790e-03,	2.142326e-03	
74	5.495409e+01	2.848490e-03,	2.135260e-03	
75	5.623413e+01	2.896846e-03,	2.127118e-03	
76	5.754399e+01	2.944810e-03,	2.117920e-03	
77	5.888437e+01	2.992338e-03,	2.107690e-03	
78	6.025596e+01	3.039386e-03,	2.096453e-03	
79	6.165950e+01	3.085912e-03,	2.084237e-03	
80	6.309573e+01	3.131876e-03,	2.071072e-03	
81	6.456542e+01	3.177241e-03,	2.056990e-03	
82	6.606934e+01	3.221970e-03,	2.042023e-03	
83	6.760830e+01	3.266031e-03,	2.026207e-03	
84	6.918310e+01	3.309393e-03,	2.009577e-03	
85	7.079458e+01	3.352028e-03,	1.992170e-03	
86	7.244360e+01	3.393910e-03,	1.974026e-03	
87	7.413102e+01	3.435015e-03,	1.955182e-03	
88	7.585776e+01	3.475322e-03,	1.935679e-03	
89	7.762471e+01	3.514813e-03,	1.915555e-03	
90	7.943282e+01	3.553472e-03,	1.894852e-03	
91	8.128305e+01	3.591285e-03,	1.873609e-03	
92	8.317638e+01	3.628241e-03,	1.851866e-03	
93	8.511380e+01	3.664331e-03,	1.829663e-03	
94	8.709636e+01	3.699548e-03,	1.807040e-03	
95	8.912509e+01	3.733887e-03,	1.784036e-03	
96	9.120108e+01	3.767346e-03,	1.760687e-03	
97	9.332543e+01	3.799924e-03,	1.737034e-03	
98	9.549926e+01	3.831622e-03,	1.713111e-03	
99	9.772372e+01	3.862443e-03,	1.688954e-03	
100	1.000000e+02	3.892392e-03,	1.664600e-03	
101	1.023293e+02	3.921474e-03,	1.640080e-03	
102	1.047129e+02	3.949698e-03,	1.615428e-03	
103	1.071519e+02	3.977072e-03,	1.590676e-03	
104	1.096478e+02	4.003606e-03,	1.565853e-03	
105	1.122018e+02	4.029312e-03,	1.540988e-03	
106	1.148154e+02	4.054201e-03,	1.516109e-03	
107	1.174898e+02	4.078288e-03,	1.491242e-03	
108	1.202264e+02	4.101585e-03,	1.466413e-03	
109	1.230269e+02	4.124107e-03,	1.441645e-03	
110	1.258925e+02	4.145870e-03,	1.416961e-03	
111	1.288250e+02	4.166890e-03,	1.392382e-03	
112	1.318257e+02	4.187182e-03,	1.367928e-03	

Index   frequency       v1#branch                       
--------------------------------------------------------------------------------
113	1.348963e+02	4.206764e-03,	1.343618e-03	
114	1.380384e+02	4.225653e-03,	1.319469e-03	
115	1.412538e+02	4.243865e-03,	1.295498e-03	
116	1.445440e+02	4.261418e-03,	1.271720e-03	
117	1.479108e+02	4.278330e-03,	1.248149e-03	
118	1.513561e+02	4.294618e-03,	1.224798e-03	
119	1.548817e+02	4.310300e-03,	1.201679e-03	
120	1.584893e+02	4.325393e-03,	1.178803e-03	
121	1.621810e+02	4.339915e-03,	1.156180e-03	
122	1.659587e+02	4.353883e-03,	1.133819e-03	
123	1.698244e+02	4.367314e-03,	1.111728e-03	
124	1.737801e+02	4.380225e-03,	1.089914e-03	
125	1.778279e+02	4.392632e-03,	1.068383e-03	
126	1.819701e+02	4.404553e-03,	1.047142e-03	
127	1.862087e+02	4.416004e-03,	1.026196e-03	
128	1.905461e+02	4.426999e-03,	1.005548e-03	
129	1.949845e+02	4.437556e-03,	9.852015e-04	
130	1.995262e+02	4.447688e-03,	9.651606e-04	
131	2.041738e+02	4.457412e-03,	9.454271e-04	
132	2.089296e+02	4.466741e-03,	9.260028e-04	
133	2.137962e+02	4.475691e-03,	9.068891e-04	
134	2.187762e+02	4.484273e-03,	8.880867e-04	
135	2.238721e+02	4.492503e-03,	8.695960e-04	
136	2.290868e+02	4.500394e-03,	8.514169e-04	
137	2.344229e+02	4.507957e-03,	8.335489e-04	
138	2.398833e+02	4.515206e-03,	8.159913e-04	
139	2.454709e+02	4.522152e-03,	7.987429e-04	
140	2.511886e+02	4.528807e-03,	7.818021e-04	
141	2.570396e+02	4.535183e-03,	7.651672e-04	
142	2.630268e+02	4.541289e-03,	7.488362e-04	
143	2.691535e+02	4.547138e-03,	7.328068e-04	
144	2.754229e+02	4.552739e-03,	7.170764e-04	
145	2.818383e+02	4.558102e-03,	7.016425e-04	
146	2.884032e+02	4.563236e-03,	6.865020e-04	
147	2.951209e+02	4.568150e-03,	6.716520e-04	
148	3.019952e+02	4.572855e-03,	6.570892e-04	
149	3.090295e+02	4.577357e-03,	6.428103e-04	
150	3.162278e+02	4.581666e-03,	6.288118e-04	
151	3.235937e+02	4.585789e-03,	6.150902e-04	
152	3.311311e+02	4.589734e-03,	6.016418e-04	
153	3.388442e+02	4.593508e-03,	5.884629e-04	
154	3.467369e+02	4.597119e-03,	5.755497e-04	
155	3.548134e+02	4.600573e-03,	5.628983e-04	
156	3.630781e+02	4.603877e-03,	5.505047e-04	
157	3.715352e+02	4.607037e-03,	5.383651e-04	
158	3.801894e+02	4.610059e-03,	5.264755e-04	
159	3.890451e+02	4.612949e-03,	5.148318e-04	
160	3.981072e+02	4.615712e-03,	5.034300e-04	
161	4.073803e+02	4.618355e-03,	4.922661e-04	
162	4.168694e+02	4.620882e-03,	4.813361e-04	
163	4.265795e+02	4.623297e-03,	4.706360e-04	
164	4.365158e+02	4.625607e-03,	4.601617e-04	
165	4.466836e+02	4.627815e-03,	4.499091e-04	
166	4.570882e+02	4.629926e-03,	4.398744e-04	
167	4.677351e+02	4.631944e-03,	4.300536e-04	
168	4.786301e+02	4.633872e-03,	4.204426e-04	
169	4.897788e+02	4.635716e-03,	4.110377e-04	
170	5.011872e+02	4.637478e-03,	4.018349e-04	

Index   frequency       v1#branch                       
--------------------------------------------------------------------------------
171	5.128614e+02	4.639162e-03,	3.928304e-04	
172	5.248075e+02	4.640772e-03,	3.840204e-04	
173	5.370318e+02	4.642310e-03,	3.754011e-04	
174	5.495409e+02	4.643780e-03,	3.669688e-04	
175	5.623413e+02	4.645185e-03,	3.587198e-04	
176	5.754399e+02	4.646527e-03,	3.506505e-04	
177	5.888437e+02	4.647810e-03,	3.427572e-04	
178	6.025596e+02	4.649036e-03,	3.350366e-04	
179	6.165950e+02	4.650207e-03,	3.274850e-04	
180	6.309573e+02	4.651326e-03,	3.200991e-04	
181	6.456542e+02	4.652395e-03,	3.128754e-04	
182	6.606934e+02	4.653417e-03,	3.058106e-04	
183	6.760830e+02	4.654393e-03,	2.989014e-04	
184	6.918310e+02	4.655326e-03,	2.921446e-04	
185	7.079458e+02	4.656217e-03,	2.855370e-04	
186	7.244360e+02	4.657068e-03,	2.790756e-04	
187	7.413102e+02	4.657881e-03,	2.727571e-04	
188	7.585776e+02	4.658658e-03,	2.665786e-04	
189	7.762471e+02	4.659401e-03,	2.605371e-04	
190	7.943282e+02	4.660110e-03,	2.546298e-04	
191	8.128305e+02	4.660787e-03,	2.488537e-04	
192	8.317638e+02	4.661434e-03,	2.432060e-04	
193	8.511380e+02	4.662052e-03,	2.376839e-04	
194	8.709636e+02	4.662643e-03,	2.322849e-04	
195	8.912509e+02	4.663207e-03,	2.270061e-04	
196	9.120108e+02	4.663746e-03,	2.218450e-04	
197	9.332543e+02	4.664261e-03,	2.167990e-04	
198	9.549926e+02	4.664752e-03,	2.118657e-04	
199	9.772372e+02	4.665222e-03,	2.070425e-04	
200	1.000000e+03	4.665670e-03,	2.023271e-04	
201	1.023293e+03	4.666099e-03,	1.977170e-04	
202	1.047129e+03	4.666508e-03,	1.932100e-04	
203	1.071519e+03	4.666899e-03,	1.888038e-04	
204	1.096478e+03	4.667272e-03,	1.844961e-04	
205	1.122018e+03	4.667629e-03,	1.802849e-04	
206	1.148154e+03	4.667970e-03,	1.761678e-04	
207	1.174898e+03	4.668295e-03,	1.721430e-04	
208	1.202264e+03	4.668606e-03,	1.682082e-04	
209	1.230269e+03	4.668903e-03,	1.643615e-04	
210	1.258925e+03	4.669186e-03,	1.606010e-04	
211	1.288250e+03	4.669457e-03,	1.569246e-04	
212	1.318257e+03	4.669716e-03,	1.533306e-04	
213	1.348963e+03	4.669963e-03,	1.498170e-04	
214	1.380384e+03	4.670199e-03,	1.463821e-04	
215	1.412538e+03	4.670424e-03,	1.430241e-04	
216	1.445440e+03	4.670639e-03,	1.397412e-04	
217	1.479108e+03	4.670845e-03,	1.365318e-04	
218	1.513561e+03	4.671041e-03,	1.333942e-04	
219	1.548817e+03	4.671229e-03,	1.303268e-04	
220	1.584893e+03	4.671408e-03,	1.273280e-04	
221	1.621810e+03	4.671579e-03,	1.243962e-04	
222	1.659587e+03	4.671742e-03,	1.215299e-04	
223	1.698244e+03	4.671898e-03,	1.187276e-04	
224	1.737801e+03	4.672047e-03,	1.159879e-04	
225	1.778279e+03	4.672189e-03,	1.133094e-04	
226	1.819701e+03	4.672325e-03,	1.106905e-04	
227	1.862087e+03	4.672455e-03,	1.081301e-04	
228	1.905461e+03	4.672579e-03,	1.056267e-04	

Index   frequency       v1#branch                       
--------------------------------------------------------------------------------
229	1.949845e+03	4.672697e-03,	1.031790e-04	
230	1.995262e+03	4.672810e-03,	1.007857e-04	
231	2.041738e+03	4.672918e-03,	9.844568e-05	
232	2.089296e+03	4.673021e-03,	9.615761e-05	
233	2.137962e+03	4.673120e-03,	9.392031e-05	
234	2.187762e+03	4.673214e-03,	9.173262e-05	
235	2.238721e+03	4.673304e-03,	8.959339e-05	
236	2.290868e+03	4.673390e-03,	8.750148e-05	
237	2.344229e+03	4.673471e-03,	8.545582e-05	
238	2.398833e+03	4.673550e-03,	8.345531e-05	
239	2.454709e+03	4.673624e-03,	8.149892e-05	
240	2.511886e+03	4.673696e-03,	7.958561e-05	
241	2.570396e+03	4.673764e-03,	7.771437e-05	
242	2.630268e+03	4.673829e-03,	7.588423e-05	
243	2.691535e+03	4.673891e-03,	7.409422e-05	
244	2.754229e+03	4.673950e-03,	7.234340e-05	
245	2.818383e+03	4.674007e-03,	7.063084e-05	
246	2.884032e+03	4.674061e-03,	6.895565e-05	
247	2.951209e+03	4.674113e-03,	6.731694e-05	
248	3.019952e+03	4.674162e-03,	6.571385e-05	
249	3.090295e+03	4.674209e-03,	6.414553e-05	
250	3.162278e+03	4.674254e-03,	6.261115e-05	
251	3.235937e+03	4.674297e-03,	6.110992e-05	
252	3.311311e+03	4.674339e-03,	5.964102e-05	
253	3.388442e+03	4.674378e-03,	5.820370e-05	
254	3.467369e+03	4.674415e-03,	5.679719e-05	
255	3.548134e+03	4.674451e-03,	5.542075e-05	
256	3.630781e+03	4.674485e-03,	5.407365e-05	
257	3.715352e+03	4.674518e-03,	5.275518e-05	
258	3.801894e+03	4.674549e-03,	5.146465e-05	
259	3.890451e+03	4.674579e-03,	5.020136e-05	
260	3.981072e+03	4.674607e-03,	4.896467e-05	
261	4.073803e+03	4.674634e-03,	4.775390e-05	
262	4.168694e+03	4.674660e-03,	4.656843e-05	
263	4.265795e+03	4.674685e-03,	4.540762e-05	
264	4.365158e+03	4.674708e-03,	4.427086e-05	
265	4.466836e+03	4.674731e-03,	4.315755e-05	
266	4.570882e+03	4.674752e-03,	4.206711e-05	
267	4.677351e+03	4.674773e-03,	4.099894e-05	
268	4.786301e+03	4.674792e-03,	3.995250e-05	
269	4.897788e+03	4.674811e-03,	3.892722e-05	
270	5.011872e+03	4.674829e-03,	3.792257e-05	
271	5.128614e+03	4.674846e-03,	3.693801e-05	
272	5.248075e+03	4.674862e-03,	3.597302e-05	
273	5.370318e+03	4.674878e-03,	3.502709e-05	
274	5.495409e+03	4.674893e-03,	3.409972e-05	
275	5.623413e+03	4.674907e-03,	3.319042e-05	
276	5.754399e+03	4.674920e-03,	3.229870e-05	
277	5.888437e+03	4.674933e-03,	3.142410e-05	
278	6.025596e+03	4.674946e-03,	3.056615e-05	
279	6.165950e+03	4.674957e-03,	2.972440e-05	
280	6.309573e+03	4.674969e-03,	2.889841e-05	
281	6.456542e+03	4.674979e-03,	2.808772e-05	
282	6.606934e+03	4.674990e-03,	2.729192e-05	
283	6.760830e+03	4.674999e-03,	2.651059e-05	
284	6.918310e+03	4.675009e-03,	2.574331e-05	
285	7.079458e+03	4.675018e-03,	2.498967e-05	
286	7.244360e+03	4.675026e-03,	2.424927e-05	

Index   frequency       v1#branch                       
--------------------------------------------------------------------------------
287	7.413102e+03	4.675034e-03,	2.352173e-05	
288	7.585776e+03	4.675042e-03,	2.280665e-05	
289	7.762471e+03	4.675049e-03,	2.210367e-05	
290	7.943282e+03	4.675056e-03,	2.141239e-05	
291	8.128305e+03	4.675063e-03,	2.073247e-05	
292	8.317638e+03	4.675069e-03,	2.006353e-05	
293	8.511380e+03	4.675075e-03,	1.940524e-05	
294	8.709636e+03	4.675081e-03,	1.875722e-05	
295	8.912509e+03	4.675086e-03,	1.811915e-05	
296	9.120108e+03	4.675092e-03,	1.749068e-05	
297	9.332543e+03	4.675097e-03,	1.687149e-05	
298	9.549926e+03	4.675101e-03,	1.626124e-05	
299	9.772372e+03	4.675106e-03,	1.565960e-05	
300	1.000000e+04	4.675110e-03,	1.506627e-05	
301	1.023293e+04	4.675114e-03,	1.448093e-05	
302	1.047129e+04	4.675118e-03,	1.390326e-05	
303	1.071519e+04	4.675122e-03,	1.333296e-05	
304	1.096478e+04	4.675125e-03,	1.276973e-05	
305	1.122018e+04	4.675128e-03,	1.221326e-05	
306	1.148154e+04	4.675131e-03,	1.166328e-05	
307	1.174898e+04	4.675134e-03,	1.111947e-05	
308	1.202264e+04	4.675137e-03,	1.058156e-05	
309	1.230269e+04	4.675140e-03,	1.004926e-05	
310	1.258925e+04	4.675142e-03,	9.522286e-06	
311	1.288250e+04	4.675144e-03,	9.000361e-06	
312	1.318257e+04	4.675147e-03,	8.483206e-06	
313	1.348963e+04	4.675149e-03,	7.970549e-06	
314	1.380384e+04	4.675151e-03,	7.462117e-06	
315	1.412538e+04	4.675152e-03,	6.957641e-06	
316	1.445440e+04	4.675154e-03,	6.456853e-06	
317	1.479108e+04	4.675156e-03,	5.959488e-06	
318	1.513561e+04	4.675157e-03,	5.465283e-06	
319	1.548817e+04	4.675158e-03,	4.973974e-06	
320	1.584893e+04	4.675159e-03,	4.485303e-06	
321	1.621810e+04	4.675161e-03,	3.999009e-06	
322	1.659587e+04	4.675162e-03,	3.514836e-06	
323	1.698244e+04	4.675162e-03,	3.032525e-06	
324	1.737801e+04	4.675163e-03,	2.551823e-06	
325	1.778279e+04	4.675164e-03,	2.072473e-06	
326	1.819701e+04	4.675164e-03,	1.594221e-06	
327	1.862087e+04	4.675165e-03,	1.116815e-06	
328	1.905461e+04	4.675165e-03,	6.400011e-07	
329	1.949845e+04	4.675166e-03,	1.635261e-07	
330	1.995262e+04	4.675166e-03,	-3.12862e-07	
331	2.041738e+04	4.675166e-03,	-7.89417e-07	
332	2.089296e+04	4.675166e-03,	-1.26639e-06	
333	2.137962e+04	4.675166e-03,	-1.74403e-06	
334	2.187762e+04	4.675165e-03,	-2.22260e-06	
335	2.238721e+04	4.675165e-03,	-2.70235e-06	
336	2.290868e+04	4.675165e-03,	-3.18353e-06	
337	2.344229e+04	4.675164e-03,	-3.66640e-06	
338	2.398833e+04	4.675164e-03,	-4.15121e-06	
339	2.454709e+04	4.675163e-03,	-4.63822e-06	
340	2.511886e+04	4.675162e-03,	-5.12769e-06	
341	2.570396e+04	4.675161e-03,	-5.61988e-06	
342	2.630268e+04	4.675160e-03,	-6.11505e-06	
343	2.691535e+04	4.675159e-03,	-6.61347e-06	
344	2.754229e+04	4.675158e-03,	-7.11538e-06	

Index   frequency       v1#branch                       
--------------------------------------------------------------------------------
345	2.818383e+04	4.675156e-03,	-7.62107e-06	
346	2.884032e+04	4.675155e-03,	-8.13081e-06	
347	2.951209e+04	4.675153e-03,	-8.64485e-06	
348	3.019952e+04	4.675152e-03,	-9.16347e-06	
349	3.090295e+04	4.675150e-03,	-9.68695e-06	
350	3.162278e+04	4.675148e-03,	-1.02156e-05	
351	3.235937e+04	4.675146e-03,	-1.07496e-05	
352	3.311311e+04	4.675144e-03,	-1.12893e-05	
353	3.388442e+04	4.675141e-03,	-1.18351e-05	
354	3.467369e+04	4.675139e-03,	-1.23870e-05	
355	3.548134e+04	4.675136e-03,	-1.29456e-05	
356	3.630781e+04	4.675133e-03,	-1.35110e-05	
357	3.715352e+04	4.675130e-03,	-1.40836e-05	
358	3.801894e+04	4.675127e-03,	-1.46637e-05	
359	3.890451e+04	4.675124e-03,	-1.52515e-05	
360	3.981072e+04	4.675120e-03,	-1.58474e-05	
361	4.073803e+04	4.675116e-03,	-1.64517e-05	
362	4.168694e+04	4.675113e-03,	-1.70647e-05	
363	4.265795e+04	4.675108e-03,	-1.76868e-05	
364	4.365158e+04	4.675104e-03,	-1.83183e-05	
365	4.466836e+04	4.675100e-03,	-1.89594e-05	
366	4.570882e+04	4.675095e-03,	-1.96106e-05	
367	4.677351e+04	4.675090e-03,	-2.02723e-05	
368	4.786301e+04	4.675084e-03,	-2.09446e-05	
369	4.897788e+04	4.675079e-03,	-2.16281e-05	
370	5.011872e+04	4.675073e-03,	-2.23230e-05	
371	5.128614e+04	4.675067e-03,	-2.30298e-05	
372	5.248075e+04	4.675060e-03,	-2.37487e-05	
373	5.370318e+04	4.675053e-03,	-2.44803e-05	
374	5.495409e+04	4.675046e-03,	-2.52248e-05	
375	5.623413e+04	4.675039e-03,	-2.59827e-05	
376	5.754399e+04	4.675031e-03,	-2.67544e-05	
377	5.888437e+04	4.675023e-03,	-2.75402e-05	
378	6.025596e+04	4.675014e-03,	-2.83407e-05	
379	6.165950e+04	4.675005e-03,	-2.91562e-05	
380	6.309573e+04	4.674996e-03,	-2.99871e-05	
381	6.456542e+04	4.674986e-03,	-3.08339e-05	
382	6.606934e+04	4.674975e-03,	-3.16971e-05	
383	6.760830e+04	4.674965e-03,	-3.25770e-05	
384	6.918310e+04	4.674953e-03,	-3.34743e-05	
385	7.079458e+04	4.674941e-03,	-3.43892e-05	
386	7.244360e+04	4.674929e-03,	-3.53224e-05	
387	7.413102e+04	4.674915e-03,	-3.62744e-05	
388	7.585776e+04	4.674902e-03,	-3.72455e-05	
389	7.762471e+04	4.674887e-03,	-3.82364e-05	
390	7.943282e+04	4.674872e-03,	-3.92475e-05	
391	8.128305e+04	4.674856e-03,	-4.02794e-05	
392	8.317638e+04	4.674840e-03,	-4.13327e-05	
393	8.511380e+04	4.674822e-03,	-4.24079e-05	
394	8.709636e+04	4.674804e-03,	-4.35056e-05	
395	8.912509e+04	4.674785e-03,	-4.46263e-05	
396	9.120108e+04	4.674765e-03,	-4.57706e-05	
397	9.332543e+04	4.674744e-03,	-4.69392e-05	
398	9.549926e+04	4.674722e-03,	-4.81327e-05	
399	9.772372e+04	4.674699e-03,	-4.93517e-05	
400	1.000000e+05	4.674675e-03,	-5.05968e-05	
401	1.023293e+05	4.674650e-03,	-5.18687e-05	
402	1.047129e+05	4.674624e-03,	-5.31681e-05	

Index   frequency       v1#branch                       
--------------------------------------------------------------------------------
403	1.071519e+05	4.674596e-03,	-5.44957e-05	
404	1.096478e+05	4.674568e-03,	-5.58521e-05	
405	1.122018e+05	4.674537e-03,	-5.72381e-05	
406	1.148154e+05	4.674506e-03,	-5.86545e-05	
407	1.174898e+05	4.674472e-03,	-6.01019e-05	
408	1.202264e+05	4.674438e-03,	-6.15811e-05	
409	1.230269e+05	4.674401e-03,	-6.30929e-05	
410	1.258925e+05	4.674363e-03,	-6.46382e-05	
411	1.288250e+05	4.674323e-03,	-6.62177e-05	
412	1.318257e+05	4.674282e-03,	-6.78322e-05	
413	1.348963e+05	4.674238e-03,	-6.94826e-05	
414	1.380384e+05	4.674192e-03,	-7.11699e-05	
415	1.412538e+05	4.674144e-03,	-7.28948e-05	
416	1.445440e+05	4.674094e-03,	-7.46583e-05	
417	1.479108e+05	4.674041e-03,	-7.64613e-05	
418	1.513561e+05	4.673986e-03,	-7.83048e-05	
419	1.548817e+05	4.673928e-03,	-8.01897e-05	
420	1.584893e+05	4.673868e-03,	-8.21170e-05	
421	1.621810e+05	4.673805e-03,	-8.40878e-05	
422	1.659587e+05	4.673739e-03,	-8.61031e-05	
423	1.698244e+05	4.673669e-03,	-8.81639e-05	
424	1.737801e+05	4.673597e-03,	-9.02714e-05	
425	1.778279e+05	4.673521e-03,	-9.24266e-05	
426	1.819701e+05	4.673441e-03,	-9.46307e-05	
427	1.862087e+05	4.673358e-03,	-9.68848e-05	
428	1.905461e+05	4.673270e-03,	-9.91902e-05	
429	1.949845e+05	4.673179e-03,	-1.01548e-04	
430	1.995262e+05	4.673083e-03,	-1.03959e-04	
431	2.041738e+05	4.672983e-03,	-1.06426e-04	
432	2.089296e+05	4.672878e-03,	-1.08948e-04	
433	2.137962e+05	4.672768e-03,	-1.11529e-04	
434	2.187762e+05	4.672653e-03,	-1.14168e-04	
435	2.238721e+05	4.672533e-03,	-1.16867e-04	
436	2.290868e+05	4.672407e-03,	-1.19628e-04	
437	2.344229e+05	4.672274e-03,	-1.22453e-04	
438	2.398833e+05	4.672136e-03,	-1.25341e-04	
439	2.454709e+05	4.671991e-03,	-1.28296e-04	
440	2.511886e+05	4.671840e-03,	-1.31319e-04	
441	2.570396e+05	4.671681e-03,	-1.34411e-04	
442	2.630268e+05	4.671515e-03,	-1.37574e-04	
443	2.691535e+05	4.671341e-03,	-1.40809e-04	
444	2.754229e+05	4.671158e-03,	-1.44119e-04	
445	2.818383e+05	4.670968e-03,	-1.47505e-04	
446	2.884032e+05	4.670768e-03,	-1.50968e-04	
447	2.951209e+05	4.670559e-03,	-1.54511e-04	
448	3.019952e+05	4.670340e-03,	-1.58135e-04	
449	3.090295e+05	4.670110e-03,	-1.61842e-04	
450	3.162278e+05	4.669870e-03,	-1.65634e-04	
451	3.235937e+05	4.669619e-03,	-1.69514e-04	
452	3.311311e+05	4.669355e-03,	-1.73483e-04	
453	3.388442e+05	4.669080e-03,	-1.77543e-04	
454	3.467369e+05	4.668791e-03,	-1.81696e-04	
455	3.548134e+05	4.668489e-03,	-1.85944e-04	
456	3.630781e+05	4.668173e-03,	-1.90290e-04	
457	3.715352e+05	4.667841e-03,	-1.94736e-04	
458	3.801894e+05	4.667495e-03,	-1.99284e-04	
459	3.890451e+05	4.667131e-03,	-2.03936e-04	
460	3.981072e+05	4.666751e-03,	-2.08695e-04	

Index   frequency       v1#branch                       
--------------------------------------------------------------------------------
461	4.073803e+05	4.666353e-03,	-2.13564e-04	
462	4.168694e+05	4.665937e-03,	-2.18544e-04	
463	4.265795e+05	4.665500e-03,	-2.23638e-04	
464	4.365158e+05	4.665044e-03,	-2.28849e-04	
465	4.466836e+05	4.664565e-03,	-2.34180e-04	
466	4.570882e+05	4.664065e-03,	-2.39632e-04	
467	4.677351e+05	4.663540e-03,	-2.45210e-04	
468	4.786301e+05	4.662992e-03,	-2.50915e-04	
469	4.897788e+05	4.662417e-03,	-2.56751e-04	
470	5.011872e+05	4.661816e-03,	-2.62721e-04	
471	5.128614e+05	4.661186e-03,	-2.68826e-04	
472	5.248075e+05	4.660527e-03,	-2.75072e-04	
473	5.370318e+05	4.659837e-03,	-2.81459e-04	
474	5.495409e+05	4.659115e-03,	-2.87993e-04	
475	5.623413e+05	4.658359e-03,	-2.94675e-04	
476	5.754399e+05	4.657567e-03,	-3.01510e-04	
477	5.888437e+05	4.656738e-03,	-3.08501e-04	
478	6.025596e+05	4.655871e-03,	-3.15650e-04	
479	6.165950e+05	4.654963e-03,	-3.22962e-04	
480	6.309573e+05	4.654013e-03,	-3.30439e-04	
481	6.456542e+05	4.653018e-03,	-3.38086e-04	
482	6.606934e+05	4.651976e-03,	-3.45907e-04	
483	6.760830e+05	4.650886e-03,	-3.53904e-04	
484	6.918310e+05	4.649745e-03,	-3.62082e-04	
485	7.079458e+05	4.648551e-03,	-3.70445e-04	
486	7.244360e+05	4.647302e-03,	-3.78996e-04	
487	7.413102e+05	4.645993e-03,	-3.87739e-04	
488	7.585776e+05	4.644624e-03,	-3.96679e-04	
489	7.762471e+05	4.643192e-03,	-4.05819e-04	
490	7.943282e+05	4.641692e-03,	-4.15164e-04	
491	8.128305e+05	4.640123e-03,	-4.24718e-04	
492	8.317638e+05	4.638481e-03,	-4.34486e-04	
493	8.511380e+05	4.636762e-03,	-4.44470e-04	
494	8.709636e+05	4.634964e-03,	-4.54677e-04	
495	8.912509e+05	4.633082e-03,	-4.65110e-04	
496	9.120108e+05	4.631113e-03,	-4.75774e-04	
497	9.332543e+05	4.629053e-03,	-4.86673e-04	
498	9.549926e+05	4.626898e-03,	-4.97812e-04	
499	9.772372e+05	4.624642e-03,	-5.09196e-04	
500	1.000000e+06	4.622283e-03,	-5.20829e-04	
501	1.023293e+06	4.619815e-03,	-5.32716e-04	
502	1.047129e+06	4.617233e-03,	-5.44862e-04	
503	1.071519e+06	4.614531e-03,	-5.57272e-04	
504	1.096478e+06	4.611706e-03,	-5.69950e-04	
505	1.122018e+06	4.608751e-03,	-5.82901e-04	
506	1.148154e+06	4.605660e-03,	-5.96130e-04	
507	1.174898e+06	4.602427e-03,	-6.09642e-04	
508	1.202264e+06	4.599046e-03,	-6.23442e-04	
509	1.230269e+06	4.595510e-03,	-6.37534e-04	
510	1.258925e+06	4.591813e-03,	-6.51924e-04	
511	1.288250e+06	4.587947e-03,	-6.66616e-04	
512	1.318257e+06	4.583906e-03,	-6.81616e-04	
513	1.348963e+06	4.579680e-03,	-6.96927e-04	
514	1.380384e+06	4.575263e-03,	-7.12554e-04	
515	1.412538e+06	4.570645e-03,	-7.28503e-04	
516	1.445440e+06	4.565819e-03,	-7.44778e-04	
517	1.479108e+06	4.560775e-03,	-7.61382e-04	
518	1.513561e+06	4.555504e-03,	-7.78322e-04	

Index   frequency       v1#branch                       
--------------------------------------------------------------------------------
519	1.548817e+06	4.549995e-03,	-7.95600e-04	
520	1.584893e+06	4.544240e-03,	-8.13221e-04	
521	1.621810e+06	4.538227e-03,	-8.31189e-04	
522	1.659587e+06	4.531946e-03,	-8.49508e-04	
523	1.698244e+06	4.525385e-03,	-8.68181e-04	
524	1.737801e+06	4.518533e-03,	-8.87212e-04	
525	1.778279e+06	4.511377e-03,	-9.06605e-04	
526	1.819701e+06	4.503905e-03,	-9.26361e-04	
527	1.862087e+06	4.496105e-03,	-9.46484e-04	
528	1.905461e+06	4.487962e-03,	-9.66976e-04	
529	1.949845e+06	4.479463e-03,	-9.87839e-04	
530	1.995262e+06	4.470594e-03,	-1.00907e-03	
531	2.041738e+06	4.461340e-03,	-1.03068e-03	
532	2.089296e+06	4.451686e-03,	-1.05267e-03	
533	2.137962e+06	4.441616e-03,	-1.07503e-03	
534	2.187762e+06	4.431114e-03,	-1.09777e-03	
535	2.238721e+06	4.420164e-03,	-1.12088e-03	
536	2.290868e+06	4.408749e-03,	-1.14436e-03	
537	2.344229e+06	4.396851e-03,	-1.16822e-03	
538	2.398833e+06	4.384452e-03,	-1.19244e-03	
539	2.454709e+06	4.371534e-03,	-1.21703e-03	
540	2.511886e+06	4.358079e-03,	-1.24199e-03	
541	2.570396e+06	4.344067e-03,	-1.26730e-03	
542	2.630268e+06	4.329479e-03,	-1.29297e-03	
543	2.691535e+06	4.314296e-03,	-1.31898e-03	
544	2.754229e+06	4.298496e-03,	-1.34533e-03	
545	2.818383e+06	4.282059e-03,	-1.37202e-03	
546	2.884032e+06	4.264965e-03,	-1.39902e-03	
547	2.951209e+06	4.247193e-03,	-1.42634e-03	
548	3.019952e+06	4.228721e-03,	-1.45396e-03	
549	3.090295e+06	4.209529e-03,	-1.48187e-03	
550	3.162278e+06	4.189594e-03,	-1.51005e-03	
551	3.235937e+06	4.168895e-03,	-1.53849e-03	
552	3.311311e+06	4.147410e-03,	-1.56718e-03	
553	3.388442e+06	4.125119e-03,	-1.59609e-03	
554	3.467369e+06	4.101999e-03,	-1.62521e-03	
555	3.548134e+06	4.078030e-03,	-1.65452e-03	
556	3.630781e+06	4.053191e-03,	-1.68400e-03	
557	3.715352e+06	4.027461e-03,	-1.71361e-03	
558	3.801894e+06	4.000820e-03,	-1.74335e-03	
559	3.890451e+06	3.973249e-03,	-1.77317e-03	
560	3.981072e+06	3.944730e-03,	-1.80306e-03	
561	4.073803e+06	3.915243e-03,	-1.83298e-03	
562	4.168694e+06	3.884772e-03,	-1.86291e-03	
563	4.265795e+06	3.853301e-03,	-1.89281e-03	
564	4.365158e+06	3.820814e-03,	-1.92264e-03	
565	4.466836e+06	3.787299e-03,	-1.95237e-03	
566	4.570882e+06	3.752742e-03,	-1.98196e-03	
567	4.677351e+06	3.717133e-03,	-2.01138e-03	
568	4.786301e+06	3.680462e-03,	-2.04058e-03	
569	4.897788e+06	3.642721e-03,	-2.06953e-03	
570	5.011872e+06	3.603906e-03,	-2.09817e-03	
571	5.128614e+06	3.564013e-03,	-2.12646e-03	
572	5.248075e+06	3.523039e-03,	-2.15437e-03	
573	5.370318e+06	3.480987e-03,	-2.18184e-03	
574	5.495409e+06	3.437858e-03,	-2.20882e-03	
575	5.623413e+06	3.393659e-03,	-2.23527e-03	
576	5.754399e+06	3.348399e-03,	-2.26114e-03	

Index   frequency       v1#branch                       
--------------------------------------------------------------------------------
577	5.888437e+06	3.302088e-03,	-2.28637e-03	
578	6.025596e+06	3.254739e-03,	-2.31092e-03	
579	6.165950e+06	3.206371e-03,	-2.33475e-03	
580	6.309573e+06	3.157002e-03,	-2.35779e-03	
581	6.456542e+06	3.106656e-03,	-2.38000e-03	
582	6.606934e+06	3.055358e-03,	-2.40133e-03	
583	6.760830e+06	3.003137e-03,	-2.42173e-03	
584	6.918310e+06	2.950025e-03,	-2.44116e-03	
585	7.079458e+06	2.896056e-03,	-2.45956e-03	
586	7.244360e+06	2.841269e-03,	-2.47690e-03	
587	7.413102e+06	2.785705e-03,	-2.49312e-03	
588	7.585776e+06	2.729408e-03,	-2.50820e-03	
589	7.762471e+06	2.672423e-03,	-2.52208e-03	
590	7.943282e+06	2.614801e-03,	-2.53473e-03	
591	8.128305e+06	2.556592e-03,	-2.54611e-03	
592	8.317638e+06	2.497851e-03,	-2.55620e-03	
593	8.511380e+06	2.438635e-03,	-2.56497e-03	
594	8.709636e+06	2.379001e-03,	-2.57238e-03	
595	8.912509e+06	2.319009e-03,	-2.57841e-03	
596	9.120108e+06	2.258721e-03,	-2.58305e-03	
597	9.332543e+06	2.198200e-03,	-2.58628e-03	
598	9.549926e+06	2.137510e-03,	-2.58808e-03	
599	9.772372e+06	2.076716e-03,	-2.58845e-03	
600	1.000000e+07	2.015882e-03,	-2.58737e-03	
601	1.023293e+07	1.955074e-03,	-2.58486e-03	
602	1.047129e+07	1.894358e-03,	-2.58090e-03	
603	1.071519e+07	1.833799e-03,	-2.57551e-03	
604	1.096478e+07	1.773462e-03,	-2.56870e-03	
605	1.122018e+07	1.713410e-03,	-2.56047e-03	
606	1.148154e+07	1.653706e-03,	-2.55085e-03	
607	1.174898e+07	1.594412e-03,	-2.53985e-03	
608	1.202264e+07	1.535587e-03,	-2.52750e-03	
609	1.230269e+07	1.477289e-03,	-2.51382e-03	
610	1.258925e+07	1.419575e-03,	-2.49884e-03	
611	1.288250e+07	1.362499e-03,	-2.48260e-03	
612	1.318257e+07	1.306111e-03,	-2.46513e-03	
613	1.348963e+07	1.250461e-03,	-2.44646e-03	
614	1.380384e+07	1.195596e-03,	-2.42664e-03	
615	1.412538e+07	1.141558e-03,	-2.40571e-03	
616	1.445440e+07	1.088389e-03,	-2.38371e-03	
617	1.479108e+07	1.036127e-03,	-2.36068e-03	
618	1.513561e+07	9.848068e-04,	-2.33667e-03	
619	1.548817e+07	9.344599e-04,	-2.31173e-03	
620	1.584893e+07	8.851155e-04,	-2.28590e-03	
621	1.621810e+07	8.367996e-04,	-2.25924e-03	
622	1.659587e+07	7.895352e-04,	-2.23179e-03	
623	1.698244e+07	7.433423e-04,	-2.20360e-03	
624	1.737801e+07	6.982381e-04,	-2.17472e-03	
625	1.778279e+07	6.542371e-04,	-2.14520e-03	
626	1.819701e+07	6.113509e-04,	-2.11509e-03	
627	1.862087e+07	5.695885e-04,	-2.08443e-03	
628	1.905461e+07	5.289565e-04,	-2.05328e-03	
629	1.949845e+07	4.894590e-04,	-2.02168e-03	
630	1.995262e+07	4.510978e-04,	-1.98967e-03	
631	2.041738e+07	4.138725e-04,	-1.95731e-03	
632	2.089296e+07	3.777807e-04,	-1.92463e-03	
633	2.137962e+07	3.428181e-04,	-1.89168e-03	
634	2.187762e+07	3.089786e-04,	-1.85849e-03	

Index   frequency       v1#branch                       
--------------------------------------------------------------------------------
635	2.238721e+07	2.762544e-04,	-1.82512e-03	
636	2.290868e+07	2.446362e-04,	-1.79159e-03	
637	2.344229e+07	2.141133e-04,	-1.75794e-03	
638	2.398833e+07	1.846736e-04,	-1.72421e-03	
639	2.454709e+07	1.563041e-04,	-1.69044e-03	
640	2.511886e+07	1.289906e-04,	-1.65665e-03	
641	2.570396e+07	1.027180e-04,	-1.62288e-03	
642	2.630268e+07	7.747043e-05,	-1.58916e-03	
643	2.691535e+07	5.323132e-05,	-1.55551e-03	
644	2.754229e+07	2.998348e-05,	-1.52197e-03	
645	2.818383e+07	7.709223e-06,	-1.48855e-03	
646	2.884032e+07	-1.36096e-05,	-1.45528e-03	
647	2.951209e+07	-3.39913e-05,	-1.42219e-03	
648	3.019952e+07	-5.34547e-05,	-1.38930e-03	
649	3.090295e+07	-7.20186e-05,	-1.35662e-03	
650	3.162278e+07	-8.97021e-05,	-1.32417e-03	
651	3.235937e+07	-1.06524e-04,	-1.29198e-03	
652	3.311311e+07	-1.22504e-04,	-1.26006e-03	
653	3.388442e+07	-1.37661e-04,	-1.22843e-03	
654	3.467369e+07	-1.52013e-04,	-1.19709e-03	
655	3.548134e+07	-1.65580e-04,	-1.16607e-03	
656	3.630781e+07	-1.78380e-04,	-1.13538e-03	
657	3.715352e+07	-1.90432e-04,	-1.10502e-03	
658	3.801894e+07	-2.01755e-04,	-1.07502e-03	
659	3.890451e+07	-2.12366e-04,	-1.04538e-03	
660	3.981072e+07	-2.22283e-04,	-1.01610e-03	
661	4.073803e+07	-2.31525e-04,	-9.87212e-04	
662	4.168694e+07	-2.40108e-04,	-9.58708e-04	
663	4.265795e+07	-2.48051e-04,	-9.30601e-04	
664	4.365158e+07	-2.55369e-04,	-9.02898e-04	
665	4.466836e+07	-2.62081e-04,	-8.75606e-04	
666	4.570882e+07	-2.68202e-04,	-8.48731e-04	
667	4.677351e+07	-2.73750e-04,	-8.22280e-04	
668	4.786301e+07	-2.78739e-04,	-7.96258e-04	
669	4.897788e+07	-2.83187e-04,	-7.70670e-04	
670	5.011872e+07	-2.87110e-04,	-7.45522e-04	
671	5.128614e+07	-2.90522e-04,	-7.20817e-04	
672	5.248075e+07	-2.93441e-04,	-6.96561e-04	
673	5.370318e+07	-2.95880e-04,	-6.72757e-04	
674	5.495409e+07	-2.97856e-04,	-6.49409e-04	
675	5.623413e+07	-2.99384e-04,	-6.26520e-04	
676	5.754399e+07	-3.00480e-04,	-6.04092e-04	
677	5.888437e+07	-3.01157e-04,	-5.82130e-04	
678	6.025596e+07	-3.01432e-04,	-5.60634e-04	
679	6.165950e+07	-3.01320e-04,	-5.39608e-04	
680	6.309573e+07	-3.00835e-04,	-5.19053e-04	
681	6.456542e+07	-2.99992e-04,	-4.98971e-04	
682	6.606934e+07	-2.98807e-04,	-4.79362e-04	
683	6.760830e+07	-2.97294e-04,	-4.60228e-04	
684	6.918310e+07	-2.95469e-04,	-4.41569e-04	
685	7.079458e+07	-2.93345e-04,	-4.23385e-04	
686	7.244360e+07	-2.90939e-04,	-4.05675e-04	
687	7.413102e+07	-2.88264e-04,	-3.88440e-04	
688	7.585776e+07	-2.85336e-04,	-3.71679e-04	
689	7.762471e+07	-2.82169e-04,	-3.55389e-04	
690	7.943282e+07	-2.78778e-04,	-3.39569e-04	
691	8.128305e+07	-2.75178e-04,	-3.24217e-04	
692	8.317638e+07	-2.71382e-04,	-3.09329e-04	

Index   frequency       v1#branch                       
--------------------------------------------------------------------------------
693	8.511380e+07	-2.67405e-04,	-2.94904e-04	
694	8.709636e+07	-2.63262e-04,	-2.80937e-04	
695	8.912509e+07	-2.58965e-04,	-2.67425e-04	
696	9.120108e+07	-2.54530e-04,	-2.54362e-04	
697	9.332543e+07	-2.49969e-04,	-2.41744e-04	
698	9.549926e+07	-2.45295e-04,	-2.29566e-04	
699	9.772372e+07	-2.40523e-04,	-2.17822e-04	
700	1.000000e+08	-2.35664e-04,	-2.06507e-04	

* c:\users\mamat\onedrive\desktop\ajay_esim\final_project_files\device_modelling\2n5401\bjt_frequency_response_2n5401\bjt_frequency_response_2n5401.cir
AC Analysis  Tue Jun 24 15:58:13  2025
--------------------------------------------------------------------------------
Index   frequency       v2#branch                       
--------------------------------------------------------------------------------
0	1.000000e+01	-1.94098e-05,	-2.28735e-05	
1	1.023293e+01	-1.96269e-05,	-2.33511e-05	
2	1.047129e+01	-1.98533e-05,	-2.38369e-05	
3	1.071519e+01	-2.00893e-05,	-2.43308e-05	
4	1.096478e+01	-2.03353e-05,	-2.48327e-05	
5	1.122018e+01	-2.05917e-05,	-2.53428e-05	
6	1.148154e+01	-2.08588e-05,	-2.58608e-05	
7	1.174898e+01	-2.11371e-05,	-2.63868e-05	
8	1.202264e+01	-2.14269e-05,	-2.69206e-05	
9	1.230269e+01	-2.17286e-05,	-2.74621e-05	
10	1.258925e+01	-2.20427e-05,	-2.80113e-05	
11	1.288250e+01	-2.23696e-05,	-2.85680e-05	
12	1.318257e+01	-2.27097e-05,	-2.91319e-05	
13	1.348963e+01	-2.30635e-05,	-2.97031e-05	
14	1.380384e+01	-2.34313e-05,	-3.02811e-05	
15	1.412538e+01	-2.38136e-05,	-3.08659e-05	
16	1.445440e+01	-2.42110e-05,	-3.14572e-05	
17	1.479108e+01	-2.46237e-05,	-3.20547e-05	
18	1.513561e+01	-2.50524e-05,	-3.26581e-05	
19	1.548817e+01	-2.54974e-05,	-3.32671e-05	
20	1.584893e+01	-2.59591e-05,	-3.38813e-05	
21	1.621810e+01	-2.64382e-05,	-3.45004e-05	
22	1.659587e+01	-2.69349e-05,	-3.51239e-05	
23	1.698244e+01	-2.74497e-05,	-3.57514e-05	
24	1.737801e+01	-2.79831e-05,	-3.63825e-05	
25	1.778279e+01	-2.85355e-05,	-3.70167e-05	
26	1.819701e+01	-2.91073e-05,	-3.76533e-05	
27	1.862087e+01	-2.96989e-05,	-3.82919e-05	
28	1.905461e+01	-3.03108e-05,	-3.89318e-05	
29	1.949845e+01	-3.09432e-05,	-3.95724e-05	
30	1.995262e+01	-3.15965e-05,	-4.02131e-05	
31	2.041738e+01	-3.22711e-05,	-4.08531e-05	
32	2.089296e+01	-3.29672e-05,	-4.14917e-05	
33	2.137962e+01	-3.36852e-05,	-4.21281e-05	
34	2.187762e+01	-3.44252e-05,	-4.27617e-05	
35	2.238721e+01	-3.51875e-05,	-4.33914e-05	
36	2.290868e+01	-3.59723e-05,	-4.40165e-05	
37	2.344229e+01	-3.67797e-05,	-4.46361e-05	
38	2.398833e+01	-3.76098e-05,	-4.52492e-05	
39	2.454709e+01	-3.84627e-05,	-4.58550e-05	
40	2.511886e+01	-3.93384e-05,	-4.64524e-05	
41	2.570396e+01	-4.02367e-05,	-4.70406e-05	
42	2.630268e+01	-4.11577e-05,	-4.76184e-05	
43	2.691535e+01	-4.21012e-05,	-4.81849e-05	
44	2.754229e+01	-4.30670e-05,	-4.87390e-05	
45	2.818383e+01	-4.40548e-05,	-4.92798e-05	
46	2.884032e+01	-4.50643e-05,	-4.98062e-05	
47	2.951209e+01	-4.60951e-05,	-5.03171e-05	
48	3.019952e+01	-4.71468e-05,	-5.08115e-05	
49	3.090295e+01	-4.82189e-05,	-5.12884e-05	
50	3.162278e+01	-4.93107e-05,	-5.17467e-05	
51	3.235937e+01	-5.04218e-05,	-5.21855e-05	
52	3.311311e+01	-5.15512e-05,	-5.26038e-05	
53	3.388442e+01	-5.26984e-05,	-5.30007e-05	
54	3.467369e+01	-5.38625e-05,	-5.33752e-05	

Index   frequency       v2#branch                       
--------------------------------------------------------------------------------
55	3.548134e+01	-5.50425e-05,	-5.37264e-05	
56	3.630781e+01	-5.62376e-05,	-5.40536e-05	
57	3.715352e+01	-5.74467e-05,	-5.43558e-05	
58	3.801894e+01	-5.86688e-05,	-5.46324e-05	
59	3.890451e+01	-5.99027e-05,	-5.48827e-05	
60	3.981072e+01	-6.11474e-05,	-5.51060e-05	
61	4.073803e+01	-6.24017e-05,	-5.53018e-05	
62	4.168694e+01	-6.36642e-05,	-5.54695e-05	
63	4.265795e+01	-6.49338e-05,	-5.56088e-05	
64	4.365158e+01	-6.62091e-05,	-5.57192e-05	
65	4.466836e+01	-6.74888e-05,	-5.58005e-05	
66	4.570882e+01	-6.87716e-05,	-5.58525e-05	
67	4.677351e+01	-7.00561e-05,	-5.58750e-05	
68	4.786301e+01	-7.13409e-05,	-5.58679e-05	
69	4.897788e+01	-7.26248e-05,	-5.58314e-05	
70	5.011872e+01	-7.39063e-05,	-5.57654e-05	
71	5.128614e+01	-7.51840e-05,	-5.56701e-05	
72	5.248075e+01	-7.64568e-05,	-5.55459e-05	
73	5.370318e+01	-7.77232e-05,	-5.53930e-05	
74	5.495409e+01	-7.89819e-05,	-5.52118e-05	
75	5.623413e+01	-8.02318e-05,	-5.50028e-05	
76	5.754399e+01	-8.14716e-05,	-5.47665e-05	
77	5.888437e+01	-8.27000e-05,	-5.45035e-05	
78	6.025596e+01	-8.39161e-05,	-5.42146e-05	
79	6.165950e+01	-8.51187e-05,	-5.39004e-05	
80	6.309573e+01	-8.63068e-05,	-5.35616e-05	
81	6.456542e+01	-8.74793e-05,	-5.31991e-05	
82	6.606934e+01	-8.86355e-05,	-5.28138e-05	
83	6.760830e+01	-8.97743e-05,	-5.24066e-05	
84	6.918310e+01	-9.08952e-05,	-5.19783e-05	
85	7.079458e+01	-9.19972e-05,	-5.15300e-05	
86	7.244360e+01	-9.30797e-05,	-5.10626e-05	
87	7.413102e+01	-9.41422e-05,	-5.05772e-05	
88	7.585776e+01	-9.51840e-05,	-5.00747e-05	
89	7.762471e+01	-9.62048e-05,	-4.95563e-05	
90	7.943282e+01	-9.72040e-05,	-4.90228e-05	
91	8.128305e+01	-9.81814e-05,	-4.84755e-05	
92	8.317638e+01	-9.91366e-05,	-4.79152e-05	
93	8.511380e+01	-1.00069e-04,	-4.73431e-05	
94	8.709636e+01	-1.00980e-04,	-4.67602e-05	
95	8.912509e+01	-1.01867e-04,	-4.61674e-05	
96	9.120108e+01	-1.02732e-04,	-4.55657e-05	
97	9.332543e+01	-1.03574e-04,	-4.49562e-05	
98	9.549926e+01	-1.04394e-04,	-4.43398e-05	
99	9.772372e+01	-1.05190e-04,	-4.37173e-05	
100	1.000000e+02	-1.05964e-04,	-4.30898e-05	
101	1.023293e+02	-1.06716e-04,	-4.24580e-05	
102	1.047129e+02	-1.07446e-04,	-4.18229e-05	
103	1.071519e+02	-1.08153e-04,	-4.11852e-05	
104	1.096478e+02	-1.08839e-04,	-4.05457e-05	
105	1.122018e+02	-1.09503e-04,	-3.99051e-05	
106	1.148154e+02	-1.10147e-04,	-3.92643e-05	
107	1.174898e+02	-1.10769e-04,	-3.86237e-05	
108	1.202264e+02	-1.11372e-04,	-3.79842e-05	
109	1.230269e+02	-1.11954e-04,	-3.73464e-05	
110	1.258925e+02	-1.12516e-04,	-3.67107e-05	
111	1.288250e+02	-1.13060e-04,	-3.60778e-05	
112	1.318257e+02	-1.13584e-04,	-3.54482e-05	

Index   frequency       v2#branch                       
--------------------------------------------------------------------------------
113	1.348963e+02	-1.14090e-04,	-3.48223e-05	
114	1.380384e+02	-1.14578e-04,	-3.42007e-05	
115	1.412538e+02	-1.15049e-04,	-3.35837e-05	
116	1.445440e+02	-1.15503e-04,	-3.29717e-05	
117	1.479108e+02	-1.15940e-04,	-3.23652e-05	
118	1.513561e+02	-1.16361e-04,	-3.17644e-05	
119	1.548817e+02	-1.16766e-04,	-3.11696e-05	
120	1.584893e+02	-1.17157e-04,	-3.05812e-05	
121	1.621810e+02	-1.17532e-04,	-2.99994e-05	
122	1.659587e+02	-1.17893e-04,	-2.94244e-05	
123	1.698244e+02	-1.18240e-04,	-2.88564e-05	
124	1.737801e+02	-1.18574e-04,	-2.82957e-05	
125	1.778279e+02	-1.18895e-04,	-2.77424e-05	
126	1.819701e+02	-1.19203e-04,	-2.71966e-05	
127	1.862087e+02	-1.19499e-04,	-2.66585e-05	
128	1.905461e+02	-1.19783e-04,	-2.61282e-05	
129	1.949845e+02	-1.20056e-04,	-2.56058e-05	
130	1.995262e+02	-1.20318e-04,	-2.50913e-05	
131	2.041738e+02	-1.20569e-04,	-2.45848e-05	
132	2.089296e+02	-1.20810e-04,	-2.40865e-05	
133	2.137962e+02	-1.21041e-04,	-2.35962e-05	
134	2.187762e+02	-1.21263e-04,	-2.31140e-05	
135	2.238721e+02	-1.21476e-04,	-2.26400e-05	
136	2.290868e+02	-1.21680e-04,	-2.21742e-05	
137	2.344229e+02	-1.21875e-04,	-2.17165e-05	
138	2.398833e+02	-1.22063e-04,	-2.12668e-05	
139	2.454709e+02	-1.22242e-04,	-2.08253e-05	
140	2.511886e+02	-1.22414e-04,	-2.03918e-05	
141	2.570396e+02	-1.22579e-04,	-1.99663e-05	
142	2.630268e+02	-1.22737e-04,	-1.95488e-05	
143	2.691535e+02	-1.22888e-04,	-1.91392e-05	
144	2.754229e+02	-1.23033e-04,	-1.87374e-05	
145	2.818383e+02	-1.23172e-04,	-1.83434e-05	
146	2.884032e+02	-1.23304e-04,	-1.79570e-05	
147	2.951209e+02	-1.23431e-04,	-1.75783e-05	
148	3.019952e+02	-1.23553e-04,	-1.72071e-05	
149	3.090295e+02	-1.23669e-04,	-1.68434e-05	
150	3.162278e+02	-1.23781e-04,	-1.64871e-05	
151	3.235937e+02	-1.23887e-04,	-1.61380e-05	
152	3.311311e+02	-1.23989e-04,	-1.57961e-05	
153	3.388442e+02	-1.24087e-04,	-1.54614e-05	
154	3.467369e+02	-1.24180e-04,	-1.51336e-05	
155	3.548134e+02	-1.24269e-04,	-1.48127e-05	
156	3.630781e+02	-1.24355e-04,	-1.44986e-05	
157	3.715352e+02	-1.24436e-04,	-1.41913e-05	
158	3.801894e+02	-1.24515e-04,	-1.38905e-05	
159	3.890451e+02	-1.24589e-04,	-1.35963e-05	
160	3.981072e+02	-1.24661e-04,	-1.33084e-05	
161	4.073803e+02	-1.24729e-04,	-1.30269e-05	
162	4.168694e+02	-1.24794e-04,	-1.27515e-05	
163	4.265795e+02	-1.24857e-04,	-1.24823e-05	
164	4.365158e+02	-1.24916e-04,	-1.22191e-05	
165	4.466836e+02	-1.24974e-04,	-1.19618e-05	
166	4.570882e+02	-1.25028e-04,	-1.17103e-05	
167	4.677351e+02	-1.25080e-04,	-1.14645e-05	
168	4.786301e+02	-1.25130e-04,	-1.12243e-05	
169	4.897788e+02	-1.25178e-04,	-1.09896e-05	
170	5.011872e+02	-1.25223e-04,	-1.07603e-05	

Index   frequency       v2#branch                       
--------------------------------------------------------------------------------
171	5.128614e+02	-1.25267e-04,	-1.05364e-05	
172	5.248075e+02	-1.25308e-04,	-1.03177e-05	
173	5.370318e+02	-1.25348e-04,	-1.01041e-05	
174	5.495409e+02	-1.25386e-04,	-9.89559e-06	
175	5.623413e+02	-1.25422e-04,	-9.69203e-06	
176	5.754399e+02	-1.25457e-04,	-9.49333e-06	
177	5.888437e+02	-1.25490e-04,	-9.29941e-06	
178	6.025596e+02	-1.25522e-04,	-9.11018e-06	
179	6.165950e+02	-1.25552e-04,	-8.92556e-06	
180	6.309573e+02	-1.25581e-04,	-8.74547e-06	
181	6.456542e+02	-1.25609e-04,	-8.56982e-06	
182	6.606934e+02	-1.25635e-04,	-8.39853e-06	
183	6.760830e+02	-1.25661e-04,	-8.23153e-06	
184	6.918310e+02	-1.25685e-04,	-8.06874e-06	
185	7.079458e+02	-1.25708e-04,	-7.91007e-06	
186	7.244360e+02	-1.25730e-04,	-7.75547e-06	
187	7.413102e+02	-1.25751e-04,	-7.60485e-06	
188	7.585776e+02	-1.25771e-04,	-7.45814e-06	
189	7.762471e+02	-1.25790e-04,	-7.31527e-06	
190	7.943282e+02	-1.25808e-04,	-7.17618e-06	
191	8.128305e+02	-1.25826e-04,	-7.04079e-06	
192	8.317638e+02	-1.25843e-04,	-6.90905e-06	
193	8.511380e+02	-1.25859e-04,	-6.78088e-06	
194	8.709636e+02	-1.25874e-04,	-6.65623e-06	
195	8.912509e+02	-1.25888e-04,	-6.53504e-06	
196	9.120108e+02	-1.25902e-04,	-6.41724e-06	
197	9.332543e+02	-1.25916e-04,	-6.30278e-06	
198	9.549926e+02	-1.25928e-04,	-6.19160e-06	
199	9.772372e+02	-1.25940e-04,	-6.08365e-06	
200	1.000000e+03	-1.25952e-04,	-5.97887e-06	
201	1.023293e+03	-1.25963e-04,	-5.87722e-06	
202	1.047129e+03	-1.25974e-04,	-5.77863e-06	
203	1.071519e+03	-1.25984e-04,	-5.68306e-06	
204	1.096478e+03	-1.25993e-04,	-5.59047e-06	
205	1.122018e+03	-1.26003e-04,	-5.50080e-06	
206	1.148154e+03	-1.26012e-04,	-5.41402e-06	
207	1.174898e+03	-1.26020e-04,	-5.33008e-06	
208	1.202264e+03	-1.26028e-04,	-5.24893e-06	
209	1.230269e+03	-1.26036e-04,	-5.17053e-06	
210	1.258925e+03	-1.26043e-04,	-5.09485e-06	
211	1.288250e+03	-1.26050e-04,	-5.02185e-06	
212	1.318257e+03	-1.26057e-04,	-4.95148e-06	
213	1.348963e+03	-1.26063e-04,	-4.88372e-06	
214	1.380384e+03	-1.26069e-04,	-4.81853e-06	
215	1.412538e+03	-1.26075e-04,	-4.75588e-06	
216	1.445440e+03	-1.26081e-04,	-4.69573e-06	
217	1.479108e+03	-1.26086e-04,	-4.63805e-06	
218	1.513561e+03	-1.26091e-04,	-4.58282e-06	
219	1.548817e+03	-1.26096e-04,	-4.53000e-06	
220	1.584893e+03	-1.26100e-04,	-4.47957e-06	
221	1.621810e+03	-1.26105e-04,	-4.43151e-06	
222	1.659587e+03	-1.26109e-04,	-4.38578e-06	
223	1.698244e+03	-1.26113e-04,	-4.34237e-06	
224	1.737801e+03	-1.26117e-04,	-4.30125e-06	
225	1.778279e+03	-1.26121e-04,	-4.26240e-06	
226	1.819701e+03	-1.26124e-04,	-4.22580e-06	
227	1.862087e+03	-1.26128e-04,	-4.19143e-06	
228	1.905461e+03	-1.26131e-04,	-4.15928e-06	

Index   frequency       v2#branch                       
--------------------------------------------------------------------------------
229	1.949845e+03	-1.26134e-04,	-4.12933e-06	
230	1.995262e+03	-1.26137e-04,	-4.10156e-06	
231	2.041738e+03	-1.26140e-04,	-4.07596e-06	
232	2.089296e+03	-1.26142e-04,	-4.05251e-06	
233	2.137962e+03	-1.26145e-04,	-4.03121e-06	
234	2.187762e+03	-1.26147e-04,	-4.01204e-06	
235	2.238721e+03	-1.26150e-04,	-3.99499e-06	
236	2.290868e+03	-1.26152e-04,	-3.98006e-06	
237	2.344229e+03	-1.26154e-04,	-3.96723e-06	
238	2.398833e+03	-1.26156e-04,	-3.95650e-06	
239	2.454709e+03	-1.26158e-04,	-3.94787e-06	
240	2.511886e+03	-1.26160e-04,	-3.94132e-06	
241	2.570396e+03	-1.26162e-04,	-3.93686e-06	
242	2.630268e+03	-1.26163e-04,	-3.93449e-06	
243	2.691535e+03	-1.26165e-04,	-3.93420e-06	
244	2.754229e+03	-1.26167e-04,	-3.93599e-06	
245	2.818383e+03	-1.26168e-04,	-3.93987e-06	
246	2.884032e+03	-1.26169e-04,	-3.94584e-06	
247	2.951209e+03	-1.26171e-04,	-3.95389e-06	
248	3.019952e+03	-1.26172e-04,	-3.96404e-06	
249	3.090295e+03	-1.26173e-04,	-3.97629e-06	
250	3.162278e+03	-1.26175e-04,	-3.99065e-06	
251	3.235937e+03	-1.26176e-04,	-4.00712e-06	
252	3.311311e+03	-1.26177e-04,	-4.02571e-06	
253	3.388442e+03	-1.26178e-04,	-4.04644e-06	
254	3.467369e+03	-1.26179e-04,	-4.06931e-06	
255	3.548134e+03	-1.26180e-04,	-4.09434e-06	
256	3.630781e+03	-1.26181e-04,	-4.12153e-06	
257	3.715352e+03	-1.26182e-04,	-4.15092e-06	
258	3.801894e+03	-1.26183e-04,	-4.18250e-06	
259	3.890451e+03	-1.26183e-04,	-4.21630e-06	
260	3.981072e+03	-1.26184e-04,	-4.25233e-06	
261	4.073803e+03	-1.26185e-04,	-4.29061e-06	
262	4.168694e+03	-1.26186e-04,	-4.33118e-06	
263	4.265795e+03	-1.26186e-04,	-4.37403e-06	
264	4.365158e+03	-1.26187e-04,	-4.41921e-06	
265	4.466836e+03	-1.26188e-04,	-4.46672e-06	
266	4.570882e+03	-1.26188e-04,	-4.51661e-06	
267	4.677351e+03	-1.26189e-04,	-4.56889e-06	
268	4.786301e+03	-1.26189e-04,	-4.62359e-06	
269	4.897788e+03	-1.26190e-04,	-4.68074e-06	
270	5.011872e+03	-1.26191e-04,	-4.74038e-06	
271	5.128614e+03	-1.26191e-04,	-4.80253e-06	
272	5.248075e+03	-1.26192e-04,	-4.86722e-06	
273	5.370318e+03	-1.26192e-04,	-4.93449e-06	
274	5.495409e+03	-1.26193e-04,	-5.00438e-06	
275	5.623413e+03	-1.26193e-04,	-5.07692e-06	
276	5.754399e+03	-1.26194e-04,	-5.15216e-06	
277	5.888437e+03	-1.26194e-04,	-5.23012e-06	
278	6.025596e+03	-1.26194e-04,	-5.31086e-06	
279	6.165950e+03	-1.26195e-04,	-5.39442e-06	
280	6.309573e+03	-1.26195e-04,	-5.48083e-06	
281	6.456542e+03	-1.26196e-04,	-5.57015e-06	
282	6.606934e+03	-1.26196e-04,	-5.66242e-06	
283	6.760830e+03	-1.26197e-04,	-5.75770e-06	
284	6.918310e+03	-1.26197e-04,	-5.85603e-06	
285	7.079458e+03	-1.26197e-04,	-5.95746e-06	
286	7.244360e+03	-1.26198e-04,	-6.06205e-06	

Index   frequency       v2#branch                       
--------------------------------------------------------------------------------
287	7.413102e+03	-1.26198e-04,	-6.16985e-06	
288	7.585776e+03	-1.26198e-04,	-6.28093e-06	
289	7.762471e+03	-1.26199e-04,	-6.39534e-06	
290	7.943282e+03	-1.26199e-04,	-6.51313e-06	
291	8.128305e+03	-1.26200e-04,	-6.63438e-06	
292	8.317638e+03	-1.26200e-04,	-6.75915e-06	
293	8.511380e+03	-1.26200e-04,	-6.88750e-06	
294	8.709636e+03	-1.26201e-04,	-7.01951e-06	
295	8.912509e+03	-1.26201e-04,	-7.15523e-06	
296	9.120108e+03	-1.26202e-04,	-7.29475e-06	
297	9.332543e+03	-1.26202e-04,	-7.43814e-06	
298	9.549926e+03	-1.26203e-04,	-7.58547e-06	
299	9.772372e+03	-1.26203e-04,	-7.73682e-06	
300	1.000000e+04	-1.26203e-04,	-7.89227e-06	
301	1.023293e+04	-1.26204e-04,	-8.05191e-06	
302	1.047129e+04	-1.26204e-04,	-8.21582e-06	
303	1.071519e+04	-1.26205e-04,	-8.38408e-06	
304	1.096478e+04	-1.26205e-04,	-8.55679e-06	
305	1.122018e+04	-1.26206e-04,	-8.73404e-06	
306	1.148154e+04	-1.26206e-04,	-8.91592e-06	
307	1.174898e+04	-1.26207e-04,	-9.10252e-06	
308	1.202264e+04	-1.26207e-04,	-9.29395e-06	
309	1.230269e+04	-1.26208e-04,	-9.49031e-06	
310	1.258925e+04	-1.26209e-04,	-9.69170e-06	
311	1.288250e+04	-1.26209e-04,	-9.89823e-06	
312	1.318257e+04	-1.26210e-04,	-1.01100e-05	
313	1.348963e+04	-1.26211e-04,	-1.03271e-05	
314	1.380384e+04	-1.26211e-04,	-1.05498e-05	
315	1.412538e+04	-1.26212e-04,	-1.07780e-05	
316	1.445440e+04	-1.26213e-04,	-1.10119e-05	
317	1.479108e+04	-1.26213e-04,	-1.12516e-05	
318	1.513561e+04	-1.26214e-04,	-1.14974e-05	
319	1.548817e+04	-1.26215e-04,	-1.17492e-05	
320	1.584893e+04	-1.26216e-04,	-1.20072e-05	
321	1.621810e+04	-1.26217e-04,	-1.22716e-05	
322	1.659587e+04	-1.26218e-04,	-1.25426e-05	
323	1.698244e+04	-1.26219e-04,	-1.28201e-05	
324	1.737801e+04	-1.26220e-04,	-1.31045e-05	
325	1.778279e+04	-1.26221e-04,	-1.33958e-05	
326	1.819701e+04	-1.26222e-04,	-1.36943e-05	
327	1.862087e+04	-1.26223e-04,	-1.39999e-05	
328	1.905461e+04	-1.26224e-04,	-1.43130e-05	
329	1.949845e+04	-1.26226e-04,	-1.46337e-05	
330	1.995262e+04	-1.26227e-04,	-1.49622e-05	
331	2.041738e+04	-1.26228e-04,	-1.52986e-05	
332	2.089296e+04	-1.26230e-04,	-1.56431e-05	
333	2.137962e+04	-1.26231e-04,	-1.59958e-05	
334	2.187762e+04	-1.26233e-04,	-1.63571e-05	
335	2.238721e+04	-1.26235e-04,	-1.67271e-05	
336	2.290868e+04	-1.26236e-04,	-1.71059e-05	
337	2.344229e+04	-1.26238e-04,	-1.74938e-05	
338	2.398833e+04	-1.26240e-04,	-1.78909e-05	
339	2.454709e+04	-1.26242e-04,	-1.82975e-05	
340	2.511886e+04	-1.26244e-04,	-1.87139e-05	
341	2.570396e+04	-1.26246e-04,	-1.91402e-05	
342	2.630268e+04	-1.26249e-04,	-1.95766e-05	
343	2.691535e+04	-1.26251e-04,	-2.00234e-05	
344	2.754229e+04	-1.26254e-04,	-2.04808e-05	

Index   frequency       v2#branch                       
--------------------------------------------------------------------------------
345	2.818383e+04	-1.26256e-04,	-2.09490e-05	
346	2.884032e+04	-1.26259e-04,	-2.14284e-05	
347	2.951209e+04	-1.26262e-04,	-2.19191e-05	
348	3.019952e+04	-1.26265e-04,	-2.24215e-05	
349	3.090295e+04	-1.26268e-04,	-2.29357e-05	
350	3.162278e+04	-1.26271e-04,	-2.34621e-05	
351	3.235937e+04	-1.26275e-04,	-2.40010e-05	
352	3.311311e+04	-1.26278e-04,	-2.45525e-05	
353	3.388442e+04	-1.26282e-04,	-2.51171e-05	
354	3.467369e+04	-1.26286e-04,	-2.56950e-05	
355	3.548134e+04	-1.26290e-04,	-2.62865e-05	
356	3.630781e+04	-1.26295e-04,	-2.68920e-05	
357	3.715352e+04	-1.26299e-04,	-2.75117e-05	
358	3.801894e+04	-1.26304e-04,	-2.81460e-05	
359	3.890451e+04	-1.26309e-04,	-2.87952e-05	
360	3.981072e+04	-1.26314e-04,	-2.94597e-05	
361	4.073803e+04	-1.26320e-04,	-3.01398e-05	
362	4.168694e+04	-1.26325e-04,	-3.08359e-05	
363	4.265795e+04	-1.26331e-04,	-3.15483e-05	
364	4.365158e+04	-1.26338e-04,	-3.22775e-05	
365	4.466836e+04	-1.26344e-04,	-3.30238e-05	
366	4.570882e+04	-1.26351e-04,	-3.37875e-05	
367	4.677351e+04	-1.26358e-04,	-3.45692e-05	
368	4.786301e+04	-1.26366e-04,	-3.53692e-05	
369	4.897788e+04	-1.26374e-04,	-3.61880e-05	
370	5.011872e+04	-1.26382e-04,	-3.70259e-05	
371	5.128614e+04	-1.26390e-04,	-3.78835e-05	
372	5.248075e+04	-1.26399e-04,	-3.87612e-05	
373	5.370318e+04	-1.26409e-04,	-3.96594e-05	
374	5.495409e+04	-1.26419e-04,	-4.05786e-05	
375	5.623413e+04	-1.26429e-04,	-4.15193e-05	
376	5.754399e+04	-1.26440e-04,	-4.24821e-05	
377	5.888437e+04	-1.26452e-04,	-4.34673e-05	
378	6.025596e+04	-1.26463e-04,	-4.44756e-05	
379	6.165950e+04	-1.26476e-04,	-4.55075e-05	
380	6.309573e+04	-1.26489e-04,	-4.65635e-05	
381	6.456542e+04	-1.26503e-04,	-4.76442e-05	
382	6.606934e+04	-1.26517e-04,	-4.87501e-05	
383	6.760830e+04	-1.26532e-04,	-4.98819e-05	
384	6.918310e+04	-1.26548e-04,	-5.10401e-05	
385	7.079458e+04	-1.26564e-04,	-5.22254e-05	
386	7.244360e+04	-1.26582e-04,	-5.34383e-05	
387	7.413102e+04	-1.26600e-04,	-5.46796e-05	
388	7.585776e+04	-1.26618e-04,	-5.59498e-05	
389	7.762471e+04	-1.26638e-04,	-5.72497e-05	
390	7.943282e+04	-1.26659e-04,	-5.85800e-05	
391	8.128305e+04	-1.26681e-04,	-5.99412e-05	
392	8.317638e+04	-1.26703e-04,	-6.13343e-05	
393	8.511380e+04	-1.26727e-04,	-6.27598e-05	
394	8.709636e+04	-1.26752e-04,	-6.42186e-05	
395	8.912509e+04	-1.26778e-04,	-6.57115e-05	
396	9.120108e+04	-1.26806e-04,	-6.72391e-05	
397	9.332543e+04	-1.26834e-04,	-6.88024e-05	
398	9.549926e+04	-1.26864e-04,	-7.04021e-05	
399	9.772372e+04	-1.26895e-04,	-7.20392e-05	
400	1.000000e+05	-1.26928e-04,	-7.37144e-05	
401	1.023293e+05	-1.26963e-04,	-7.54286e-05	
402	1.047129e+05	-1.26999e-04,	-7.71828e-05	

Index   frequency       v2#branch                       
--------------------------------------------------------------------------------
403	1.071519e+05	-1.27036e-04,	-7.89779e-05	
404	1.096478e+05	-1.27076e-04,	-8.08149e-05	
405	1.122018e+05	-1.27117e-04,	-8.26946e-05	
406	1.148154e+05	-1.27161e-04,	-8.46182e-05	
407	1.174898e+05	-1.27206e-04,	-8.65866e-05	
408	1.202264e+05	-1.27253e-04,	-8.86008e-05	
409	1.230269e+05	-1.27303e-04,	-9.06619e-05	
410	1.258925e+05	-1.27355e-04,	-9.27711e-05	
411	1.288250e+05	-1.27410e-04,	-9.49294e-05	
412	1.318257e+05	-1.27467e-04,	-9.71379e-05	
413	1.348963e+05	-1.27526e-04,	-9.93979e-05	
414	1.380384e+05	-1.27589e-04,	-1.01711e-04	
415	1.412538e+05	-1.27654e-04,	-1.04077e-04	
416	1.445440e+05	-1.27723e-04,	-1.06499e-04	
417	1.479108e+05	-1.27795e-04,	-1.08977e-04	
418	1.513561e+05	-1.27870e-04,	-1.11512e-04	
419	1.548817e+05	-1.27949e-04,	-1.14107e-04	
420	1.584893e+05	-1.28031e-04,	-1.16762e-04	
421	1.621810e+05	-1.28118e-04,	-1.19479e-04	
422	1.659587e+05	-1.28208e-04,	-1.22259e-04	
423	1.698244e+05	-1.28303e-04,	-1.25103e-04	
424	1.737801e+05	-1.28402e-04,	-1.28014e-04	
425	1.778279e+05	-1.28506e-04,	-1.30993e-04	
426	1.819701e+05	-1.28614e-04,	-1.34041e-04	
427	1.862087e+05	-1.28728e-04,	-1.37159e-04	
428	1.905461e+05	-1.28847e-04,	-1.40351e-04	
429	1.949845e+05	-1.28972e-04,	-1.43616e-04	
430	1.995262e+05	-1.29103e-04,	-1.46958e-04	
431	2.041738e+05	-1.29240e-04,	-1.50377e-04	
432	2.089296e+05	-1.29383e-04,	-1.53875e-04	
433	2.137962e+05	-1.29533e-04,	-1.57455e-04	
434	2.187762e+05	-1.29690e-04,	-1.61118e-04	
435	2.238721e+05	-1.29854e-04,	-1.64866e-04	
436	2.290868e+05	-1.30027e-04,	-1.68701e-04	
437	2.344229e+05	-1.30207e-04,	-1.72626e-04	
438	2.398833e+05	-1.30396e-04,	-1.76641e-04	
439	2.454709e+05	-1.30593e-04,	-1.80750e-04	
440	2.511886e+05	-1.30800e-04,	-1.84954e-04	
441	2.570396e+05	-1.31017e-04,	-1.89255e-04	
442	2.630268e+05	-1.31244e-04,	-1.93657e-04	
443	2.691535e+05	-1.31482e-04,	-1.98160e-04	
444	2.754229e+05	-1.31731e-04,	-2.02768e-04	
445	2.818383e+05	-1.31991e-04,	-2.07483e-04	
446	2.884032e+05	-1.32264e-04,	-2.12307e-04	
447	2.951209e+05	-1.32549e-04,	-2.17243e-04	
448	3.019952e+05	-1.32848e-04,	-2.22293e-04	
449	3.090295e+05	-1.33162e-04,	-2.27461e-04	
450	3.162278e+05	-1.33489e-04,	-2.32748e-04	
451	3.235937e+05	-1.33833e-04,	-2.38157e-04	
452	3.311311e+05	-1.34192e-04,	-2.43692e-04	
453	3.388442e+05	-1.34568e-04,	-2.49355e-04	
454	3.467369e+05	-1.34962e-04,	-2.55149e-04	
455	3.548134e+05	-1.35375e-04,	-2.61076e-04	
456	3.630781e+05	-1.35807e-04,	-2.67141e-04	
457	3.715352e+05	-1.36259e-04,	-2.73346e-04	
458	3.801894e+05	-1.36732e-04,	-2.79695e-04	
459	3.890451e+05	-1.37228e-04,	-2.86190e-04	
460	3.981072e+05	-1.37747e-04,	-2.92835e-04	

Index   frequency       v2#branch                       
--------------------------------------------------------------------------------
461	4.073803e+05	-1.38290e-04,	-2.99633e-04	
462	4.168694e+05	-1.38859e-04,	-3.06588e-04	
463	4.265795e+05	-1.39455e-04,	-3.13703e-04	
464	4.365158e+05	-1.40078e-04,	-3.20982e-04	
465	4.466836e+05	-1.40731e-04,	-3.28429e-04	
466	4.570882e+05	-1.41414e-04,	-3.36047e-04	
467	4.677351e+05	-1.42130e-04,	-3.43841e-04	
468	4.786301e+05	-1.42879e-04,	-3.51813e-04	
469	4.897788e+05	-1.43663e-04,	-3.59969e-04	
470	5.011872e+05	-1.44484e-04,	-3.68312e-04	
471	5.128614e+05	-1.45344e-04,	-3.76847e-04	
472	5.248075e+05	-1.46244e-04,	-3.85577e-04	
473	5.370318e+05	-1.47186e-04,	-3.94507e-04	
474	5.495409e+05	-1.48172e-04,	-4.03641e-04	
475	5.623413e+05	-1.49204e-04,	-4.12985e-04	
476	5.754399e+05	-1.50285e-04,	-4.22542e-04	
477	5.888437e+05	-1.51416e-04,	-4.32317e-04	
478	6.025596e+05	-1.52600e-04,	-4.42315e-04	
479	6.165950e+05	-1.53839e-04,	-4.52541e-04	
480	6.309573e+05	-1.55137e-04,	-4.62999e-04	
481	6.456542e+05	-1.56495e-04,	-4.73696e-04	
482	6.606934e+05	-1.57917e-04,	-4.84635e-04	
483	6.760830e+05	-1.59405e-04,	-4.95822e-04	
484	6.918310e+05	-1.60962e-04,	-5.07263e-04	
485	7.079458e+05	-1.62592e-04,	-5.18963e-04	
486	7.244360e+05	-1.64298e-04,	-5.30927e-04	
487	7.413102e+05	-1.66084e-04,	-5.43161e-04	
488	7.585776e+05	-1.67953e-04,	-5.55670e-04	
489	7.762471e+05	-1.69909e-04,	-5.68461e-04	
490	7.943282e+05	-1.71956e-04,	-5.81539e-04	
491	8.128305e+05	-1.74098e-04,	-5.94910e-04	
492	8.317638e+05	-1.76340e-04,	-6.08580e-04	
493	8.511380e+05	-1.78686e-04,	-6.22555e-04	
494	8.709636e+05	-1.81141e-04,	-6.36841e-04	
495	8.912509e+05	-1.83710e-04,	-6.51446e-04	
496	9.120108e+05	-1.86398e-04,	-6.66374e-04	
497	9.332543e+05	-1.89210e-04,	-6.81632e-04	
498	9.549926e+05	-1.92153e-04,	-6.97228e-04	
499	9.772372e+05	-1.95232e-04,	-7.13166e-04	
500	1.000000e+06	-1.98453e-04,	-7.29455e-04	
501	1.023293e+06	-2.01822e-04,	-7.46100e-04	
502	1.047129e+06	-2.05348e-04,	-7.63109e-04	
503	1.071519e+06	-2.09035e-04,	-7.80488e-04	
504	1.096478e+06	-2.12893e-04,	-7.98244e-04	
505	1.122018e+06	-2.16927e-04,	-8.16383e-04	
506	1.148154e+06	-2.21147e-04,	-8.34913e-04	
507	1.174898e+06	-2.25561e-04,	-8.53841e-04	
508	1.202264e+06	-2.30176e-04,	-8.73173e-04	
509	1.230269e+06	-2.35003e-04,	-8.92917e-04	
510	1.258925e+06	-2.40051e-04,	-9.13078e-04	
511	1.288250e+06	-2.45328e-04,	-9.33665e-04	
512	1.318257e+06	-2.50846e-04,	-9.54684e-04	
513	1.348963e+06	-2.56615e-04,	-9.76141e-04	
514	1.380384e+06	-2.62646e-04,	-9.98044e-04	
515	1.412538e+06	-2.68950e-04,	-1.02040e-03	
516	1.445440e+06	-2.75539e-04,	-1.04321e-03	
517	1.479108e+06	-2.82426e-04,	-1.06649e-03	
518	1.513561e+06	-2.89622e-04,	-1.09024e-03	

Index   frequency       v2#branch                       
--------------------------------------------------------------------------------
519	1.548817e+06	-2.97143e-04,	-1.11447e-03	
520	1.584893e+06	-3.05001e-04,	-1.13918e-03	
521	1.621810e+06	-3.13210e-04,	-1.16438e-03	
522	1.659587e+06	-3.21786e-04,	-1.19007e-03	
523	1.698244e+06	-3.30744e-04,	-1.21627e-03	
524	1.737801e+06	-3.40100e-04,	-1.24297e-03	
525	1.778279e+06	-3.49870e-04,	-1.27018e-03	
526	1.819701e+06	-3.60072e-04,	-1.29791e-03	
527	1.862087e+06	-3.70722e-04,	-1.32615e-03	
528	1.905461e+06	-3.81841e-04,	-1.35492e-03	
529	1.949845e+06	-3.93445e-04,	-1.38421e-03	
530	1.995262e+06	-4.05555e-04,	-1.41403e-03	
531	2.041738e+06	-4.18191e-04,	-1.44438e-03	
532	2.089296e+06	-4.31373e-04,	-1.47527e-03	
533	2.137962e+06	-4.45124e-04,	-1.50669e-03	
534	2.187762e+06	-4.59464e-04,	-1.53864e-03	
535	2.238721e+06	-4.74416e-04,	-1.57112e-03	
536	2.290868e+06	-4.90005e-04,	-1.60414e-03	
537	2.344229e+06	-5.06252e-04,	-1.63769e-03	
538	2.398833e+06	-5.23184e-04,	-1.67176e-03	
539	2.454709e+06	-5.40824e-04,	-1.70636e-03	
540	2.511886e+06	-5.59199e-04,	-1.74149e-03	
541	2.570396e+06	-5.78335e-04,	-1.77712e-03	
542	2.630268e+06	-5.98257e-04,	-1.81326e-03	
543	2.691535e+06	-6.18994e-04,	-1.84991e-03	
544	2.754229e+06	-6.40572e-04,	-1.88704e-03	
545	2.818383e+06	-6.63021e-04,	-1.92466e-03	
546	2.884032e+06	-6.86368e-04,	-1.96274e-03	
547	2.951209e+06	-7.10642e-04,	-2.00128e-03	
548	3.019952e+06	-7.35872e-04,	-2.04026e-03	
549	3.090295e+06	-7.62088e-04,	-2.07967e-03	
550	3.162278e+06	-7.89318e-04,	-2.11948e-03	
551	3.235937e+06	-8.17593e-04,	-2.15968e-03	
552	3.311311e+06	-8.46942e-04,	-2.20025e-03	
553	3.388442e+06	-8.77394e-04,	-2.24116e-03	
554	3.467369e+06	-9.08979e-04,	-2.28239e-03	
555	3.548134e+06	-9.41725e-04,	-2.32392e-03	
556	3.630781e+06	-9.75662e-04,	-2.36570e-03	
557	3.715352e+06	-1.01082e-03,	-2.40772e-03	
558	3.801894e+06	-1.04722e-03,	-2.44994e-03	
559	3.890451e+06	-1.08489e-03,	-2.49232e-03	
560	3.981072e+06	-1.12386e-03,	-2.53483e-03	
561	4.073803e+06	-1.16416e-03,	-2.57743e-03	
562	4.168694e+06	-1.20580e-03,	-2.62008e-03	
563	4.265795e+06	-1.24882e-03,	-2.66273e-03	
564	4.365158e+06	-1.29322e-03,	-2.70534e-03	
565	4.466836e+06	-1.33903e-03,	-2.74786e-03	
566	4.570882e+06	-1.38627e-03,	-2.79023e-03	
567	4.677351e+06	-1.43495e-03,	-2.83242e-03	
568	4.786301e+06	-1.48509e-03,	-2.87436e-03	
569	4.897788e+06	-1.53669e-03,	-2.91600e-03	
570	5.011872e+06	-1.58976e-03,	-2.95729e-03	
571	5.128614e+06	-1.64432e-03,	-2.99815e-03	
572	5.248075e+06	-1.70036e-03,	-3.03854e-03	
573	5.370318e+06	-1.75788e-03,	-3.07838e-03	
574	5.495409e+06	-1.81687e-03,	-3.11762e-03	
575	5.623413e+06	-1.87734e-03,	-3.15620e-03	
576	5.754399e+06	-1.93927e-03,	-3.19404e-03	

Index   frequency       v2#branch                       
--------------------------------------------------------------------------------
577	5.888437e+06	-2.00264e-03,	-3.23108e-03	
578	6.025596e+06	-2.06744e-03,	-3.26725e-03	
579	6.165950e+06	-2.13365e-03,	-3.30249e-03	
580	6.309573e+06	-2.20123e-03,	-3.33673e-03	
581	6.456542e+06	-2.27017e-03,	-3.36991e-03	
582	6.606934e+06	-2.34042e-03,	-3.40195e-03	
583	6.760830e+06	-2.41194e-03,	-3.43280e-03	
584	6.918310e+06	-2.48470e-03,	-3.46240e-03	
585	7.079458e+06	-2.55865e-03,	-3.49067e-03	
586	7.244360e+06	-2.63373e-03,	-3.51756e-03	
587	7.413102e+06	-2.70990e-03,	-3.54301e-03	
588	7.585776e+06	-2.78709e-03,	-3.56697e-03	
589	7.762471e+06	-2.86524e-03,	-3.58939e-03	
590	7.943282e+06	-2.94429e-03,	-3.61021e-03	
591	8.128305e+06	-3.02416e-03,	-3.62939e-03	
592	8.317638e+06	-3.10479e-03,	-3.64688e-03	
593	8.511380e+06	-3.18610e-03,	-3.66266e-03	
594	8.709636e+06	-3.26801e-03,	-3.67668e-03	
595	8.912509e+06	-3.35045e-03,	-3.68891e-03	
596	9.120108e+06	-3.43332e-03,	-3.69933e-03	
597	9.332543e+06	-3.51654e-03,	-3.70792e-03	
598	9.549926e+06	-3.60004e-03,	-3.71466e-03	
599	9.772372e+06	-3.68372e-03,	-3.71954e-03	
600	1.000000e+07	-3.76750e-03,	-3.72255e-03	
601	1.023293e+07	-3.85129e-03,	-3.72370e-03	
602	1.047129e+07	-3.93500e-03,	-3.72299e-03	
603	1.071519e+07	-4.01855e-03,	-3.72043e-03	
604	1.096478e+07	-4.10184e-03,	-3.71603e-03	
605	1.122018e+07	-4.18481e-03,	-3.70981e-03	
606	1.148154e+07	-4.26735e-03,	-3.70180e-03	
607	1.174898e+07	-4.34940e-03,	-3.69202e-03	
608	1.202264e+07	-4.43087e-03,	-3.68051e-03	
609	1.230269e+07	-4.51169e-03,	-3.66730e-03	
610	1.258925e+07	-4.59178e-03,	-3.65244e-03	
611	1.288250e+07	-4.67107e-03,	-3.63597e-03	
612	1.318257e+07	-4.74950e-03,	-3.61794e-03	
613	1.348963e+07	-4.82700e-03,	-3.59841e-03	
614	1.380384e+07	-4.90351e-03,	-3.57742e-03	
615	1.412538e+07	-4.97898e-03,	-3.55503e-03	
616	1.445440e+07	-5.05336e-03,	-3.53131e-03	
617	1.479108e+07	-5.12659e-03,	-3.50632e-03	
618	1.513561e+07	-5.19863e-03,	-3.48012e-03	
619	1.548817e+07	-5.26945e-03,	-3.45278e-03	
620	1.584893e+07	-5.33900e-03,	-3.42435e-03	
621	1.621810e+07	-5.40726e-03,	-3.39492e-03	
622	1.659587e+07	-5.47420e-03,	-3.36454e-03	
623	1.698244e+07	-5.53979e-03,	-3.33329e-03	
624	1.737801e+07	-5.60403e-03,	-3.30123e-03	
625	1.778279e+07	-5.66689e-03,	-3.26843e-03	
626	1.819701e+07	-5.72836e-03,	-3.23496e-03	
627	1.862087e+07	-5.78844e-03,	-3.20088e-03	
628	1.905461e+07	-5.84711e-03,	-3.16626e-03	
629	1.949845e+07	-5.90439e-03,	-3.13116e-03	
630	1.995262e+07	-5.96028e-03,	-3.09564e-03	
631	2.041738e+07	-6.01477e-03,	-3.05976e-03	
632	2.089296e+07	-6.06789e-03,	-3.02359e-03	
633	2.137962e+07	-6.11964e-03,	-2.98718e-03	
634	2.187762e+07	-6.17003e-03,	-2.95059e-03	

Index   frequency       v2#branch                       
--------------------------------------------------------------------------------
635	2.238721e+07	-6.21909e-03,	-2.91386e-03	
636	2.290868e+07	-6.26683e-03,	-2.87705e-03	
637	2.344229e+07	-6.31328e-03,	-2.84022e-03	
638	2.398833e+07	-6.35845e-03,	-2.80339e-03	
639	2.454709e+07	-6.40238e-03,	-2.76663e-03	
640	2.511886e+07	-6.44508e-03,	-2.72997e-03	
641	2.570396e+07	-6.48659e-03,	-2.69345e-03	
642	2.630268e+07	-6.52694e-03,	-2.65712e-03	
643	2.691535e+07	-6.56615e-03,	-2.62099e-03	
644	2.754229e+07	-6.60425e-03,	-2.58511e-03	
645	2.818383e+07	-6.64129e-03,	-2.54951e-03	
646	2.884032e+07	-6.67728e-03,	-2.51421e-03	
647	2.951209e+07	-6.71226e-03,	-2.47925e-03	
648	3.019952e+07	-6.74627e-03,	-2.44464e-03	
649	3.090295e+07	-6.77934e-03,	-2.41040e-03	
650	3.162278e+07	-6.81150e-03,	-2.37656e-03	
651	3.235937e+07	-6.84278e-03,	-2.34313e-03	
652	3.311311e+07	-6.87322e-03,	-2.31013e-03	
653	3.388442e+07	-6.90286e-03,	-2.27758e-03	
654	3.467369e+07	-6.93171e-03,	-2.24547e-03	
655	3.548134e+07	-6.95982e-03,	-2.21383e-03	
656	3.630781e+07	-6.98722e-03,	-2.18266e-03	
657	3.715352e+07	-7.01394e-03,	-2.15196e-03	
658	3.801894e+07	-7.04001e-03,	-2.12174e-03	
659	3.890451e+07	-7.06546e-03,	-2.09201e-03	
660	3.981072e+07	-7.09032e-03,	-2.06277e-03	
661	4.073803e+07	-7.11462e-03,	-2.03401e-03	
662	4.168694e+07	-7.13839e-03,	-2.00573e-03	
663	4.265795e+07	-7.16166e-03,	-1.97794e-03	
664	4.365158e+07	-7.18444e-03,	-1.95063e-03	
665	4.466836e+07	-7.20677e-03,	-1.92378e-03	
666	4.570882e+07	-7.22867e-03,	-1.89741e-03	
667	4.677351e+07	-7.25017e-03,	-1.87149e-03	
668	4.786301e+07	-7.27128e-03,	-1.84603e-03	
669	4.897788e+07	-7.29204e-03,	-1.82101e-03	
670	5.011872e+07	-7.31245e-03,	-1.79642e-03	
671	5.128614e+07	-7.33254e-03,	-1.77225e-03	
672	5.248075e+07	-7.35233e-03,	-1.74850e-03	
673	5.370318e+07	-7.37184e-03,	-1.72515e-03	
674	5.495409e+07	-7.39107e-03,	-1.70218e-03	
675	5.623413e+07	-7.41005e-03,	-1.67959e-03	
676	5.754399e+07	-7.42879e-03,	-1.65736e-03	
677	5.888437e+07	-7.44729e-03,	-1.63548e-03	
678	6.025596e+07	-7.46559e-03,	-1.61394e-03	
679	6.165950e+07	-7.48367e-03,	-1.59272e-03	
680	6.309573e+07	-7.50156e-03,	-1.57180e-03	
681	6.456542e+07	-7.51926e-03,	-1.55118e-03	
682	6.606934e+07	-7.53678e-03,	-1.53084e-03	
683	6.760830e+07	-7.55412e-03,	-1.51077e-03	
684	6.918310e+07	-7.57129e-03,	-1.49094e-03	
685	7.079458e+07	-7.58829e-03,	-1.47136e-03	
686	7.244360e+07	-7.60513e-03,	-1.45201e-03	
687	7.413102e+07	-7.62181e-03,	-1.43287e-03	
688	7.585776e+07	-7.63833e-03,	-1.41393e-03	
689	7.762471e+07	-7.65469e-03,	-1.39518e-03	
690	7.943282e+07	-7.67089e-03,	-1.37661e-03	
691	8.128305e+07	-7.68693e-03,	-1.35820e-03	
692	8.317638e+07	-7.70281e-03,	-1.33996e-03	

Index   frequency       v2#branch                       
--------------------------------------------------------------------------------
693	8.511380e+07	-7.71852e-03,	-1.32186e-03	
694	8.709636e+07	-7.73406e-03,	-1.30390e-03	
695	8.912509e+07	-7.74943e-03,	-1.28608e-03	
696	9.120108e+07	-7.76463e-03,	-1.26838e-03	
697	9.332543e+07	-7.77965e-03,	-1.25079e-03	
698	9.549926e+07	-7.79449e-03,	-1.23332e-03	
699	9.772372e+07	-7.80914e-03,	-1.21595e-03	
700	1.000000e+08	-7.82359e-03,	-1.19868e-03	
