* c:\users\mamat\onedrive\documents\final_project_files\device_modelling\2n5401\bjt_cb_config_input_char_2n5401\bjt_cb_config_input_char_2n5401.cir
DC transfer characteristic  Tue Jun 24 16:07:14  2025
--------------------------------------------------------------------------------
Index   v-sweep         v1#branch       v2#branch       v_u_ic1#branch  
--------------------------------------------------------------------------------
0	0.000000e+00	1.810895e-30	1.482417e-31	-1.48242e-31	
1	5.000000e-02	-4.15234e-14	-1.22037e-13	1.220366e-13	
2	1.000000e-01	-1.00446e-12	-1.44801e-12	1.448010e-12	
3	1.500000e-01	-7.06882e-12	-8.70888e-12	8.708881e-12	
4	2.000000e-01	-4.89798e-11	-5.54767e-11	5.547671e-11	
5	2.500000e-01	-3.38624e-10	-3.65678e-10	3.656777e-10	
6	3.000000e-01	-2.34019e-09	-2.45714e-09	2.457141e-09	
7	3.500000e-01	-1.61643e-08	-1.66906e-08	1.669056e-08	
8	4.000000e-01	-1.11293e-07	-1.13778e-07	1.137777e-07	
9	4.500000e-01	-7.49931e-07	-7.62183e-07	7.621829e-07	
10	5.000000e-01	-4.47960e-06	-4.53763e-06	4.537631e-06	
11	5.500000e-01	-1.81389e-05	-1.83430e-05	1.834297e-05	
12	6.000000e-01	-4.46053e-05	-4.50716e-05	4.507163e-05	
13	6.500000e-01	-7.93430e-05	-8.01396e-05	8.013960e-05	
14	7.000000e-01	-1.18583e-04	-1.19744e-04	1.197436e-04	
15	7.500000e-01	-1.60267e-04	-1.61809e-04	1.618089e-04	
16	8.000000e-01	-2.03710e-04	-2.05645e-04	2.056452e-04	
17	8.500000e-01	-2.48218e-04	-2.50553e-04	2.505529e-04	
18	9.000000e-01	-2.93472e-04	-2.96211e-04	2.962106e-04	
19	9.500000e-01	-3.39291e-04	-3.42440e-04	3.424395e-04	
20	1.000000e+00	-3.85537e-04	-3.89110e-04	3.891099e-04	
21	1.050000e+00	-4.32040e-04	-4.36118e-04	4.361177e-04	
22	1.100000e+00	-4.78283e-04	-4.83329e-04	4.833287e-04	
23	1.150000e+00	-5.21994e-04	-5.30386e-04	5.303862e-04	
24	1.200000e+00	-5.57250e-04	-5.76568e-04	5.765683e-04	
25	1.250000e+00	-5.81064e-04	-6.21822e-04	6.218224e-04	
26	1.300000e+00	-5.96813e-04	-6.66865e-04	6.668645e-04	
27	1.350000e+00	-6.08045e-04	-7.12151e-04	7.121505e-04	
28	1.400000e+00	-6.16754e-04	-7.57812e-04	7.578124e-04	
29	1.450000e+00	-6.23629e-04	-8.03834e-04	8.038335e-04	
30	1.500000e+00	-6.29385e-04	-8.50188e-04	8.501881e-04	
31	1.550000e+00	-6.34359e-04	-8.96833e-04	8.968327e-04	
32	1.600000e+00	-6.38734e-04	-9.43726e-04	9.437256e-04	
33	1.650000e+00	-6.42643e-04	-9.90832e-04	9.908317e-04	
34	1.700000e+00	-6.46183e-04	-1.03812e-03	1.038122e-03	
35	1.750000e+00	-6.49423e-04	-1.08557e-03	1.085572e-03	
36	1.800000e+00	-6.52414e-04	-1.13316e-03	1.133163e-03	
37	1.850000e+00	-6.55197e-04	-1.18088e-03	1.180876e-03	
38	1.900000e+00	-6.57802e-04	-1.22870e-03	1.228699e-03	
39	1.950000e+00	-6.60255e-04	-1.27662e-03	1.276619e-03	
40	2.000000e+00	-6.62575e-04	-1.32463e-03	1.324626e-03	
41	2.050000e+00	-6.64778e-04	-1.37271e-03	1.372711e-03	
42	2.100000e+00	-6.66879e-04	-1.42087e-03	1.420867e-03	
43	2.150000e+00	-6.68889e-04	-1.46909e-03	1.469088e-03	
44	2.200000e+00	-6.70817e-04	-1.51737e-03	1.517367e-03	
45	2.250000e+00	-6.72671e-04	-1.56570e-03	1.565699e-03	
46	2.300000e+00	-6.74458e-04	-1.61408e-03	1.614081e-03	
47	2.350000e+00	-6.76185e-04	-1.66251e-03	1.662509e-03	
48	2.400000e+00	-6.77857e-04	-1.71098e-03	1.710978e-03	
49	2.450000e+00	-6.79478e-04	-1.75949e-03	1.759487e-03	
50	2.500000e+00	-6.81052e-04	-1.80803e-03	1.808031e-03	
51	2.550000e+00	-6.82584e-04	-1.85661e-03	1.856609e-03	
52	2.600000e+00	-6.84076e-04	-1.90522e-03	1.905219e-03	
53	2.650000e+00	-6.85531e-04	-1.95386e-03	1.953858e-03	
54	2.700000e+00	-6.86952e-04	-2.00252e-03	2.002524e-03	

Index   v-sweep         v1#branch       v2#branch       v_u_ic1#branch  
--------------------------------------------------------------------------------
55	2.750000e+00	-6.88340e-04	-2.05122e-03	2.051217e-03	
56	2.800000e+00	-6.89699e-04	-2.09993e-03	2.099933e-03	
57	2.850000e+00	-6.91030e-04	-2.14867e-03	2.148673e-03	
58	2.900000e+00	-6.92335e-04	-2.19743e-03	2.197435e-03	
59	2.950000e+00	-6.93615e-04	-2.24622e-03	2.246217e-03	
60	3.000000e+00	-6.94872e-04	-2.29502e-03	2.295018e-03	
61	3.050000e+00	-6.96107e-04	-2.34384e-03	2.343838e-03	
62	3.100000e+00	-6.97321e-04	-2.39268e-03	2.392675e-03	
63	3.150000e+00	-6.98515e-04	-2.44153e-03	2.441529e-03	
64	3.200000e+00	-6.99691e-04	-2.49040e-03	2.490399e-03	
65	3.250000e+00	-7.00849e-04	-2.53928e-03	2.539284e-03	
66	3.300000e+00	-7.01991e-04	-2.58818e-03	2.588183e-03	
67	3.350000e+00	-7.03116e-04	-2.63710e-03	2.637097e-03	
68	3.400000e+00	-7.04226e-04	-2.68602e-03	2.686023e-03	
69	3.450000e+00	-7.05322e-04	-2.73496e-03	2.734962e-03	
70	3.500000e+00	-7.06404e-04	-2.78391e-03	2.783913e-03	
71	3.550000e+00	-7.07472e-04	-2.83288e-03	2.832875e-03	
72	3.600000e+00	-7.08528e-04	-2.88185e-03	2.881849e-03	
73	3.650000e+00	-7.09572e-04	-2.93083e-03	2.930833e-03	
74	3.700000e+00	-7.10604e-04	-2.97983e-03	2.979827e-03	
75	3.750000e+00	-7.11625e-04	-3.02883e-03	3.028832e-03	
76	3.800000e+00	-7.12635e-04	-3.07785e-03	3.077846e-03	
77	3.850000e+00	-7.13635e-04	-3.12687e-03	3.126869e-03	
78	3.900000e+00	-7.14625e-04	-3.17590e-03	3.175900e-03	
79	3.950000e+00	-7.15605e-04	-3.22494e-03	3.224941e-03	
80	4.000000e+00	-7.16577e-04	-3.27399e-03	3.273989e-03	
81	4.050000e+00	-7.17539e-04	-3.32305e-03	3.323045e-03	
82	4.100000e+00	-7.18493e-04	-3.37211e-03	3.372109e-03	
83	4.150000e+00	-7.19439e-04	-3.42118e-03	3.421181e-03	
84	4.200000e+00	-7.20377e-04	-3.47026e-03	3.470259e-03	
85	4.250000e+00	-7.21307e-04	-3.51934e-03	3.519345e-03	
86	4.300000e+00	-7.22229e-04	-3.56844e-03	3.568437e-03	
87	4.350000e+00	-7.23145e-04	-3.61754e-03	3.617536e-03	
88	4.400000e+00	-7.24054e-04	-3.66664e-03	3.666641e-03	
89	4.450000e+00	-7.24955e-04	-3.71575e-03	3.715752e-03	
90	4.500000e+00	-7.25851e-04	-3.76487e-03	3.764869e-03	
91	4.550000e+00	-7.26740e-04	-3.81399e-03	3.813991e-03	
92	4.600000e+00	-7.27623e-04	-3.86312e-03	3.863120e-03	
93	4.650000e+00	-7.28500e-04	-3.91225e-03	3.912253e-03	
94	4.700000e+00	-7.29371e-04	-3.96139e-03	3.961392e-03	
95	4.750000e+00	-7.30236e-04	-4.01054e-03	4.010536e-03	
96	4.800000e+00	-7.31097e-04	-4.05969e-03	4.059685e-03	
97	4.850000e+00	-7.31952e-04	-4.10884e-03	4.108839e-03	
98	4.900000e+00	-7.32801e-04	-4.15800e-03	4.157998e-03	
99	4.950000e+00	-7.33646e-04	-4.20716e-03	4.207161e-03	
100	5.000000e+00	-7.34486e-04	-4.25633e-03	4.256329e-03	
101	5.050000e+00	-7.35321e-04	-4.30550e-03	4.305501e-03	
102	5.100000e+00	-7.36152e-04	-4.35468e-03	4.354677e-03	
103	5.150000e+00	-7.36978e-04	-4.40386e-03	4.403858e-03	
104	5.200000e+00	-7.37800e-04	-4.45304e-03	4.453042e-03	
105	5.250000e+00	-7.38617e-04	-4.50223e-03	4.502231e-03	
106	5.300000e+00	-7.39431e-04	-4.55142e-03	4.551423e-03	
107	5.350000e+00	-7.40240e-04	-4.60062e-03	4.600619e-03	
108	5.400000e+00	-7.41045e-04	-4.64982e-03	4.649819e-03	
109	5.450000e+00	-7.41847e-04	-4.69902e-03	4.699022e-03	
110	5.500000e+00	-7.42645e-04	-4.74823e-03	4.748229e-03	
111	5.550000e+00	-7.43439e-04	-4.79744e-03	4.797439e-03	
112	5.600000e+00	-7.44229e-04	-4.84665e-03	4.846653e-03	

Index   v-sweep         v1#branch       v2#branch       v_u_ic1#branch  
--------------------------------------------------------------------------------
113	5.650000e+00	-7.45016e-04	-4.89587e-03	4.895870e-03	
114	5.700000e+00	-7.45800e-04	-4.94509e-03	4.945090e-03	
115	5.750000e+00	-7.46580e-04	-4.99431e-03	4.994313e-03	
116	5.800000e+00	-7.47357e-04	-5.04354e-03	5.043539e-03	
117	5.850000e+00	-7.48131e-04	-5.09277e-03	5.092768e-03	
118	5.900000e+00	-7.48901e-04	-5.14200e-03	5.142000e-03	
119	5.950000e+00	-7.49669e-04	-5.19124e-03	5.191235e-03	
120	6.000000e+00	-7.50433e-04	-5.24047e-03	5.240473e-03	
121	6.050000e+00	-7.51195e-04	-5.28971e-03	5.289714e-03	
122	6.100000e+00	-7.51954e-04	-5.33896e-03	5.338957e-03	
123	6.150000e+00	-7.52710e-04	-5.38820e-03	5.388203e-03	
124	6.200000e+00	-7.53463e-04	-5.43745e-03	5.437451e-03	
125	6.250000e+00	-7.54214e-04	-5.48670e-03	5.486702e-03	
126	6.300000e+00	-7.54962e-04	-5.53596e-03	5.535956e-03	
127	6.350000e+00	-7.55707e-04	-5.58521e-03	5.585212e-03	
128	6.400000e+00	-7.56450e-04	-5.63447e-03	5.634470e-03	
129	6.450000e+00	-7.57190e-04	-5.68373e-03	5.683731e-03	
130	6.500000e+00	-7.57928e-04	-5.73299e-03	5.732994e-03	
131	6.550000e+00	-7.58663e-04	-5.78226e-03	5.782259e-03	
132	6.600000e+00	-7.59396e-04	-5.83153e-03	5.831527e-03	
133	6.650000e+00	-7.60127e-04	-5.88080e-03	5.880797e-03	
134	6.700000e+00	-7.60856e-04	-5.93007e-03	5.930069e-03	
135	6.750000e+00	-7.61582e-04	-5.97934e-03	5.979343e-03	
136	6.800000e+00	-7.62306e-04	-6.02862e-03	6.028619e-03	
137	6.850000e+00	-7.63028e-04	-6.07790e-03	6.077897e-03	
138	6.900000e+00	-7.63748e-04	-6.12718e-03	6.127177e-03	
139	6.950000e+00	-7.64466e-04	-6.17646e-03	6.176459e-03	
140	7.000000e+00	-7.65182e-04	-6.22574e-03	6.225743e-03	
141	7.050000e+00	-7.65895e-04	-6.27503e-03	6.275028e-03	
142	7.100000e+00	-7.66607e-04	-6.32432e-03	6.324316e-03	
143	7.150000e+00	-7.67317e-04	-6.37361e-03	6.373606e-03	
144	7.200000e+00	-7.68025e-04	-6.42290e-03	6.422897e-03	
145	7.250000e+00	-7.68731e-04	-6.47219e-03	6.472190e-03	
146	7.300000e+00	-7.69436e-04	-6.52148e-03	6.521485e-03	
147	7.350000e+00	-7.70138e-04	-6.57078e-03	6.570781e-03	
148	7.400000e+00	-7.70839e-04	-6.62008e-03	6.620080e-03	
149	7.450000e+00	-7.71538e-04	-6.66938e-03	6.669380e-03	
150	7.500000e+00	-7.72236e-04	-6.71868e-03	6.718681e-03	
151	7.550000e+00	-7.72931e-04	-6.76798e-03	6.767984e-03	
152	7.600000e+00	-7.73625e-04	-6.81729e-03	6.817289e-03	
153	7.650000e+00	-7.74318e-04	-6.86660e-03	6.866595e-03	
154	7.700000e+00	-7.75008e-04	-6.91590e-03	6.915903e-03	
155	7.750000e+00	-7.75698e-04	-6.96521e-03	6.965212e-03	
156	7.800000e+00	-7.76385e-04	-7.01452e-03	7.014523e-03	
157	7.850000e+00	-7.77071e-04	-7.06384e-03	7.063836e-03	
158	7.900000e+00	-7.77756e-04	-7.11315e-03	7.113149e-03	
159	7.950000e+00	-7.78439e-04	-7.16246e-03	7.162464e-03	
160	8.000000e+00	-7.79121e-04	-7.21178e-03	7.211781e-03	
161	8.050000e+00	-7.79801e-04	-7.26110e-03	7.261099e-03	
162	8.100000e+00	-7.80480e-04	-7.31042e-03	7.310418e-03	
163	8.150000e+00	-7.81157e-04	-7.35974e-03	7.359739e-03	
164	8.200000e+00	-7.81833e-04	-7.40906e-03	7.409061e-03	
165	8.250000e+00	-7.82508e-04	-7.45838e-03	7.458384e-03	
166	8.300000e+00	-7.83181e-04	-7.50771e-03	7.507709e-03	
167	8.350000e+00	-7.83853e-04	-7.55703e-03	7.557035e-03	
168	8.400000e+00	-7.84524e-04	-7.60636e-03	7.606362e-03	
169	8.450000e+00	-7.85193e-04	-7.65569e-03	7.655690e-03	
170	8.500000e+00	-7.85861e-04	-7.70502e-03	7.705020e-03	

Index   v-sweep         v1#branch       v2#branch       v_u_ic1#branch  
--------------------------------------------------------------------------------
171	8.550000e+00	-7.86528e-04	-7.75435e-03	7.754350e-03	
172	8.600000e+00	-7.87194e-04	-7.80368e-03	7.803682e-03	
173	8.650000e+00	-7.87858e-04	-7.85302e-03	7.853015e-03	
174	8.700000e+00	-7.88522e-04	-7.90235e-03	7.902350e-03	
175	8.750000e+00	-7.89184e-04	-7.95168e-03	7.951685e-03	
176	8.800000e+00	-7.89845e-04	-8.00102e-03	8.001021e-03	
177	8.850000e+00	-7.90504e-04	-8.05036e-03	8.050359e-03	
178	8.900000e+00	-7.91163e-04	-8.09970e-03	8.099698e-03	
179	8.950000e+00	-7.91821e-04	-8.14904e-03	8.149038e-03	
180	9.000000e+00	-7.92477e-04	-8.19838e-03	8.198378e-03	
181	9.050000e+00	-7.93132e-04	-8.24772e-03	8.247720e-03	
182	9.100000e+00	-7.93787e-04	-8.29706e-03	8.297063e-03	
183	9.150000e+00	-7.94440e-04	-8.34641e-03	8.346407e-03	
184	9.200000e+00	-7.95092e-04	-8.39575e-03	8.395752e-03	
185	9.250000e+00	-7.95743e-04	-8.44510e-03	8.445098e-03	
186	9.300000e+00	-7.96393e-04	-8.49445e-03	8.494445e-03	
187	9.350000e+00	-7.97042e-04	-8.54379e-03	8.543793e-03	
188	9.400000e+00	-7.97690e-04	-8.59314e-03	8.593142e-03	
189	9.450000e+00	-7.98338e-04	-8.64249e-03	8.642492e-03	
190	9.500000e+00	-7.98984e-04	-8.69184e-03	8.691843e-03	
191	9.550000e+00	-7.99629e-04	-8.74119e-03	8.741195e-03	
192	9.600000e+00	-8.00273e-04	-8.79055e-03	8.790547e-03	
193	9.650000e+00	-8.00916e-04	-8.83990e-03	8.839901e-03	
194	9.700000e+00	-8.01559e-04	-8.88926e-03	8.889255e-03	
195	9.750000e+00	-8.02200e-04	-8.93861e-03	8.938611e-03	
196	9.800000e+00	-8.02841e-04	-8.98797e-03	8.987967e-03	
197	9.850000e+00	-8.03480e-04	-9.03732e-03	9.037324e-03	
198	9.900000e+00	-8.04119e-04	-9.08668e-03	9.086682e-03	
199	9.950000e+00	-8.04757e-04	-9.13604e-03	9.136041e-03	
200	1.000000e+01	-8.05394e-04	-9.18540e-03	9.185401e-03	
201	0.000000e+00	-2.03719e-15	-8.14628e-16	8.146276e-16	
202	5.000000e-02	-4.35610e-14	-1.22852e-13	1.228517e-13	
203	1.000000e-01	-1.00651e-12	-1.44883e-12	1.448835e-12	
204	1.500000e-01	-7.07093e-12	-8.70977e-12	8.709766e-12	
205	2.000000e-01	-4.89823e-11	-5.54780e-11	5.547802e-11	
206	2.500000e-01	-3.38630e-10	-3.65682e-10	3.656819e-10	
207	3.000000e-01	-2.34021e-09	-2.45717e-09	2.457165e-09	
208	3.500000e-01	-1.61645e-08	-1.66907e-08	1.669072e-08	
209	4.000000e-01	-1.11294e-07	-1.13779e-07	1.137788e-07	
210	4.500000e-01	-7.49938e-07	-7.62190e-07	7.621902e-07	
211	5.000000e-01	-4.47963e-06	-4.53767e-06	4.537669e-06	
212	5.500000e-01	-1.81390e-05	-1.83431e-05	1.834307e-05	
213	6.000000e-01	-4.46055e-05	-4.50718e-05	4.507179e-05	
214	6.500000e-01	-7.93432e-05	-8.01398e-05	8.013979e-05	
215	7.000000e-01	-1.18583e-04	-1.19744e-04	1.197439e-04	
216	7.500000e-01	-1.60267e-04	-1.61809e-04	1.618092e-04	
217	8.000000e-01	-2.03710e-04	-2.05645e-04	2.056454e-04	
218	8.500000e-01	-2.48218e-04	-2.50553e-04	2.505531e-04	
219	9.000000e-01	-2.93472e-04	-2.96211e-04	2.962108e-04	
220	9.500000e-01	-3.39291e-04	-3.42440e-04	3.424398e-04	
221	1.000000e+00	-3.85538e-04	-3.89110e-04	3.891103e-04	
222	1.050000e+00	-4.32046e-04	-4.36119e-04	4.361188e-04	
223	1.100000e+00	-4.78313e-04	-4.83334e-04	4.833335e-04	
224	1.150000e+00	-5.22131e-04	-5.30406e-04	5.304064e-04	
225	1.200000e+00	-5.57631e-04	-5.76618e-04	5.766181e-04	
226	1.250000e+00	-5.81663e-04	-6.21891e-04	6.218906e-04	
227	1.300000e+00	-5.97540e-04	-6.66936e-04	6.669362e-04	
228	1.350000e+00	-6.08842e-04	-7.12219e-04	7.122192e-04	

Index   v-sweep         v1#branch       v2#branch       v_u_ic1#branch  
--------------------------------------------------------------------------------
229	1.400000e+00	-6.17597e-04	-7.57877e-04	7.578767e-04	
230	1.450000e+00	-6.24499e-04	-8.03893e-04	8.038930e-04	
231	1.500000e+00	-6.30275e-04	-8.50243e-04	8.502431e-04	
232	1.550000e+00	-6.35262e-04	-8.96884e-04	8.968839e-04	
233	1.600000e+00	-6.39648e-04	-9.43773e-04	9.437734e-04	
234	1.650000e+00	-6.43566e-04	-9.90877e-04	9.908766e-04	
235	1.700000e+00	-6.47113e-04	-1.03816e-03	1.038164e-03	
236	1.750000e+00	-6.50358e-04	-1.08561e-03	1.085613e-03	
237	1.800000e+00	-6.53354e-04	-1.13320e-03	1.133201e-03	
238	1.850000e+00	-6.56141e-04	-1.18091e-03	1.180913e-03	
239	1.900000e+00	-6.58749e-04	-1.22873e-03	1.228734e-03	
240	1.950000e+00	-6.61205e-04	-1.27665e-03	1.276653e-03	
241	2.000000e+00	-6.63527e-04	-1.32466e-03	1.324658e-03	
242	2.050000e+00	-6.65733e-04	-1.37274e-03	1.372742e-03	
243	2.100000e+00	-6.67836e-04	-1.42090e-03	1.420897e-03	
244	2.150000e+00	-6.69847e-04	-1.46912e-03	1.469117e-03	
245	2.200000e+00	-6.71777e-04	-1.51739e-03	1.517395e-03	
246	2.250000e+00	-6.73632e-04	-1.56573e-03	1.565727e-03	
247	2.300000e+00	-6.75421e-04	-1.61411e-03	1.614108e-03	
248	2.350000e+00	-6.77149e-04	-1.66253e-03	1.662535e-03	
249	2.400000e+00	-6.78822e-04	-1.71100e-03	1.711004e-03	
250	2.450000e+00	-6.80444e-04	-1.75951e-03	1.759511e-03	
251	2.500000e+00	-6.82019e-04	-1.80806e-03	1.808055e-03	
252	2.550000e+00	-6.83552e-04	-1.85663e-03	1.856633e-03	
253	2.600000e+00	-6.85044e-04	-1.90524e-03	1.905242e-03	
254	2.650000e+00	-6.86500e-04	-1.95388e-03	1.953880e-03	
255	2.700000e+00	-6.87922e-04	-2.00255e-03	2.002547e-03	
256	2.750000e+00	-6.89311e-04	-2.05124e-03	2.051239e-03	
257	2.800000e+00	-6.90671e-04	-2.09996e-03	2.099955e-03	
258	2.850000e+00	-6.92002e-04	-2.14869e-03	2.148695e-03	
259	2.900000e+00	-6.93307e-04	-2.19746e-03	2.197456e-03	
260	2.950000e+00	-6.94588e-04	-2.24624e-03	2.246237e-03	
261	3.000000e+00	-6.95845e-04	-2.29504e-03	2.295039e-03	
262	3.050000e+00	-6.97080e-04	-2.34386e-03	2.343858e-03	
263	3.100000e+00	-6.98295e-04	-2.39270e-03	2.392695e-03	
264	3.150000e+00	-6.99490e-04	-2.44155e-03	2.441549e-03	
265	3.200000e+00	-7.00666e-04	-2.49042e-03	2.490419e-03	
266	3.250000e+00	-7.01824e-04	-2.53930e-03	2.539303e-03	
267	3.300000e+00	-7.02966e-04	-2.58820e-03	2.588202e-03	
268	3.350000e+00	-7.04092e-04	-2.63712e-03	2.637115e-03	
269	3.400000e+00	-7.05202e-04	-2.68604e-03	2.686041e-03	
270	3.450000e+00	-7.06298e-04	-2.73498e-03	2.734980e-03	
271	3.500000e+00	-7.07380e-04	-2.78393e-03	2.783931e-03	
272	3.550000e+00	-7.08449e-04	-2.83289e-03	2.832893e-03	
273	3.600000e+00	-7.09505e-04	-2.88187e-03	2.881867e-03	
274	3.650000e+00	-7.10549e-04	-2.93085e-03	2.930851e-03	
275	3.700000e+00	-7.11582e-04	-2.97985e-03	2.979845e-03	
276	3.750000e+00	-7.12603e-04	-3.02885e-03	3.028849e-03	
277	3.800000e+00	-7.13613e-04	-3.07786e-03	3.077863e-03	
278	3.850000e+00	-7.14613e-04	-3.12689e-03	3.126886e-03	
279	3.900000e+00	-7.15604e-04	-3.17592e-03	3.175917e-03	
280	3.950000e+00	-7.16584e-04	-3.22496e-03	3.224958e-03	
281	4.000000e+00	-7.17556e-04	-3.27401e-03	3.274006e-03	
282	4.050000e+00	-7.18518e-04	-3.32306e-03	3.323062e-03	
283	4.100000e+00	-7.19472e-04	-3.37213e-03	3.372126e-03	
284	4.150000e+00	-7.20418e-04	-3.42120e-03	3.421197e-03	
285	4.200000e+00	-7.21356e-04	-3.47028e-03	3.470276e-03	
286	4.250000e+00	-7.22287e-04	-3.51936e-03	3.519361e-03	

Index   v-sweep         v1#branch       v2#branch       v_u_ic1#branch  
--------------------------------------------------------------------------------
287	4.300000e+00	-7.23209e-04	-3.56845e-03	3.568453e-03	
288	4.350000e+00	-7.24125e-04	-3.61755e-03	3.617552e-03	
289	4.400000e+00	-7.25034e-04	-3.66666e-03	3.666656e-03	
290	4.450000e+00	-7.25936e-04	-3.71577e-03	3.715767e-03	
291	4.500000e+00	-7.26831e-04	-3.76488e-03	3.764884e-03	
292	4.550000e+00	-7.27720e-04	-3.81401e-03	3.814007e-03	
293	4.600000e+00	-7.28603e-04	-3.86314e-03	3.863135e-03	
294	4.650000e+00	-7.29480e-04	-3.91227e-03	3.912269e-03	
295	4.700000e+00	-7.30352e-04	-3.96141e-03	3.961408e-03	
296	4.750000e+00	-7.31218e-04	-4.01055e-03	4.010552e-03	
297	4.800000e+00	-7.32078e-04	-4.05970e-03	4.059701e-03	
298	4.850000e+00	-7.32933e-04	-4.10885e-03	4.108855e-03	
299	4.900000e+00	-7.33783e-04	-4.15801e-03	4.158013e-03	
300	4.950000e+00	-7.34628e-04	-4.20718e-03	4.207176e-03	
301	5.000000e+00	-7.35468e-04	-4.25634e-03	4.256344e-03	
302	5.050000e+00	-7.36303e-04	-4.30552e-03	4.305516e-03	
303	5.100000e+00	-7.37134e-04	-4.35469e-03	4.354692e-03	
304	5.150000e+00	-7.37960e-04	-4.40387e-03	4.403873e-03	
305	5.200000e+00	-7.38782e-04	-4.45306e-03	4.453057e-03	
306	5.250000e+00	-7.39599e-04	-4.50225e-03	4.502245e-03	
307	5.300000e+00	-7.40413e-04	-4.55144e-03	4.551438e-03	
308	5.350000e+00	-7.41222e-04	-4.60063e-03	4.600634e-03	
309	5.400000e+00	-7.42028e-04	-4.64983e-03	4.649833e-03	
310	5.450000e+00	-7.42829e-04	-4.69904e-03	4.699037e-03	
311	5.500000e+00	-7.43627e-04	-4.74824e-03	4.748243e-03	
312	5.550000e+00	-7.44421e-04	-4.79745e-03	4.797453e-03	
313	5.600000e+00	-7.45212e-04	-4.84667e-03	4.846667e-03	
314	5.650000e+00	-7.45999e-04	-4.89588e-03	4.895884e-03	
315	5.700000e+00	-7.46782e-04	-4.94510e-03	4.945104e-03	
316	5.750000e+00	-7.47563e-04	-4.99433e-03	4.994327e-03	
317	5.800000e+00	-7.48340e-04	-5.04355e-03	5.043553e-03	
318	5.850000e+00	-7.49114e-04	-5.09278e-03	5.092782e-03	
319	5.900000e+00	-7.49884e-04	-5.14201e-03	5.142014e-03	
320	5.950000e+00	-7.50652e-04	-5.19125e-03	5.191249e-03	
321	6.000000e+00	-7.51417e-04	-5.24049e-03	5.240487e-03	
322	6.050000e+00	-7.52178e-04	-5.28973e-03	5.289728e-03	
323	6.100000e+00	-7.52937e-04	-5.33897e-03	5.338971e-03	
324	6.150000e+00	-7.53693e-04	-5.38822e-03	5.388217e-03	
325	6.200000e+00	-7.54446e-04	-5.43747e-03	5.437465e-03	
326	6.250000e+00	-7.55197e-04	-5.48672e-03	5.486716e-03	
327	6.300000e+00	-7.55945e-04	-5.53597e-03	5.535970e-03	
328	6.350000e+00	-7.56690e-04	-5.58523e-03	5.585226e-03	
329	6.400000e+00	-7.57433e-04	-5.63448e-03	5.634484e-03	
330	6.450000e+00	-7.58174e-04	-5.68374e-03	5.683745e-03	
331	6.500000e+00	-7.58911e-04	-5.73301e-03	5.733008e-03	
332	6.550000e+00	-7.59647e-04	-5.78227e-03	5.782273e-03	
333	6.600000e+00	-7.60380e-04	-5.83154e-03	5.831540e-03	
334	6.650000e+00	-7.61111e-04	-5.88081e-03	5.880810e-03	
335	6.700000e+00	-7.61839e-04	-5.93008e-03	5.930082e-03	
336	6.750000e+00	-7.62566e-04	-5.97936e-03	5.979356e-03	
337	6.800000e+00	-7.63290e-04	-6.02863e-03	6.028632e-03	
338	6.850000e+00	-7.64012e-04	-6.07791e-03	6.077910e-03	
339	6.900000e+00	-7.64732e-04	-6.12719e-03	6.127190e-03	
340	6.950000e+00	-7.65450e-04	-6.17647e-03	6.176472e-03	
341	7.000000e+00	-7.66166e-04	-6.22576e-03	6.225756e-03	
342	7.050000e+00	-7.66880e-04	-6.27504e-03	6.275042e-03	
343	7.100000e+00	-7.67591e-04	-6.32433e-03	6.324329e-03	
344	7.150000e+00	-7.68301e-04	-6.37362e-03	6.373619e-03	

Index   v-sweep         v1#branch       v2#branch       v_u_ic1#branch  
--------------------------------------------------------------------------------
345	7.200000e+00	-7.69009e-04	-6.42291e-03	6.422910e-03	
346	7.250000e+00	-7.69716e-04	-6.47220e-03	6.472203e-03	
347	7.300000e+00	-7.70420e-04	-6.52150e-03	6.521498e-03	
348	7.350000e+00	-7.71123e-04	-6.57079e-03	6.570794e-03	
349	7.400000e+00	-7.71823e-04	-6.62009e-03	6.620093e-03	
350	7.450000e+00	-7.72523e-04	-6.66939e-03	6.669393e-03	
351	7.500000e+00	-7.73220e-04	-6.71869e-03	6.718694e-03	
352	7.550000e+00	-7.73916e-04	-6.76800e-03	6.767997e-03	
353	7.600000e+00	-7.74610e-04	-6.81730e-03	6.817302e-03	
354	7.650000e+00	-7.75302e-04	-6.86661e-03	6.866608e-03	
355	7.700000e+00	-7.75993e-04	-6.91592e-03	6.915916e-03	
356	7.750000e+00	-7.76682e-04	-6.96523e-03	6.965225e-03	
357	7.800000e+00	-7.77370e-04	-7.01454e-03	7.014536e-03	
358	7.850000e+00	-7.78056e-04	-7.06385e-03	7.063848e-03	
359	7.900000e+00	-7.78741e-04	-7.11316e-03	7.113162e-03	
360	7.950000e+00	-7.79424e-04	-7.16248e-03	7.162477e-03	
361	8.000000e+00	-7.80105e-04	-7.21179e-03	7.211794e-03	
362	8.050000e+00	-7.80786e-04	-7.26111e-03	7.261112e-03	
363	8.100000e+00	-7.81464e-04	-7.31043e-03	7.310431e-03	
364	8.150000e+00	-7.82142e-04	-7.35975e-03	7.359752e-03	
365	8.200000e+00	-7.82818e-04	-7.40907e-03	7.409073e-03	
366	8.250000e+00	-7.83493e-04	-7.45840e-03	7.458397e-03	
367	8.300000e+00	-7.84166e-04	-7.50772e-03	7.507721e-03	
368	8.350000e+00	-7.84838e-04	-7.55705e-03	7.557047e-03	
369	8.400000e+00	-7.85509e-04	-7.60637e-03	7.606374e-03	
370	8.450000e+00	-7.86178e-04	-7.65570e-03	7.655702e-03	
371	8.500000e+00	-7.86846e-04	-7.70503e-03	7.705032e-03	
372	8.550000e+00	-7.87513e-04	-7.75436e-03	7.754363e-03	
373	8.600000e+00	-7.88179e-04	-7.80369e-03	7.803695e-03	
374	8.650000e+00	-7.88843e-04	-7.85303e-03	7.853028e-03	
375	8.700000e+00	-7.89507e-04	-7.90236e-03	7.902362e-03	
376	8.750000e+00	-7.90169e-04	-7.95170e-03	7.951697e-03	
377	8.800000e+00	-7.90830e-04	-8.00103e-03	8.001034e-03	
378	8.850000e+00	-7.91490e-04	-8.05037e-03	8.050371e-03	
379	8.900000e+00	-7.92148e-04	-8.09971e-03	8.099710e-03	
380	8.950000e+00	-7.92806e-04	-8.14905e-03	8.149050e-03	
381	9.000000e+00	-7.93462e-04	-8.19839e-03	8.198391e-03	
382	9.050000e+00	-7.94118e-04	-8.24773e-03	8.247733e-03	
383	9.100000e+00	-7.94772e-04	-8.29708e-03	8.297076e-03	
384	9.150000e+00	-7.95425e-04	-8.34642e-03	8.346420e-03	
385	9.200000e+00	-7.96077e-04	-8.39576e-03	8.395765e-03	
386	9.250000e+00	-7.96729e-04	-8.44511e-03	8.445111e-03	
387	9.300000e+00	-7.97379e-04	-8.49446e-03	8.494457e-03	
388	9.350000e+00	-7.98028e-04	-8.54381e-03	8.543805e-03	
389	9.400000e+00	-7.98676e-04	-8.59315e-03	8.593154e-03	
390	9.450000e+00	-7.99323e-04	-8.64250e-03	8.642504e-03	
391	9.500000e+00	-7.99969e-04	-8.69186e-03	8.691855e-03	
392	9.550000e+00	-8.00614e-04	-8.74121e-03	8.741207e-03	
393	9.600000e+00	-8.01259e-04	-8.79056e-03	8.790559e-03	
394	9.650000e+00	-8.01902e-04	-8.83991e-03	8.839913e-03	
395	9.700000e+00	-8.02544e-04	-8.88927e-03	8.889267e-03	
396	9.750000e+00	-8.03186e-04	-8.93862e-03	8.938623e-03	
397	9.800000e+00	-8.03826e-04	-8.98798e-03	8.987979e-03	
398	9.850000e+00	-8.04466e-04	-9.03734e-03	9.037336e-03	
399	9.900000e+00	-8.05105e-04	-9.08669e-03	9.086694e-03	
400	9.950000e+00	-8.05743e-04	-9.13605e-03	9.136053e-03	
401	1.000000e+01	-8.06380e-04	-9.18541e-03	9.185413e-03	
402	0.000000e+00	-4.03492e-15	-1.59838e-15	1.598377e-15	

Index   v-sweep         v1#branch       v2#branch       v_u_ic1#branch  
--------------------------------------------------------------------------------
403	5.000000e-02	-4.55592e-14	-1.23636e-13	1.236358e-13	
404	1.000000e-01	-1.00851e-12	-1.44963e-12	1.449629e-12	
405	1.500000e-01	-7.07300e-12	-8.71062e-12	8.710620e-12	
406	2.000000e-01	-4.89848e-11	-5.54793e-11	5.547929e-11	
407	2.500000e-01	-3.38635e-10	-3.65686e-10	3.656861e-10	
408	3.000000e-01	-2.34024e-09	-2.45719e-09	2.457189e-09	
409	3.500000e-01	-1.61647e-08	-1.66909e-08	1.669088e-08	
410	4.000000e-01	-1.11295e-07	-1.13780e-07	1.137799e-07	
411	4.500000e-01	-7.49945e-07	-7.62197e-07	7.621974e-07	
412	5.000000e-01	-4.47967e-06	-4.53771e-06	4.537707e-06	
413	5.500000e-01	-1.81391e-05	-1.83432e-05	1.834318e-05	
414	6.000000e-01	-4.46057e-05	-4.50720e-05	4.507195e-05	
415	6.500000e-01	-7.93434e-05	-8.01400e-05	8.013999e-05	
416	7.000000e-01	-1.18583e-04	-1.19744e-04	1.197441e-04	
417	7.500000e-01	-1.60267e-04	-1.61809e-04	1.618094e-04	
418	8.000000e-01	-2.03710e-04	-2.05646e-04	2.056457e-04	
419	8.500000e-01	-2.48219e-04	-2.50553e-04	2.505533e-04	
420	9.000000e-01	-2.93472e-04	-2.96211e-04	2.962111e-04	
421	9.500000e-01	-3.39292e-04	-3.42440e-04	3.424401e-04	
422	1.000000e+00	-3.85539e-04	-3.89111e-04	3.891107e-04	
423	1.050000e+00	-4.32051e-04	-4.36120e-04	4.361199e-04	
424	1.100000e+00	-4.78341e-04	-4.83338e-04	4.833382e-04	
425	1.150000e+00	-5.22264e-04	-5.30426e-04	5.304260e-04	
426	1.200000e+00	-5.58007e-04	-5.76667e-04	5.766673e-04	
427	1.250000e+00	-5.82259e-04	-6.21959e-04	6.219586e-04	
428	1.300000e+00	-5.98265e-04	-6.67008e-04	6.670078e-04	
429	1.350000e+00	-6.09639e-04	-7.12288e-04	7.122880e-04	
430	1.400000e+00	-6.18440e-04	-7.57941e-04	7.579411e-04	
431	1.450000e+00	-6.25369e-04	-8.03953e-04	8.039525e-04	
432	1.500000e+00	-6.31164e-04	-8.50298e-04	8.502982e-04	
433	1.550000e+00	-6.36165e-04	-8.96935e-04	8.969352e-04	
434	1.600000e+00	-6.40562e-04	-9.43821e-04	9.438213e-04	
435	1.650000e+00	-6.44489e-04	-9.90922e-04	9.909216e-04	
436	1.700000e+00	-6.48042e-04	-1.03821e-03	1.038207e-03	
437	1.750000e+00	-6.51293e-04	-1.08565e-03	1.085653e-03	
438	1.800000e+00	-6.54294e-04	-1.13324e-03	1.133239e-03	
439	1.850000e+00	-6.57084e-04	-1.18095e-03	1.180949e-03	
440	1.900000e+00	-6.59696e-04	-1.22877e-03	1.228769e-03	
441	1.950000e+00	-6.62155e-04	-1.27669e-03	1.276686e-03	
442	2.000000e+00	-6.64480e-04	-1.32469e-03	1.324690e-03	
443	2.050000e+00	-6.66688e-04	-1.37277e-03	1.372773e-03	
444	2.100000e+00	-6.68793e-04	-1.42093e-03	1.420927e-03	
445	2.150000e+00	-6.70806e-04	-1.46915e-03	1.469146e-03	
446	2.200000e+00	-6.72737e-04	-1.51742e-03	1.517423e-03	
447	2.250000e+00	-6.74594e-04	-1.56575e-03	1.565754e-03	
448	2.300000e+00	-6.76384e-04	-1.61413e-03	1.614135e-03	
449	2.350000e+00	-6.78113e-04	-1.66256e-03	1.662561e-03	
450	2.400000e+00	-6.79787e-04	-1.71103e-03	1.711029e-03	
451	2.450000e+00	-6.81410e-04	-1.75954e-03	1.759536e-03	
452	2.500000e+00	-6.82986e-04	-1.80808e-03	1.808080e-03	
453	2.550000e+00	-6.84520e-04	-1.85666e-03	1.856657e-03	
454	2.600000e+00	-6.86013e-04	-1.90527e-03	1.905265e-03	
455	2.650000e+00	-6.87470e-04	-1.95390e-03	1.953903e-03	
456	2.700000e+00	-6.88892e-04	-2.00257e-03	2.002569e-03	
457	2.750000e+00	-6.90282e-04	-2.05126e-03	2.051261e-03	
458	2.800000e+00	-6.91642e-04	-2.09998e-03	2.099977e-03	
459	2.850000e+00	-6.92974e-04	-2.14872e-03	2.148716e-03	
460	2.900000e+00	-6.94280e-04	-2.19748e-03	2.197477e-03	

Index   v-sweep         v1#branch       v2#branch       v_u_ic1#branch  
--------------------------------------------------------------------------------
461	2.950000e+00	-6.95561e-04	-2.24626e-03	2.246258e-03	
462	3.000000e+00	-6.96819e-04	-2.29506e-03	2.295059e-03	
463	3.050000e+00	-6.98054e-04	-2.34388e-03	2.343878e-03	
464	3.100000e+00	-6.99269e-04	-2.39272e-03	2.392715e-03	
465	3.150000e+00	-7.00464e-04	-2.44157e-03	2.441569e-03	
466	3.200000e+00	-7.01641e-04	-2.49044e-03	2.490438e-03	
467	3.250000e+00	-7.02800e-04	-2.53932e-03	2.539323e-03	
468	3.300000e+00	-7.03942e-04	-2.58822e-03	2.588222e-03	
469	3.350000e+00	-7.05068e-04	-2.63713e-03	2.637134e-03	
470	3.400000e+00	-7.06179e-04	-2.68606e-03	2.686060e-03	
471	3.450000e+00	-7.07275e-04	-2.73500e-03	2.734999e-03	
472	3.500000e+00	-7.08357e-04	-2.78395e-03	2.783949e-03	
473	3.550000e+00	-7.09426e-04	-2.83291e-03	2.832911e-03	
474	3.600000e+00	-7.10483e-04	-2.88188e-03	2.881885e-03	
475	3.650000e+00	-7.11527e-04	-2.93087e-03	2.930869e-03	
476	3.700000e+00	-7.12559e-04	-2.97986e-03	2.979863e-03	
477	3.750000e+00	-7.13581e-04	-3.02887e-03	3.028867e-03	
478	3.800000e+00	-7.14591e-04	-3.07788e-03	3.077880e-03	
479	3.850000e+00	-7.15592e-04	-3.12690e-03	3.126903e-03	
480	3.900000e+00	-7.16582e-04	-3.17593e-03	3.175934e-03	
481	3.950000e+00	-7.17563e-04	-3.22497e-03	3.224974e-03	
482	4.000000e+00	-7.18535e-04	-3.27402e-03	3.274023e-03	
483	4.050000e+00	-7.19497e-04	-3.32308e-03	3.323079e-03	
484	4.100000e+00	-7.20452e-04	-3.37214e-03	3.372142e-03	
485	4.150000e+00	-7.21398e-04	-3.42121e-03	3.421214e-03	
486	4.200000e+00	-7.22336e-04	-3.47029e-03	3.470292e-03	
487	4.250000e+00	-7.23266e-04	-3.51938e-03	3.519377e-03	
488	4.300000e+00	-7.24189e-04	-3.56847e-03	3.568469e-03	
489	4.350000e+00	-7.25105e-04	-3.61757e-03	3.617568e-03	
490	4.400000e+00	-7.26014e-04	-3.66667e-03	3.666672e-03	
491	4.450000e+00	-7.26916e-04	-3.71578e-03	3.715783e-03	
492	4.500000e+00	-7.27812e-04	-3.76490e-03	3.764900e-03	
493	4.550000e+00	-7.28701e-04	-3.81402e-03	3.814023e-03	
494	4.600000e+00	-7.29584e-04	-3.86315e-03	3.863151e-03	
495	4.650000e+00	-7.30461e-04	-3.91228e-03	3.912284e-03	
496	4.700000e+00	-7.31333e-04	-3.96142e-03	3.961423e-03	
497	4.750000e+00	-7.32199e-04	-4.01057e-03	4.010567e-03	
498	4.800000e+00	-7.33059e-04	-4.05972e-03	4.059716e-03	
499	4.850000e+00	-7.33914e-04	-4.10887e-03	4.108870e-03	
500	4.900000e+00	-7.34764e-04	-4.15803e-03	4.158028e-03	
501	4.950000e+00	-7.35609e-04	-4.20719e-03	4.207191e-03	
502	5.000000e+00	-7.36449e-04	-4.25636e-03	4.256359e-03	
503	5.050000e+00	-7.37285e-04	-4.30553e-03	4.305531e-03	
504	5.100000e+00	-7.38115e-04	-4.35471e-03	4.354707e-03	
505	5.150000e+00	-7.38942e-04	-4.40389e-03	4.403887e-03	
506	5.200000e+00	-7.39764e-04	-4.45307e-03	4.453072e-03	
507	5.250000e+00	-7.40581e-04	-4.50226e-03	4.502260e-03	
508	5.300000e+00	-7.41395e-04	-4.55145e-03	4.551452e-03	
509	5.350000e+00	-7.42204e-04	-4.60065e-03	4.600648e-03	
510	5.400000e+00	-7.43010e-04	-4.64985e-03	4.649848e-03	
511	5.450000e+00	-7.43811e-04	-4.69905e-03	4.699051e-03	
512	5.500000e+00	-7.44609e-04	-4.74826e-03	4.748258e-03	
513	5.550000e+00	-7.45404e-04	-4.79747e-03	4.797468e-03	
514	5.600000e+00	-7.46194e-04	-4.84668e-03	4.846681e-03	
515	5.650000e+00	-7.46981e-04	-4.89590e-03	4.895898e-03	
516	5.700000e+00	-7.47765e-04	-4.94512e-03	4.945118e-03	
517	5.750000e+00	-7.48545e-04	-4.99434e-03	4.994341e-03	
518	5.800000e+00	-7.49323e-04	-5.04357e-03	5.043567e-03	

Index   v-sweep         v1#branch       v2#branch       v_u_ic1#branch  
--------------------------------------------------------------------------------
519	5.850000e+00	-7.50096e-04	-5.09280e-03	5.092796e-03	
520	5.900000e+00	-7.50867e-04	-5.14203e-03	5.142028e-03	
521	5.950000e+00	-7.51635e-04	-5.19126e-03	5.191263e-03	
522	6.000000e+00	-7.52400e-04	-5.24050e-03	5.240501e-03	
523	6.050000e+00	-7.53161e-04	-5.28974e-03	5.289741e-03	
524	6.100000e+00	-7.53920e-04	-5.33898e-03	5.338985e-03	
525	6.150000e+00	-7.54676e-04	-5.38823e-03	5.388230e-03	
526	6.200000e+00	-7.55430e-04	-5.43748e-03	5.437479e-03	
527	6.250000e+00	-7.56180e-04	-5.48673e-03	5.486730e-03	
528	6.300000e+00	-7.56928e-04	-5.53598e-03	5.535983e-03	
529	6.350000e+00	-7.57674e-04	-5.58524e-03	5.585239e-03	
530	6.400000e+00	-7.58417e-04	-5.63450e-03	5.634498e-03	
531	6.450000e+00	-7.59157e-04	-5.68376e-03	5.683758e-03	
532	6.500000e+00	-7.59895e-04	-5.73302e-03	5.733021e-03	
533	6.550000e+00	-7.60631e-04	-5.78229e-03	5.782286e-03	
534	6.600000e+00	-7.61364e-04	-5.83155e-03	5.831554e-03	
535	6.650000e+00	-7.62095e-04	-5.88082e-03	5.880824e-03	
536	6.700000e+00	-7.62823e-04	-5.93010e-03	5.930095e-03	
537	6.750000e+00	-7.63550e-04	-5.97937e-03	5.979369e-03	
538	6.800000e+00	-7.64274e-04	-6.02865e-03	6.028645e-03	
539	6.850000e+00	-7.64996e-04	-6.07792e-03	6.077923e-03	
540	6.900000e+00	-7.65716e-04	-6.12720e-03	6.127203e-03	
541	6.950000e+00	-7.66434e-04	-6.17649e-03	6.176485e-03	
542	7.000000e+00	-7.67150e-04	-6.22577e-03	6.225769e-03	
543	7.050000e+00	-7.67864e-04	-6.27505e-03	6.275055e-03	
544	7.100000e+00	-7.68576e-04	-6.32434e-03	6.324342e-03	
545	7.150000e+00	-7.69286e-04	-6.37363e-03	6.373632e-03	
546	7.200000e+00	-7.69994e-04	-6.42292e-03	6.422923e-03	
547	7.250000e+00	-7.70700e-04	-6.47222e-03	6.472216e-03	
548	7.300000e+00	-7.71404e-04	-6.52151e-03	6.521511e-03	
549	7.350000e+00	-7.72107e-04	-6.57081e-03	6.570807e-03	
550	7.400000e+00	-7.72808e-04	-6.62011e-03	6.620106e-03	
551	7.450000e+00	-7.73507e-04	-6.66941e-03	6.669405e-03	
552	7.500000e+00	-7.74204e-04	-6.71871e-03	6.718707e-03	
553	7.550000e+00	-7.74900e-04	-6.76801e-03	6.768010e-03	
554	7.600000e+00	-7.75594e-04	-6.81731e-03	6.817315e-03	
555	7.650000e+00	-7.76287e-04	-6.86662e-03	6.866621e-03	
556	7.700000e+00	-7.76977e-04	-6.91593e-03	6.915929e-03	
557	7.750000e+00	-7.77667e-04	-6.96524e-03	6.965238e-03	
558	7.800000e+00	-7.78354e-04	-7.01455e-03	7.014549e-03	
559	7.850000e+00	-7.79041e-04	-7.06386e-03	7.063861e-03	
560	7.900000e+00	-7.79725e-04	-7.11317e-03	7.113175e-03	
561	7.950000e+00	-7.80408e-04	-7.16249e-03	7.162490e-03	
562	8.000000e+00	-7.81090e-04	-7.21181e-03	7.211806e-03	
563	8.050000e+00	-7.81770e-04	-7.26112e-03	7.261124e-03	
564	8.100000e+00	-7.82449e-04	-7.31044e-03	7.310444e-03	
565	8.150000e+00	-7.83127e-04	-7.35976e-03	7.359764e-03	
566	8.200000e+00	-7.83803e-04	-7.40909e-03	7.409086e-03	
567	8.250000e+00	-7.84478e-04	-7.45841e-03	7.458409e-03	
568	8.300000e+00	-7.85151e-04	-7.50773e-03	7.507734e-03	
569	8.350000e+00	-7.85823e-04	-7.55706e-03	7.557060e-03	
570	8.400000e+00	-7.86494e-04	-7.60639e-03	7.606387e-03	
571	8.450000e+00	-7.87163e-04	-7.65571e-03	7.655715e-03	
572	8.500000e+00	-7.87831e-04	-7.70504e-03	7.705044e-03	
573	8.550000e+00	-7.88498e-04	-7.75438e-03	7.754375e-03	
574	8.600000e+00	-7.89164e-04	-7.80371e-03	7.803707e-03	
575	8.650000e+00	-7.89829e-04	-7.85304e-03	7.853040e-03	
576	8.700000e+00	-7.90492e-04	-7.90237e-03	7.902374e-03	

Index   v-sweep         v1#branch       v2#branch       v_u_ic1#branch  
--------------------------------------------------------------------------------
577	8.750000e+00	-7.91154e-04	-7.95171e-03	7.951710e-03	
578	8.800000e+00	-7.91815e-04	-8.00105e-03	8.001046e-03	
579	8.850000e+00	-7.92475e-04	-8.05038e-03	8.050384e-03	
580	8.900000e+00	-7.93134e-04	-8.09972e-03	8.099722e-03	
581	8.950000e+00	-7.93791e-04	-8.14906e-03	8.149062e-03	
582	9.000000e+00	-7.94448e-04	-8.19840e-03	8.198403e-03	
583	9.050000e+00	-7.95103e-04	-8.24774e-03	8.247745e-03	
584	9.100000e+00	-7.95757e-04	-8.29709e-03	8.297088e-03	
585	9.150000e+00	-7.96411e-04	-8.34643e-03	8.346432e-03	
586	9.200000e+00	-7.97063e-04	-8.39578e-03	8.395777e-03	
587	9.250000e+00	-7.97714e-04	-8.44512e-03	8.445123e-03	
588	9.300000e+00	-7.98364e-04	-8.49447e-03	8.494470e-03	
589	9.350000e+00	-7.99013e-04	-8.54382e-03	8.543818e-03	
590	9.400000e+00	-7.99661e-04	-8.59317e-03	8.593167e-03	
591	9.450000e+00	-8.00308e-04	-8.64252e-03	8.642516e-03	
592	9.500000e+00	-8.00955e-04	-8.69187e-03	8.691867e-03	
593	9.550000e+00	-8.01600e-04	-8.74122e-03	8.741219e-03	
594	9.600000e+00	-8.02244e-04	-8.79057e-03	8.790572e-03	
595	9.650000e+00	-8.02887e-04	-8.83993e-03	8.839925e-03	
596	9.700000e+00	-8.03530e-04	-8.88928e-03	8.889280e-03	
597	9.750000e+00	-8.04171e-04	-8.93863e-03	8.938635e-03	
598	9.800000e+00	-8.04812e-04	-8.98799e-03	8.987991e-03	
599	9.850000e+00	-8.05452e-04	-9.03735e-03	9.037348e-03	
600	9.900000e+00	-8.06090e-04	-9.08671e-03	9.086706e-03	
601	9.950000e+00	-8.06728e-04	-9.13607e-03	9.136065e-03	
602	1.000000e+01	-8.07365e-04	-9.18542e-03	9.185425e-03	
603	0.000000e+00	-5.99495e-15	-2.35242e-15	2.352418e-15	
604	5.000000e-02	-4.75196e-14	-1.24390e-13	1.243903e-13	
605	1.000000e-01	-1.01048e-12	-1.45039e-12	1.450393e-12	
606	1.500000e-01	-7.07503e-12	-8.71145e-12	8.711445e-12	
607	2.000000e-01	-4.89873e-11	-5.54805e-11	5.548054e-11	
608	2.500000e-01	-3.38641e-10	-3.65690e-10	3.656902e-10	
609	3.000000e-01	-2.34026e-09	-2.45721e-09	2.457213e-09	
610	3.500000e-01	-1.61648e-08	-1.66910e-08	1.669105e-08	
611	4.000000e-01	-1.11297e-07	-1.13781e-07	1.137810e-07	
612	4.500000e-01	-7.49953e-07	-7.62205e-07	7.622047e-07	
613	5.000000e-01	-4.47971e-06	-4.53774e-06	4.537745e-06	
614	5.500000e-01	-1.81392e-05	-1.83433e-05	1.834329e-05	
615	6.000000e-01	-4.46058e-05	-4.50721e-05	4.507211e-05	
616	6.500000e-01	-7.93436e-05	-8.01402e-05	8.014018e-05	
617	7.000000e-01	-1.18583e-04	-1.19744e-04	1.197443e-04	
618	7.500000e-01	-1.60267e-04	-1.61810e-04	1.618096e-04	
619	8.000000e-01	-2.03711e-04	-2.05646e-04	2.056459e-04	
620	8.500000e-01	-2.48219e-04	-2.50554e-04	2.505536e-04	
621	9.000000e-01	-2.93472e-04	-2.96211e-04	2.962113e-04	
622	9.500000e-01	-3.39292e-04	-3.42440e-04	3.424403e-04	
623	1.000000e+00	-3.85540e-04	-3.89111e-04	3.891110e-04	
624	1.050000e+00	-4.32056e-04	-4.36121e-04	4.361209e-04	
625	1.100000e+00	-4.78368e-04	-4.83343e-04	4.833427e-04	
626	1.150000e+00	-5.22393e-04	-5.30445e-04	5.304450e-04	
627	1.200000e+00	-5.58377e-04	-5.76716e-04	5.767158e-04	
628	1.250000e+00	-5.82852e-04	-6.22026e-04	6.220262e-04	
629	1.300000e+00	-5.98988e-04	-6.67079e-04	6.670793e-04	
630	1.350000e+00	-6.10435e-04	-7.12357e-04	7.123568e-04	
631	1.400000e+00	-6.19282e-04	-7.58005e-04	7.580055e-04	
632	1.450000e+00	-6.26239e-04	-8.04012e-04	8.040121e-04	
633	1.500000e+00	-6.32052e-04	-8.50353e-04	8.503534e-04	
634	1.550000e+00	-6.37068e-04	-8.96986e-04	8.969865e-04	

Index   v-sweep         v1#branch       v2#branch       v_u_ic1#branch  
--------------------------------------------------------------------------------
635	1.600000e+00	-6.41476e-04	-9.43869e-04	9.438692e-04	
636	1.650000e+00	-6.45411e-04	-9.90967e-04	9.909666e-04	
637	1.700000e+00	-6.48972e-04	-1.03825e-03	1.038249e-03	
638	1.750000e+00	-6.52228e-04	-1.08569e-03	1.085693e-03	
639	1.800000e+00	-6.55233e-04	-1.13328e-03	1.133277e-03	
640	1.850000e+00	-6.58028e-04	-1.18099e-03	1.180986e-03	
641	1.900000e+00	-6.60643e-04	-1.22880e-03	1.228804e-03	
642	1.950000e+00	-6.63105e-04	-1.27672e-03	1.276720e-03	
643	2.000000e+00	-6.65432e-04	-1.32472e-03	1.324723e-03	
644	2.050000e+00	-6.67643e-04	-1.37280e-03	1.372805e-03	
645	2.100000e+00	-6.69750e-04	-1.42096e-03	1.420957e-03	
646	2.150000e+00	-6.71765e-04	-1.46918e-03	1.469175e-03	
647	2.200000e+00	-6.73697e-04	-1.51745e-03	1.517452e-03	
648	2.250000e+00	-6.75555e-04	-1.56578e-03	1.565782e-03	
649	2.300000e+00	-6.77347e-04	-1.61416e-03	1.614162e-03	
650	2.350000e+00	-6.79077e-04	-1.66259e-03	1.662587e-03	
651	2.400000e+00	-6.80752e-04	-1.71105e-03	1.711055e-03	
652	2.450000e+00	-6.82376e-04	-1.75956e-03	1.759561e-03	
653	2.500000e+00	-6.83953e-04	-1.80810e-03	1.808104e-03	
654	2.550000e+00	-6.85488e-04	-1.85668e-03	1.856681e-03	
655	2.600000e+00	-6.86982e-04	-1.90529e-03	1.905289e-03	
656	2.650000e+00	-6.88439e-04	-1.95393e-03	1.953926e-03	
657	2.700000e+00	-6.89862e-04	-2.00259e-03	2.002592e-03	
658	2.750000e+00	-6.91253e-04	-2.05128e-03	2.051283e-03	
659	2.800000e+00	-6.92613e-04	-2.10000e-03	2.099999e-03	
660	2.850000e+00	-6.93946e-04	-2.14874e-03	2.148737e-03	
661	2.900000e+00	-6.95252e-04	-2.19750e-03	2.197498e-03	
662	2.950000e+00	-6.96534e-04	-2.24628e-03	2.246279e-03	
663	3.000000e+00	-6.97792e-04	-2.29508e-03	2.295080e-03	
664	3.050000e+00	-6.99028e-04	-2.34390e-03	2.343899e-03	
665	3.100000e+00	-7.00243e-04	-2.39274e-03	2.392735e-03	
666	3.150000e+00	-7.01439e-04	-2.44159e-03	2.441588e-03	
667	3.200000e+00	-7.02616e-04	-2.49046e-03	2.490458e-03	
668	3.250000e+00	-7.03775e-04	-2.53934e-03	2.539342e-03	
669	3.300000e+00	-7.04917e-04	-2.58824e-03	2.588241e-03	
670	3.350000e+00	-7.06044e-04	-2.63715e-03	2.637153e-03	
671	3.400000e+00	-7.07155e-04	-2.68608e-03	2.686079e-03	
672	3.450000e+00	-7.08251e-04	-2.73502e-03	2.735017e-03	
673	3.500000e+00	-7.09334e-04	-2.78397e-03	2.783967e-03	
674	3.550000e+00	-7.10403e-04	-2.83293e-03	2.832929e-03	
675	3.600000e+00	-7.11460e-04	-2.88190e-03	2.881903e-03	
676	3.650000e+00	-7.12504e-04	-2.93089e-03	2.930886e-03	
677	3.700000e+00	-7.13537e-04	-2.97988e-03	2.979880e-03	
678	3.750000e+00	-7.14559e-04	-3.02888e-03	3.028884e-03	
679	3.800000e+00	-7.15570e-04	-3.07790e-03	3.077898e-03	
680	3.850000e+00	-7.16570e-04	-3.12692e-03	3.126920e-03	
681	3.900000e+00	-7.17561e-04	-3.17595e-03	3.175951e-03	
682	3.950000e+00	-7.18542e-04	-3.22499e-03	3.224991e-03	
683	4.000000e+00	-7.19514e-04	-3.27404e-03	3.274039e-03	
684	4.050000e+00	-7.20477e-04	-3.32310e-03	3.323095e-03	
685	4.100000e+00	-7.21431e-04	-3.37216e-03	3.372159e-03	
686	4.150000e+00	-7.22377e-04	-3.42123e-03	3.421230e-03	
687	4.200000e+00	-7.23316e-04	-3.47031e-03	3.470308e-03	
688	4.250000e+00	-7.24246e-04	-3.51939e-03	3.519393e-03	
689	4.300000e+00	-7.25169e-04	-3.56849e-03	3.568485e-03	
690	4.350000e+00	-7.26085e-04	-3.61758e-03	3.617584e-03	
691	4.400000e+00	-7.26994e-04	-3.66669e-03	3.666688e-03	
692	4.450000e+00	-7.27896e-04	-3.71580e-03	3.715799e-03	

Index   v-sweep         v1#branch       v2#branch       v_u_ic1#branch  
--------------------------------------------------------------------------------
693	4.500000e+00	-7.28792e-04	-3.76492e-03	3.764916e-03	
694	4.550000e+00	-7.29682e-04	-3.81404e-03	3.814038e-03	
695	4.600000e+00	-7.30565e-04	-3.86317e-03	3.863166e-03	
696	4.650000e+00	-7.31442e-04	-3.91230e-03	3.912300e-03	
697	4.700000e+00	-7.32314e-04	-3.96144e-03	3.961438e-03	
698	4.750000e+00	-7.33180e-04	-4.01058e-03	4.010582e-03	
699	4.800000e+00	-7.34040e-04	-4.05973e-03	4.059731e-03	
700	4.850000e+00	-7.34895e-04	-4.10888e-03	4.108885e-03	
701	4.900000e+00	-7.35745e-04	-4.15804e-03	4.158043e-03	
702	4.950000e+00	-7.36591e-04	-4.20721e-03	4.207206e-03	
703	5.000000e+00	-7.37431e-04	-4.25637e-03	4.256374e-03	
704	5.050000e+00	-7.38266e-04	-4.30555e-03	4.305546e-03	
705	5.100000e+00	-7.39097e-04	-4.35472e-03	4.354722e-03	
706	5.150000e+00	-7.39924e-04	-4.40390e-03	4.403902e-03	
707	5.200000e+00	-7.40746e-04	-4.45309e-03	4.453086e-03	
708	5.250000e+00	-7.41563e-04	-4.50227e-03	4.502275e-03	
709	5.300000e+00	-7.42377e-04	-4.55147e-03	4.551467e-03	
710	5.350000e+00	-7.43186e-04	-4.60066e-03	4.600663e-03	
711	5.400000e+00	-7.43992e-04	-4.64986e-03	4.649862e-03	
712	5.450000e+00	-7.44794e-04	-4.69907e-03	4.699065e-03	
713	5.500000e+00	-7.45592e-04	-4.74827e-03	4.748272e-03	
714	5.550000e+00	-7.46386e-04	-4.79748e-03	4.797482e-03	
715	5.600000e+00	-7.47177e-04	-4.84670e-03	4.846696e-03	
716	5.650000e+00	-7.47964e-04	-4.89591e-03	4.895912e-03	
717	5.700000e+00	-7.48748e-04	-4.94513e-03	4.945132e-03	
718	5.750000e+00	-7.49528e-04	-4.99436e-03	4.994355e-03	
719	5.800000e+00	-7.50305e-04	-5.04358e-03	5.043581e-03	
720	5.850000e+00	-7.51079e-04	-5.09281e-03	5.092810e-03	
721	5.900000e+00	-7.51850e-04	-5.14204e-03	5.142042e-03	
722	5.950000e+00	-7.52618e-04	-5.19128e-03	5.191277e-03	
723	6.000000e+00	-7.53383e-04	-5.24051e-03	5.240515e-03	
724	6.050000e+00	-7.54145e-04	-5.28976e-03	5.289755e-03	
725	6.100000e+00	-7.54904e-04	-5.33900e-03	5.338998e-03	
726	6.150000e+00	-7.55660e-04	-5.38824e-03	5.388244e-03	
727	6.200000e+00	-7.56413e-04	-5.43749e-03	5.437493e-03	
728	6.250000e+00	-7.57164e-04	-5.48674e-03	5.486744e-03	
729	6.300000e+00	-7.57912e-04	-5.53600e-03	5.535997e-03	
730	6.350000e+00	-7.58657e-04	-5.58525e-03	5.585253e-03	
731	6.400000e+00	-7.59400e-04	-5.63451e-03	5.634511e-03	
732	6.450000e+00	-7.60141e-04	-5.68377e-03	5.683772e-03	
733	6.500000e+00	-7.60879e-04	-5.73303e-03	5.733035e-03	
734	6.550000e+00	-7.61614e-04	-5.78230e-03	5.782300e-03	
735	6.600000e+00	-7.62347e-04	-5.83157e-03	5.831567e-03	
736	6.650000e+00	-7.63078e-04	-5.88084e-03	5.880837e-03	
737	6.700000e+00	-7.63807e-04	-5.93011e-03	5.930109e-03	
738	6.750000e+00	-7.64534e-04	-5.97938e-03	5.979383e-03	
739	6.800000e+00	-7.65258e-04	-6.02866e-03	6.028658e-03	
740	6.850000e+00	-7.65980e-04	-6.07794e-03	6.077936e-03	
741	6.900000e+00	-7.66700e-04	-6.12722e-03	6.127216e-03	
742	6.950000e+00	-7.67418e-04	-6.17650e-03	6.176498e-03	
743	7.000000e+00	-7.68134e-04	-6.22578e-03	6.225782e-03	
744	7.050000e+00	-7.68848e-04	-6.27507e-03	6.275068e-03	
745	7.100000e+00	-7.69560e-04	-6.32436e-03	6.324355e-03	
746	7.150000e+00	-7.70270e-04	-6.37364e-03	6.373645e-03	
747	7.200000e+00	-7.70978e-04	-6.42294e-03	6.422936e-03	
748	7.250000e+00	-7.71684e-04	-6.47223e-03	6.472229e-03	
749	7.300000e+00	-7.72389e-04	-6.52152e-03	6.521524e-03	
750	7.350000e+00	-7.73091e-04	-6.57082e-03	6.570820e-03	

Index   v-sweep         v1#branch       v2#branch       v_u_ic1#branch  
--------------------------------------------------------------------------------
751	7.400000e+00	-7.73792e-04	-6.62012e-03	6.620119e-03	
752	7.450000e+00	-7.74491e-04	-6.66942e-03	6.669418e-03	
753	7.500000e+00	-7.75189e-04	-6.71872e-03	6.718720e-03	
754	7.550000e+00	-7.75885e-04	-6.76802e-03	6.768023e-03	
755	7.600000e+00	-7.76579e-04	-6.81733e-03	6.817328e-03	
756	7.650000e+00	-7.77271e-04	-6.86663e-03	6.866634e-03	
757	7.700000e+00	-7.77962e-04	-6.91594e-03	6.915942e-03	
758	7.750000e+00	-7.78651e-04	-6.96525e-03	6.965251e-03	
759	7.800000e+00	-7.79339e-04	-7.01456e-03	7.014562e-03	
760	7.850000e+00	-7.80025e-04	-7.06387e-03	7.063874e-03	
761	7.900000e+00	-7.80710e-04	-7.11319e-03	7.113187e-03	
762	7.950000e+00	-7.81393e-04	-7.16250e-03	7.162503e-03	
763	8.000000e+00	-7.82075e-04	-7.21182e-03	7.211819e-03	
764	8.050000e+00	-7.82755e-04	-7.26114e-03	7.261137e-03	
765	8.100000e+00	-7.83434e-04	-7.31046e-03	7.310456e-03	
766	8.150000e+00	-7.84112e-04	-7.35978e-03	7.359777e-03	
767	8.200000e+00	-7.84788e-04	-7.40910e-03	7.409099e-03	
768	8.250000e+00	-7.85462e-04	-7.45842e-03	7.458422e-03	
769	8.300000e+00	-7.86136e-04	-7.50775e-03	7.507746e-03	
770	8.350000e+00	-7.86808e-04	-7.55707e-03	7.557072e-03	
771	8.400000e+00	-7.87479e-04	-7.60640e-03	7.606399e-03	
772	8.450000e+00	-7.88148e-04	-7.65573e-03	7.655727e-03	
773	8.500000e+00	-7.88816e-04	-7.70506e-03	7.705057e-03	
774	8.550000e+00	-7.89483e-04	-7.75439e-03	7.754388e-03	
775	8.600000e+00	-7.90149e-04	-7.80372e-03	7.803720e-03	
776	8.650000e+00	-7.90814e-04	-7.85305e-03	7.853053e-03	
777	8.700000e+00	-7.91477e-04	-7.90239e-03	7.902387e-03	
778	8.750000e+00	-7.92139e-04	-7.95172e-03	7.951722e-03	
779	8.800000e+00	-7.92800e-04	-8.00106e-03	8.001059e-03	
780	8.850000e+00	-7.93460e-04	-8.05040e-03	8.050396e-03	
781	8.900000e+00	-7.94119e-04	-8.09973e-03	8.099735e-03	
782	8.950000e+00	-7.94776e-04	-8.14907e-03	8.149075e-03	
783	9.000000e+00	-7.95433e-04	-8.19842e-03	8.198415e-03	
784	9.050000e+00	-7.96088e-04	-8.24776e-03	8.247757e-03	
785	9.100000e+00	-7.96743e-04	-8.29710e-03	8.297100e-03	
786	9.150000e+00	-7.97396e-04	-8.34644e-03	8.346444e-03	
787	9.200000e+00	-7.98048e-04	-8.39579e-03	8.395789e-03	
788	9.250000e+00	-7.98699e-04	-8.44513e-03	8.445135e-03	
789	9.300000e+00	-7.99349e-04	-8.49448e-03	8.494482e-03	
790	9.350000e+00	-7.99999e-04	-8.54383e-03	8.543830e-03	
791	9.400000e+00	-8.00647e-04	-8.59318e-03	8.593179e-03	
792	9.450000e+00	-8.01294e-04	-8.64253e-03	8.642529e-03	
793	9.500000e+00	-8.01940e-04	-8.69188e-03	8.691879e-03	
794	9.550000e+00	-8.02585e-04	-8.74123e-03	8.741231e-03	
795	9.600000e+00	-8.03230e-04	-8.79058e-03	8.790584e-03	
796	9.650000e+00	-8.03873e-04	-8.83994e-03	8.839937e-03	
797	9.700000e+00	-8.04515e-04	-8.88929e-03	8.889292e-03	
798	9.750000e+00	-8.05157e-04	-8.93865e-03	8.938647e-03	
799	9.800000e+00	-8.05797e-04	-8.98800e-03	8.988003e-03	
800	9.850000e+00	-8.06437e-04	-9.03736e-03	9.037360e-03	
801	9.900000e+00	-8.07076e-04	-9.08672e-03	9.086718e-03	
802	9.950000e+00	-8.07714e-04	-9.13608e-03	9.136077e-03	
803	1.000000e+01	-8.08351e-04	-9.18544e-03	9.185437e-03	
804	0.000000e+00	-7.91878e-15	-3.07788e-15	3.077879e-15	
805	5.000000e-02	-4.94439e-14	-1.25116e-13	1.251162e-13	
806	1.000000e-01	-1.01242e-12	-1.45113e-12	1.451128e-12	
807	1.500000e-01	-7.07702e-12	-8.71224e-12	8.712241e-12	
808	2.000000e-01	-4.89897e-11	-5.54818e-11	5.548175e-11	

Index   v-sweep         v1#branch       v2#branch       v_u_ic1#branch  
--------------------------------------------------------------------------------
809	2.500000e-01	-3.38646e-10	-3.65694e-10	3.656944e-10	
810	3.000000e-01	-2.34029e-09	-2.45724e-09	2.457237e-09	
811	3.500000e-01	-1.61650e-08	-1.66912e-08	1.669121e-08	
812	4.000000e-01	-1.11298e-07	-1.13782e-07	1.137821e-07	
813	4.500000e-01	-7.49960e-07	-7.62212e-07	7.622120e-07	
814	5.000000e-01	-4.47975e-06	-4.53778e-06	4.537783e-06	
815	5.500000e-01	-1.81393e-05	-1.83434e-05	1.834339e-05	
816	6.000000e-01	-4.46060e-05	-4.50723e-05	4.507228e-05	
817	6.500000e-01	-7.93438e-05	-8.01404e-05	8.014037e-05	
818	7.000000e-01	-1.18584e-04	-1.19744e-04	1.197445e-04	
819	7.500000e-01	-1.60267e-04	-1.61810e-04	1.618098e-04	
820	8.000000e-01	-2.03711e-04	-2.05646e-04	2.056461e-04	
821	8.500000e-01	-2.48219e-04	-2.50554e-04	2.505538e-04	
822	9.000000e-01	-2.93473e-04	-2.96212e-04	2.962115e-04	
823	9.500000e-01	-3.39293e-04	-3.42441e-04	3.424406e-04	
824	1.000000e+00	-3.85541e-04	-3.89111e-04	3.891114e-04	
825	1.050000e+00	-4.32061e-04	-4.36122e-04	4.361219e-04	
826	1.100000e+00	-4.78395e-04	-4.83347e-04	4.833471e-04	
827	1.150000e+00	-5.22519e-04	-5.30464e-04	5.304636e-04	
828	1.200000e+00	-5.58741e-04	-5.76764e-04	5.767636e-04	
829	1.250000e+00	-5.83440e-04	-6.22094e-04	6.220936e-04	
830	1.300000e+00	-5.99709e-04	-6.67151e-04	6.671508e-04	
831	1.350000e+00	-6.11229e-04	-7.12426e-04	7.124256e-04	
832	1.400000e+00	-6.20123e-04	-7.58070e-04	7.580700e-04	
833	1.450000e+00	-6.27108e-04	-8.04072e-04	8.040718e-04	
834	1.500000e+00	-6.32940e-04	-8.50409e-04	8.504086e-04	
835	1.550000e+00	-6.37971e-04	-8.97038e-04	8.970378e-04	
836	1.600000e+00	-6.42389e-04	-9.43917e-04	9.439172e-04	
837	1.650000e+00	-6.46333e-04	-9.91012e-04	9.910116e-04	
838	1.700000e+00	-6.49901e-04	-1.03829e-03	1.038292e-03	
839	1.750000e+00	-6.53163e-04	-1.08573e-03	1.085733e-03	
840	1.800000e+00	-6.56173e-04	-1.13332e-03	1.133316e-03	
841	1.850000e+00	-6.58972e-04	-1.18102e-03	1.181022e-03	
842	1.900000e+00	-6.61590e-04	-1.22884e-03	1.228839e-03	
843	1.950000e+00	-6.64055e-04	-1.27675e-03	1.276753e-03	
844	2.000000e+00	-6.66385e-04	-1.32475e-03	1.324755e-03	
845	2.050000e+00	-6.68598e-04	-1.37284e-03	1.372836e-03	
846	2.100000e+00	-6.70706e-04	-1.42099e-03	1.420988e-03	
847	2.150000e+00	-6.72723e-04	-1.46920e-03	1.469204e-03	
848	2.200000e+00	-6.74657e-04	-1.51748e-03	1.517480e-03	
849	2.250000e+00	-6.76517e-04	-1.56581e-03	1.565809e-03	
850	2.300000e+00	-6.78310e-04	-1.61419e-03	1.614188e-03	
851	2.350000e+00	-6.80041e-04	-1.66261e-03	1.662613e-03	
852	2.400000e+00	-6.81717e-04	-1.71108e-03	1.711080e-03	
853	2.450000e+00	-6.83342e-04	-1.75959e-03	1.759586e-03	
854	2.500000e+00	-6.84920e-04	-1.80813e-03	1.808128e-03	
855	2.550000e+00	-6.86455e-04	-1.85670e-03	1.856704e-03	
856	2.600000e+00	-6.87950e-04	-1.90531e-03	1.905312e-03	
857	2.650000e+00	-6.89408e-04	-1.95395e-03	1.953949e-03	
858	2.700000e+00	-6.90832e-04	-2.00261e-03	2.002614e-03	
859	2.750000e+00	-6.92223e-04	-2.05131e-03	2.051305e-03	
860	2.800000e+00	-6.93585e-04	-2.10002e-03	2.100020e-03	
861	2.850000e+00	-6.94918e-04	-2.14876e-03	2.148759e-03	
862	2.900000e+00	-6.96224e-04	-2.19752e-03	2.197519e-03	
863	2.950000e+00	-6.97506e-04	-2.24630e-03	2.246300e-03	
864	3.000000e+00	-6.98765e-04	-2.29510e-03	2.295100e-03	
865	3.050000e+00	-7.00002e-04	-2.34392e-03	2.343919e-03	
866	3.100000e+00	-7.01217e-04	-2.39276e-03	2.392755e-03	

Index   v-sweep         v1#branch       v2#branch       v_u_ic1#branch  
--------------------------------------------------------------------------------
867	3.150000e+00	-7.02413e-04	-2.44161e-03	2.441608e-03	
868	3.200000e+00	-7.03591e-04	-2.49048e-03	2.490477e-03	
869	3.250000e+00	-7.04750e-04	-2.53936e-03	2.539361e-03	
870	3.300000e+00	-7.05893e-04	-2.58826e-03	2.588260e-03	
871	3.350000e+00	-7.07020e-04	-2.63717e-03	2.637172e-03	
872	3.400000e+00	-7.08131e-04	-2.68610e-03	2.686097e-03	
873	3.450000e+00	-7.09228e-04	-2.73504e-03	2.735035e-03	
874	3.500000e+00	-7.10311e-04	-2.78399e-03	2.783986e-03	
875	3.550000e+00	-7.11380e-04	-2.83295e-03	2.832947e-03	
876	3.600000e+00	-7.12437e-04	-2.88192e-03	2.881920e-03	
877	3.650000e+00	-7.13482e-04	-2.93090e-03	2.930904e-03	
878	3.700000e+00	-7.14515e-04	-2.97990e-03	2.979898e-03	
879	3.750000e+00	-7.15537e-04	-3.02890e-03	3.028902e-03	
880	3.800000e+00	-7.16548e-04	-3.07791e-03	3.077915e-03	
881	3.850000e+00	-7.17548e-04	-3.12694e-03	3.126937e-03	
882	3.900000e+00	-7.18539e-04	-3.17597e-03	3.175969e-03	
883	3.950000e+00	-7.19521e-04	-3.22501e-03	3.225008e-03	
884	4.000000e+00	-7.20493e-04	-3.27406e-03	3.274056e-03	
885	4.050000e+00	-7.21456e-04	-3.32311e-03	3.323112e-03	
886	4.100000e+00	-7.22410e-04	-3.37218e-03	3.372176e-03	
887	4.150000e+00	-7.23357e-04	-3.42125e-03	3.421247e-03	
888	4.200000e+00	-7.24295e-04	-3.47032e-03	3.470325e-03	
889	4.250000e+00	-7.25226e-04	-3.51941e-03	3.519410e-03	
890	4.300000e+00	-7.26149e-04	-3.56850e-03	3.568501e-03	
891	4.350000e+00	-7.27065e-04	-3.61760e-03	3.617600e-03	
892	4.400000e+00	-7.27974e-04	-3.66670e-03	3.666704e-03	
893	4.450000e+00	-7.28877e-04	-3.71581e-03	3.715815e-03	
894	4.500000e+00	-7.29773e-04	-3.76493e-03	3.764931e-03	
895	4.550000e+00	-7.30662e-04	-3.81405e-03	3.814054e-03	
896	4.600000e+00	-7.31546e-04	-3.86318e-03	3.863182e-03	
897	4.650000e+00	-7.32423e-04	-3.91232e-03	3.912315e-03	
898	4.700000e+00	-7.33295e-04	-3.96145e-03	3.961454e-03	
899	4.750000e+00	-7.34161e-04	-4.01060e-03	4.010598e-03	
900	4.800000e+00	-7.35021e-04	-4.05975e-03	4.059746e-03	
901	4.850000e+00	-7.35877e-04	-4.10890e-03	4.108900e-03	
902	4.900000e+00	-7.36727e-04	-4.15806e-03	4.158058e-03	
903	4.950000e+00	-7.37572e-04	-4.20722e-03	4.207221e-03	
904	5.000000e+00	-7.38412e-04	-4.25639e-03	4.256389e-03	
905	5.050000e+00	-7.39248e-04	-4.30556e-03	4.305561e-03	
906	5.100000e+00	-7.40079e-04	-4.35474e-03	4.354737e-03	
907	5.150000e+00	-7.40905e-04	-4.40392e-03	4.403917e-03	
908	5.200000e+00	-7.41728e-04	-4.45310e-03	4.453101e-03	
909	5.250000e+00	-7.42545e-04	-4.50229e-03	4.502289e-03	
910	5.300000e+00	-7.43359e-04	-4.55148e-03	4.551481e-03	
911	5.350000e+00	-7.44169e-04	-4.60068e-03	4.600677e-03	
912	5.400000e+00	-7.44974e-04	-4.64988e-03	4.649877e-03	
913	5.450000e+00	-7.45776e-04	-4.69908e-03	4.699080e-03	
914	5.500000e+00	-7.46574e-04	-4.74829e-03	4.748286e-03	
915	5.550000e+00	-7.47369e-04	-4.79750e-03	4.797496e-03	
916	5.600000e+00	-7.48159e-04	-4.84671e-03	4.846710e-03	
917	5.650000e+00	-7.48947e-04	-4.89593e-03	4.895926e-03	
918	5.700000e+00	-7.49731e-04	-4.94515e-03	4.945146e-03	
919	5.750000e+00	-7.50511e-04	-4.99437e-03	4.994369e-03	
920	5.800000e+00	-7.51288e-04	-5.04360e-03	5.043595e-03	
921	5.850000e+00	-7.52062e-04	-5.09282e-03	5.092824e-03	
922	5.900000e+00	-7.52833e-04	-5.14206e-03	5.142056e-03	
923	5.950000e+00	-7.53601e-04	-5.19129e-03	5.191291e-03	
924	6.000000e+00	-7.54366e-04	-5.24053e-03	5.240529e-03	

Index   v-sweep         v1#branch       v2#branch       v_u_ic1#branch  
--------------------------------------------------------------------------------
925	6.050000e+00	-7.55128e-04	-5.28977e-03	5.289769e-03	
926	6.100000e+00	-7.55887e-04	-5.33901e-03	5.339012e-03	
927	6.150000e+00	-7.56643e-04	-5.38826e-03	5.388258e-03	
928	6.200000e+00	-7.57396e-04	-5.43751e-03	5.437506e-03	
929	6.250000e+00	-7.58147e-04	-5.48676e-03	5.486757e-03	
930	6.300000e+00	-7.58895e-04	-5.53601e-03	5.536011e-03	
931	6.350000e+00	-7.59641e-04	-5.58527e-03	5.585266e-03	
932	6.400000e+00	-7.60384e-04	-5.63452e-03	5.634525e-03	
933	6.450000e+00	-7.61124e-04	-5.68379e-03	5.683785e-03	
934	6.500000e+00	-7.61862e-04	-5.73305e-03	5.733048e-03	
935	6.550000e+00	-7.62598e-04	-5.78231e-03	5.782313e-03	
936	6.600000e+00	-7.63331e-04	-5.83158e-03	5.831581e-03	
937	6.650000e+00	-7.64062e-04	-5.88085e-03	5.880850e-03	
938	6.700000e+00	-7.64791e-04	-5.93012e-03	5.930122e-03	
939	6.750000e+00	-7.65517e-04	-5.97940e-03	5.979396e-03	
940	6.800000e+00	-7.66242e-04	-6.02867e-03	6.028672e-03	
941	6.850000e+00	-7.66964e-04	-6.07795e-03	6.077950e-03	
942	6.900000e+00	-7.67684e-04	-6.12723e-03	6.127230e-03	
943	6.950000e+00	-7.68402e-04	-6.17651e-03	6.176511e-03	
944	7.000000e+00	-7.69118e-04	-6.22580e-03	6.225795e-03	
945	7.050000e+00	-7.69832e-04	-6.27508e-03	6.275081e-03	
946	7.100000e+00	-7.70544e-04	-6.32437e-03	6.324369e-03	
947	7.150000e+00	-7.71254e-04	-6.37366e-03	6.373658e-03	
948	7.200000e+00	-7.71962e-04	-6.42295e-03	6.422949e-03	
949	7.250000e+00	-7.72668e-04	-6.47224e-03	6.472242e-03	
950	7.300000e+00	-7.73373e-04	-6.52154e-03	6.521537e-03	
951	7.350000e+00	-7.74076e-04	-6.57083e-03	6.570833e-03	
952	7.400000e+00	-7.74777e-04	-6.62013e-03	6.620132e-03	
953	7.450000e+00	-7.75476e-04	-6.66943e-03	6.669431e-03	
954	7.500000e+00	-7.76173e-04	-6.71873e-03	6.718733e-03	
955	7.550000e+00	-7.76869e-04	-6.76804e-03	6.768036e-03	
956	7.600000e+00	-7.77563e-04	-6.81734e-03	6.817340e-03	
957	7.650000e+00	-7.78256e-04	-6.86665e-03	6.866647e-03	
958	7.700000e+00	-7.78947e-04	-6.91595e-03	6.915954e-03	
959	7.750000e+00	-7.79636e-04	-6.96526e-03	6.965264e-03	
960	7.800000e+00	-7.80324e-04	-7.01457e-03	7.014574e-03	
961	7.850000e+00	-7.81010e-04	-7.06389e-03	7.063887e-03	
962	7.900000e+00	-7.81695e-04	-7.11320e-03	7.113200e-03	
963	7.950000e+00	-7.82378e-04	-7.16252e-03	7.162515e-03	
964	8.000000e+00	-7.83060e-04	-7.21183e-03	7.211832e-03	
965	8.050000e+00	-7.83740e-04	-7.26115e-03	7.261150e-03	
966	8.100000e+00	-7.84419e-04	-7.31047e-03	7.310469e-03	
967	8.150000e+00	-7.85096e-04	-7.35979e-03	7.359789e-03	
968	8.200000e+00	-7.85773e-04	-7.40911e-03	7.409111e-03	
969	8.250000e+00	-7.86447e-04	-7.45843e-03	7.458434e-03	
970	8.300000e+00	-7.87121e-04	-7.50776e-03	7.507759e-03	
971	8.350000e+00	-7.87793e-04	-7.55708e-03	7.557085e-03	
972	8.400000e+00	-7.88464e-04	-7.60641e-03	7.606412e-03	
973	8.450000e+00	-7.89133e-04	-7.65574e-03	7.655740e-03	
974	8.500000e+00	-7.89801e-04	-7.70507e-03	7.705069e-03	
975	8.550000e+00	-7.90468e-04	-7.75440e-03	7.754400e-03	
976	8.600000e+00	-7.91134e-04	-7.80373e-03	7.803732e-03	
977	8.650000e+00	-7.91799e-04	-7.85306e-03	7.853065e-03	
978	8.700000e+00	-7.92462e-04	-7.90240e-03	7.902399e-03	
979	8.750000e+00	-7.93124e-04	-7.95173e-03	7.951734e-03	
980	8.800000e+00	-7.93785e-04	-8.00107e-03	8.001071e-03	
981	8.850000e+00	-7.94445e-04	-8.05041e-03	8.050408e-03	
982	8.900000e+00	-7.95104e-04	-8.09975e-03	8.099747e-03	

Index   v-sweep         v1#branch       v2#branch       v_u_ic1#branch  
--------------------------------------------------------------------------------
983	8.950000e+00	-7.95762e-04	-8.14909e-03	8.149087e-03	
984	9.000000e+00	-7.96418e-04	-8.19843e-03	8.198428e-03	
985	9.050000e+00	-7.97074e-04	-8.24777e-03	8.247770e-03	
986	9.100000e+00	-7.97728e-04	-8.29711e-03	8.297112e-03	
987	9.150000e+00	-7.98381e-04	-8.34646e-03	8.346456e-03	
988	9.200000e+00	-7.99033e-04	-8.39580e-03	8.395801e-03	
989	9.250000e+00	-7.99685e-04	-8.44515e-03	8.445147e-03	
990	9.300000e+00	-8.00335e-04	-8.49449e-03	8.494494e-03	
991	9.350000e+00	-8.00984e-04	-8.54384e-03	8.543842e-03	
992	9.400000e+00	-8.01632e-04	-8.59319e-03	8.593191e-03	
993	9.450000e+00	-8.02279e-04	-8.64254e-03	8.642541e-03	
994	9.500000e+00	-8.02926e-04	-8.69189e-03	8.691892e-03	
995	9.550000e+00	-8.03571e-04	-8.74124e-03	8.741243e-03	
996	9.600000e+00	-8.04215e-04	-8.79060e-03	8.790596e-03	
997	9.650000e+00	-8.04858e-04	-8.83995e-03	8.839949e-03	
998	9.700000e+00	-8.05501e-04	-8.88930e-03	8.889304e-03	
999	9.750000e+00	-8.06142e-04	-8.93866e-03	8.938659e-03	
1000	9.800000e+00	-8.06783e-04	-8.98802e-03	8.988015e-03	
1001	9.850000e+00	-8.07423e-04	-9.03737e-03	9.037372e-03	
1002	9.900000e+00	-8.08062e-04	-9.08673e-03	9.086730e-03	
1003	9.950000e+00	-8.08700e-04	-9.13609e-03	9.136089e-03	
1004	1.000000e+01	-8.09337e-04	-9.18545e-03	9.185449e-03	
1005	0.000000e+00	-9.80704e-15	-3.77584e-15	3.775841e-15	
1006	5.000000e-02	-5.13325e-14	-1.25815e-13	1.258145e-13	
1007	1.000000e-01	-1.01432e-12	-1.45184e-12	1.451836e-12	
1008	1.500000e-01	-7.07898e-12	-8.71301e-12	8.713010e-12	
1009	2.000000e-01	-4.89921e-11	-5.54829e-11	5.548294e-11	
1010	2.500000e-01	-3.38651e-10	-3.65698e-10	3.656984e-10	
1011	3.000000e-01	-2.34031e-09	-2.45726e-09	2.457262e-09	
1012	3.500000e-01	-1.61652e-08	-1.66914e-08	1.669137e-08	
1013	4.000000e-01	-1.11299e-07	-1.13783e-07	1.137832e-07	
1014	4.500000e-01	-7.49967e-07	-7.62219e-07	7.622193e-07	
1015	5.000000e-01	-4.47979e-06	-4.53782e-06	4.537821e-06	
1016	5.500000e-01	-1.81394e-05	-1.83435e-05	1.834350e-05	
1017	6.000000e-01	-4.46062e-05	-4.50724e-05	4.507244e-05	
1018	6.500000e-01	-7.93440e-05	-8.01406e-05	8.014057e-05	
1019	7.000000e-01	-1.18584e-04	-1.19745e-04	1.197447e-04	
1020	7.500000e-01	-1.60268e-04	-1.61810e-04	1.618100e-04	
1021	8.000000e-01	-2.03711e-04	-2.05646e-04	2.056464e-04	
1022	8.500000e-01	-2.48219e-04	-2.50554e-04	2.505540e-04	
1023	9.000000e-01	-2.93473e-04	-2.96212e-04	2.962118e-04	
1024	9.500000e-01	-3.39293e-04	-3.42441e-04	3.424409e-04	
1025	1.000000e+00	-3.85542e-04	-3.89112e-04	3.891118e-04	
1026	1.050000e+00	-4.32065e-04	-4.36123e-04	4.361229e-04	
1027	1.100000e+00	-4.78420e-04	-4.83351e-04	4.833513e-04	
1028	1.150000e+00	-5.22641e-04	-5.30482e-04	5.304816e-04	
1029	1.200000e+00	-5.59100e-04	-5.76811e-04	5.768108e-04	
1030	1.250000e+00	-5.84025e-04	-6.22161e-04	6.221607e-04	
1031	1.300000e+00	-6.00428e-04	-6.67222e-04	6.672223e-04	
1032	1.350000e+00	-6.12022e-04	-7.12494e-04	7.124945e-04	
1033	1.400000e+00	-6.20963e-04	-7.58135e-04	7.581346e-04	
1034	1.450000e+00	-6.27976e-04	-8.04131e-04	8.041315e-04	
1035	1.500000e+00	-6.33828e-04	-8.50464e-04	8.504639e-04	
1036	1.550000e+00	-6.38873e-04	-8.97089e-04	8.970892e-04	
1037	1.600000e+00	-6.43303e-04	-9.43965e-04	9.439652e-04	
1038	1.650000e+00	-6.47256e-04	-9.91057e-04	9.910567e-04	
1039	1.700000e+00	-6.50830e-04	-1.03833e-03	1.038334e-03	
1040	1.750000e+00	-6.54098e-04	-1.08577e-03	1.085773e-03	

Index   v-sweep         v1#branch       v2#branch       v_u_ic1#branch  
--------------------------------------------------------------------------------
1041	1.800000e+00	-6.57113e-04	-1.13335e-03	1.133354e-03	
1042	1.850000e+00	-6.59915e-04	-1.18106e-03	1.181059e-03	
1043	1.900000e+00	-6.62537e-04	-1.22887e-03	1.228874e-03	
1044	1.950000e+00	-6.65005e-04	-1.27679e-03	1.276787e-03	
1045	2.000000e+00	-6.67337e-04	-1.32479e-03	1.324787e-03	
1046	2.050000e+00	-6.69552e-04	-1.37287e-03	1.372867e-03	
1047	2.100000e+00	-6.71663e-04	-1.42102e-03	1.421018e-03	
1048	2.150000e+00	-6.73682e-04	-1.46923e-03	1.469233e-03	
1049	2.200000e+00	-6.75617e-04	-1.51751e-03	1.517508e-03	
1050	2.250000e+00	-6.77478e-04	-1.56584e-03	1.565837e-03	
1051	2.300000e+00	-6.79272e-04	-1.61422e-03	1.614215e-03	
1052	2.350000e+00	-6.81005e-04	-1.66264e-03	1.662639e-03	
1053	2.400000e+00	-6.82682e-04	-1.71111e-03	1.711106e-03	
1054	2.450000e+00	-6.84308e-04	-1.75961e-03	1.759611e-03	
1055	2.500000e+00	-6.85887e-04	-1.80815e-03	1.808153e-03	
1056	2.550000e+00	-6.87423e-04	-1.85673e-03	1.856728e-03	
1057	2.600000e+00	-6.88919e-04	-1.90534e-03	1.905336e-03	
1058	2.650000e+00	-6.90378e-04	-1.95397e-03	1.953972e-03	
1059	2.700000e+00	-6.91802e-04	-2.00264e-03	2.002637e-03	
1060	2.750000e+00	-6.93194e-04	-2.05133e-03	2.051327e-03	
1061	2.800000e+00	-6.94556e-04	-2.10004e-03	2.100042e-03	
1062	2.850000e+00	-6.95890e-04	-2.14878e-03	2.148780e-03	
1063	2.900000e+00	-6.97197e-04	-2.19754e-03	2.197540e-03	
1064	2.950000e+00	-6.98479e-04	-2.24632e-03	2.246321e-03	
1065	3.000000e+00	-6.99738e-04	-2.29512e-03	2.295121e-03	
1066	3.050000e+00	-7.00975e-04	-2.34394e-03	2.343939e-03	
1067	3.100000e+00	-7.02191e-04	-2.39278e-03	2.392775e-03	
1068	3.150000e+00	-7.03388e-04	-2.44163e-03	2.441628e-03	
1069	3.200000e+00	-7.04566e-04	-2.49050e-03	2.490497e-03	
1070	3.250000e+00	-7.05725e-04	-2.53938e-03	2.539380e-03	
1071	3.300000e+00	-7.06868e-04	-2.58828e-03	2.588279e-03	
1072	3.350000e+00	-7.07995e-04	-2.63719e-03	2.637191e-03	
1073	3.400000e+00	-7.09107e-04	-2.68612e-03	2.686116e-03	
1074	3.450000e+00	-7.10204e-04	-2.73505e-03	2.735054e-03	
1075	3.500000e+00	-7.11287e-04	-2.78400e-03	2.784004e-03	
1076	3.550000e+00	-7.12357e-04	-2.83297e-03	2.832966e-03	
1077	3.600000e+00	-7.13414e-04	-2.88194e-03	2.881938e-03	
1078	3.650000e+00	-7.14459e-04	-2.93092e-03	2.930922e-03	
1079	3.700000e+00	-7.15493e-04	-2.97992e-03	2.979916e-03	
1080	3.750000e+00	-7.16515e-04	-3.02892e-03	3.028919e-03	
1081	3.800000e+00	-7.17526e-04	-3.07793e-03	3.077932e-03	
1082	3.850000e+00	-7.18527e-04	-3.12695e-03	3.126954e-03	
1083	3.900000e+00	-7.19518e-04	-3.17599e-03	3.175986e-03	
1084	3.950000e+00	-7.20499e-04	-3.22503e-03	3.225025e-03	
1085	4.000000e+00	-7.21472e-04	-3.27407e-03	3.274073e-03	
1086	4.050000e+00	-7.22435e-04	-3.32313e-03	3.323129e-03	
1087	4.100000e+00	-7.23390e-04	-3.37219e-03	3.372192e-03	
1088	4.150000e+00	-7.24336e-04	-3.42126e-03	3.421263e-03	
1089	4.200000e+00	-7.25275e-04	-3.47034e-03	3.470341e-03	
1090	4.250000e+00	-7.26206e-04	-3.51943e-03	3.519426e-03	
1091	4.300000e+00	-7.27129e-04	-3.56852e-03	3.568518e-03	
1092	4.350000e+00	-7.28045e-04	-3.61762e-03	3.617616e-03	
1093	4.400000e+00	-7.28955e-04	-3.66672e-03	3.666720e-03	
1094	4.450000e+00	-7.29857e-04	-3.71583e-03	3.715831e-03	
1095	4.500000e+00	-7.30753e-04	-3.76495e-03	3.764947e-03	
1096	4.550000e+00	-7.31643e-04	-3.81407e-03	3.814070e-03	
1097	4.600000e+00	-7.32526e-04	-3.86320e-03	3.863197e-03	
1098	4.650000e+00	-7.33404e-04	-3.91233e-03	3.912331e-03	

Index   v-sweep         v1#branch       v2#branch       v_u_ic1#branch  
--------------------------------------------------------------------------------
1099	4.700000e+00	-7.34276e-04	-3.96147e-03	3.961469e-03	
1100	4.750000e+00	-7.35142e-04	-4.01061e-03	4.010613e-03	
1101	4.800000e+00	-7.36003e-04	-4.05976e-03	4.059762e-03	
1102	4.850000e+00	-7.36858e-04	-4.10892e-03	4.108915e-03	
1103	4.900000e+00	-7.37708e-04	-4.15807e-03	4.158073e-03	
1104	4.950000e+00	-7.38554e-04	-4.20724e-03	4.207236e-03	
1105	5.000000e+00	-7.39394e-04	-4.25640e-03	4.256404e-03	
1106	5.050000e+00	-7.40230e-04	-4.30558e-03	4.305576e-03	
1107	5.100000e+00	-7.41061e-04	-4.35475e-03	4.354752e-03	
1108	5.150000e+00	-7.41887e-04	-4.40393e-03	4.403932e-03	
1109	5.200000e+00	-7.42709e-04	-4.45312e-03	4.453116e-03	
1110	5.250000e+00	-7.43527e-04	-4.50230e-03	4.502304e-03	
1111	5.300000e+00	-7.44341e-04	-4.55150e-03	4.551496e-03	
1112	5.350000e+00	-7.45151e-04	-4.60069e-03	4.600692e-03	
1113	5.400000e+00	-7.45957e-04	-4.64989e-03	4.649891e-03	
1114	5.450000e+00	-7.46759e-04	-4.69909e-03	4.699094e-03	
1115	5.500000e+00	-7.47557e-04	-4.74830e-03	4.748301e-03	
1116	5.550000e+00	-7.48351e-04	-4.79751e-03	4.797511e-03	
1117	5.600000e+00	-7.49142e-04	-4.84672e-03	4.846724e-03	
1118	5.650000e+00	-7.49929e-04	-4.89594e-03	4.895941e-03	
1119	5.700000e+00	-7.50713e-04	-4.94516e-03	4.945160e-03	
1120	5.750000e+00	-7.51494e-04	-4.99438e-03	4.994383e-03	
1121	5.800000e+00	-7.52271e-04	-5.04361e-03	5.043609e-03	
1122	5.850000e+00	-7.53045e-04	-5.09284e-03	5.092838e-03	
1123	5.900000e+00	-7.53816e-04	-5.14207e-03	5.142070e-03	
1124	5.950000e+00	-7.54584e-04	-5.19131e-03	5.191305e-03	
1125	6.000000e+00	-7.55349e-04	-5.24054e-03	5.240543e-03	
1126	6.050000e+00	-7.56111e-04	-5.28978e-03	5.289783e-03	
1127	6.100000e+00	-7.56870e-04	-5.33903e-03	5.339026e-03	
1128	6.150000e+00	-7.57626e-04	-5.38827e-03	5.388272e-03	
1129	6.200000e+00	-7.58380e-04	-5.43752e-03	5.437520e-03	
1130	6.250000e+00	-7.59131e-04	-5.48677e-03	5.486771e-03	
1131	6.300000e+00	-7.59879e-04	-5.53602e-03	5.536024e-03	
1132	6.350000e+00	-7.60624e-04	-5.58528e-03	5.585280e-03	
1133	6.400000e+00	-7.61367e-04	-5.63454e-03	5.634538e-03	
1134	6.450000e+00	-7.62108e-04	-5.68380e-03	5.683799e-03	
1135	6.500000e+00	-7.62846e-04	-5.73306e-03	5.733062e-03	
1136	6.550000e+00	-7.63582e-04	-5.78233e-03	5.782327e-03	
1137	6.600000e+00	-7.64315e-04	-5.83159e-03	5.831594e-03	
1138	6.650000e+00	-7.65046e-04	-5.88086e-03	5.880864e-03	
1139	6.700000e+00	-7.65775e-04	-5.93014e-03	5.930135e-03	
1140	6.750000e+00	-7.66501e-04	-5.97941e-03	5.979409e-03	
1141	6.800000e+00	-7.67226e-04	-6.02869e-03	6.028685e-03	
1142	6.850000e+00	-7.67948e-04	-6.07796e-03	6.077963e-03	
1143	6.900000e+00	-7.68668e-04	-6.12724e-03	6.127243e-03	
1144	6.950000e+00	-7.69386e-04	-6.17652e-03	6.176525e-03	
1145	7.000000e+00	-7.70102e-04	-6.22581e-03	6.225808e-03	
1146	7.050000e+00	-7.70816e-04	-6.27509e-03	6.275094e-03	
1147	7.100000e+00	-7.71528e-04	-6.32438e-03	6.324382e-03	
1148	7.150000e+00	-7.72238e-04	-6.37367e-03	6.373671e-03	
1149	7.200000e+00	-7.72946e-04	-6.42296e-03	6.422962e-03	
1150	7.250000e+00	-7.73653e-04	-6.47226e-03	6.472255e-03	
1151	7.300000e+00	-7.74357e-04	-6.52155e-03	6.521550e-03	
1152	7.350000e+00	-7.75060e-04	-6.57085e-03	6.570846e-03	
1153	7.400000e+00	-7.75761e-04	-6.62014e-03	6.620145e-03	
1154	7.450000e+00	-7.76460e-04	-6.66944e-03	6.669444e-03	
1155	7.500000e+00	-7.77158e-04	-6.71875e-03	6.718746e-03	
1156	7.550000e+00	-7.77854e-04	-6.76805e-03	6.768049e-03	

Index   v-sweep         v1#branch       v2#branch       v_u_ic1#branch  
--------------------------------------------------------------------------------
1157	7.600000e+00	-7.78548e-04	-6.81735e-03	6.817353e-03	
1158	7.650000e+00	-7.79240e-04	-6.86666e-03	6.866659e-03	
1159	7.700000e+00	-7.79931e-04	-6.91597e-03	6.915967e-03	
1160	7.750000e+00	-7.80621e-04	-6.96528e-03	6.965276e-03	
1161	7.800000e+00	-7.81308e-04	-7.01459e-03	7.014587e-03	
1162	7.850000e+00	-7.81995e-04	-7.06390e-03	7.063899e-03	
1163	7.900000e+00	-7.82679e-04	-7.11321e-03	7.113213e-03	
1164	7.950000e+00	-7.83363e-04	-7.16253e-03	7.162528e-03	
1165	8.000000e+00	-7.84044e-04	-7.21184e-03	7.211844e-03	
1166	8.050000e+00	-7.84725e-04	-7.26116e-03	7.261162e-03	
1167	8.100000e+00	-7.85404e-04	-7.31048e-03	7.310481e-03	
1168	8.150000e+00	-7.86081e-04	-7.35980e-03	7.359802e-03	
1169	8.200000e+00	-7.86757e-04	-7.40912e-03	7.409124e-03	
1170	8.250000e+00	-7.87432e-04	-7.45845e-03	7.458447e-03	
1171	8.300000e+00	-7.88106e-04	-7.50777e-03	7.507772e-03	
1172	8.350000e+00	-7.88778e-04	-7.55710e-03	7.557097e-03	
1173	8.400000e+00	-7.89449e-04	-7.60642e-03	7.606424e-03	
1174	8.450000e+00	-7.90118e-04	-7.65575e-03	7.655752e-03	
1175	8.500000e+00	-7.90786e-04	-7.70508e-03	7.705082e-03	
1176	8.550000e+00	-7.91453e-04	-7.75441e-03	7.754413e-03	
1177	8.600000e+00	-7.92119e-04	-7.80374e-03	7.803744e-03	
1178	8.650000e+00	-7.92784e-04	-7.85308e-03	7.853077e-03	
1179	8.700000e+00	-7.93447e-04	-7.90241e-03	7.902412e-03	
1180	8.750000e+00	-7.94109e-04	-7.95175e-03	7.951747e-03	
1181	8.800000e+00	-7.94771e-04	-8.00108e-03	8.001083e-03	
1182	8.850000e+00	-7.95430e-04	-8.05042e-03	8.050421e-03	
1183	8.900000e+00	-7.96089e-04	-8.09976e-03	8.099759e-03	
1184	8.950000e+00	-7.96747e-04	-8.14910e-03	8.149099e-03	
1185	9.000000e+00	-7.97403e-04	-8.19844e-03	8.198440e-03	
1186	9.050000e+00	-7.98059e-04	-8.24778e-03	8.247782e-03	
1187	9.100000e+00	-7.98713e-04	-8.29712e-03	8.297125e-03	
1188	9.150000e+00	-7.99366e-04	-8.34647e-03	8.346469e-03	
1189	9.200000e+00	-8.00019e-04	-8.39581e-03	8.395814e-03	
1190	9.250000e+00	-8.00670e-04	-8.44516e-03	8.445159e-03	
1191	9.300000e+00	-8.01320e-04	-8.49451e-03	8.494506e-03	
1192	9.350000e+00	-8.01969e-04	-8.54385e-03	8.543854e-03	
1193	9.400000e+00	-8.02618e-04	-8.59320e-03	8.593203e-03	
1194	9.450000e+00	-8.03265e-04	-8.64255e-03	8.642553e-03	
1195	9.500000e+00	-8.03911e-04	-8.69190e-03	8.691904e-03	
1196	9.550000e+00	-8.04556e-04	-8.74126e-03	8.741255e-03	
1197	9.600000e+00	-8.05201e-04	-8.79061e-03	8.790608e-03	
1198	9.650000e+00	-8.05844e-04	-8.83996e-03	8.839961e-03	
1199	9.700000e+00	-8.06486e-04	-8.88932e-03	8.889316e-03	
1200	9.750000e+00	-8.07128e-04	-8.93867e-03	8.938671e-03	
1201	9.800000e+00	-8.07769e-04	-8.98803e-03	8.988027e-03	
1202	9.850000e+00	-8.08408e-04	-9.03738e-03	9.037384e-03	
1203	9.900000e+00	-8.09047e-04	-9.08674e-03	9.086742e-03	
1204	9.950000e+00	-8.09685e-04	-9.13610e-03	9.136101e-03	
1205	1.000000e+01	-8.10322e-04	-9.18546e-03	9.185461e-03	
