* c:\users\mamat\esim-workspace\bjt_ce_config_input_char_ztx1048a\bjt_ce_config_input_char_ztx1048a.cir
DC transfer characteristic  Tue Jun 24 19:45:46  2025
--------------------------------------------------------------------------------
Index   v-sweep         v1#branch       v2#branch       v_u_ic1#branch  
--------------------------------------------------------------------------------
0	0.000000e+00	8.019925e-25	4.814864e-25	-4.81486e-25	
1	5.000000e-02	5.208366e-08	-5.43273e-08	5.432734e-08	
2	1.000000e-01	3.867414e-07	-4.18416e-07	4.184162e-07	
3	1.500000e-01	1.947650e-06	-2.55841e-06	2.558408e-06	
4	2.000000e-01	4.865499e-06	-1.13289e-05	1.132894e-05	
5	2.500000e-01	6.680581e-06	-3.24096e-05	3.240957e-05	
6	3.000000e-01	7.385912e-06	-6.40820e-05	6.408199e-05	
7	3.500000e-01	7.690743e-06	-1.01789e-04	1.017892e-04	
8	4.000000e-01	7.846309e-06	-1.42847e-04	1.428471e-04	
9	4.500000e-01	7.943584e-06	-1.85843e-04	1.858427e-04	
10	5.000000e-01	8.002213e-06	-2.30244e-04	2.302443e-04	
11	5.500000e-01	8.043483e-06	-2.75545e-04	2.755450e-04	
12	6.000000e-01	8.074777e-06	-3.21496e-04	3.214962e-04	
13	6.500000e-01	8.099048e-06	-3.67948e-04	3.679482e-04	
14	7.000000e-01	8.118396e-06	-4.14794e-04	4.147941e-04	
15	7.500000e-01	8.134223e-06	-4.61957e-04	4.619565e-04	
16	8.000000e-01	8.147448e-06	-5.09379e-04	5.093787e-04	
17	8.500000e-01	8.158701e-06	-5.57017e-04	5.570173e-04	
18	9.000000e-01	8.168424e-06	-6.04839e-04	6.048392e-04	
19	9.500000e-01	8.176940e-06	-6.52818e-04	6.528180e-04	
20	1.000000e+00	8.184486e-06	-7.00933e-04	7.009327e-04	
21	1.050000e+00	8.191242e-06	-7.49166e-04	7.491660e-04	
22	1.100000e+00	8.197347e-06	-7.97504e-04	7.975039e-04	
23	1.150000e+00	8.202909e-06	-8.45935e-04	8.459345e-04	
24	1.200000e+00	8.208012e-06	-8.94448e-04	8.944481e-04	
25	1.250000e+00	8.212726e-06	-9.43036e-04	9.430361e-04	
26	1.300000e+00	8.217107e-06	-9.91691e-04	9.916913e-04	
27	1.350000e+00	8.221200e-06	-1.04041e-03	1.040408e-03	
28	1.400000e+00	8.225043e-06	-1.08918e-03	1.089180e-03	
29	1.450000e+00	8.228666e-06	-1.13800e-03	1.138002e-03	
30	1.500000e+00	8.232097e-06	-1.18687e-03	1.186872e-03	
31	1.550000e+00	8.235358e-06	-1.23578e-03	1.235785e-03	
32	1.600000e+00	8.238468e-06	-1.28474e-03	1.284737e-03	
33	1.650000e+00	8.241443e-06	-1.33373e-03	1.333727e-03	
34	1.700000e+00	8.244297e-06	-1.38275e-03	1.382751e-03	
35	1.750000e+00	8.247042e-06	-1.43181e-03	1.431807e-03	
36	1.800000e+00	8.249689e-06	-1.48089e-03	1.480893e-03	
37	1.850000e+00	8.252248e-06	-1.53001e-03	1.530007e-03	
38	1.900000e+00	8.254726e-06	-1.57915e-03	1.579147e-03	
39	1.950000e+00	8.257130e-06	-1.62831e-03	1.628312e-03	
40	2.000000e+00	8.259467e-06	-1.67750e-03	1.677500e-03	
41	2.050000e+00	8.261742e-06	-1.72671e-03	1.726710e-03	
42	2.100000e+00	8.263961e-06	-1.77594e-03	1.775941e-03	
43	2.150000e+00	8.266128e-06	-1.82519e-03	1.825191e-03	
44	2.200000e+00	8.268247e-06	-1.87446e-03	1.874460e-03	
45	2.250000e+00	8.270322e-06	-1.92375e-03	1.923747e-03	
46	2.300000e+00	8.272355e-06	-1.97305e-03	1.973051e-03	
47	2.350000e+00	8.274351e-06	-2.02237e-03	2.022370e-03	
48	2.400000e+00	8.276311e-06	-2.07171e-03	2.071705e-03	
49	2.450000e+00	8.278237e-06	-2.12105e-03	2.121055e-03	
50	2.500000e+00	8.280133e-06	-2.17042e-03	2.170418e-03	
51	2.550000e+00	8.282000e-06	-2.21979e-03	2.219794e-03	
52	2.600000e+00	8.283840e-06	-2.26918e-03	2.269183e-03	
53	2.650000e+00	8.285655e-06	-2.31858e-03	2.318584e-03	
54	2.700000e+00	8.287446e-06	-2.36800e-03	2.367997e-03	

Index   v-sweep         v1#branch       v2#branch       v_u_ic1#branch  
--------------------------------------------------------------------------------
55	2.750000e+00	8.289215e-06	-2.41742e-03	2.417421e-03	
56	2.800000e+00	8.290962e-06	-2.46686e-03	2.466856e-03	
57	2.850000e+00	8.292690e-06	-2.51630e-03	2.516301e-03	
58	2.900000e+00	8.294399e-06	-2.56576e-03	2.565756e-03	
59	2.950000e+00	8.296091e-06	-2.61522e-03	2.615220e-03	
60	3.000000e+00	8.297766e-06	-2.66469e-03	2.664694e-03	
61	3.050000e+00	8.299425e-06	-2.71418e-03	2.714176e-03	
62	3.100000e+00	8.301069e-06	-2.76367e-03	2.763667e-03	
63	3.150000e+00	8.302698e-06	-2.81317e-03	2.813166e-03	
64	3.200000e+00	8.304315e-06	-2.86267e-03	2.862674e-03	
65	3.250000e+00	8.305918e-06	-2.91219e-03	2.912188e-03	
66	3.300000e+00	8.307509e-06	-2.96171e-03	2.961711e-03	
67	3.350000e+00	8.309089e-06	-3.01124e-03	3.011240e-03	
68	3.400000e+00	8.310657e-06	-3.06078e-03	3.060776e-03	
69	3.450000e+00	8.312215e-06	-3.11032e-03	3.110319e-03	
70	3.500000e+00	8.313763e-06	-3.15987e-03	3.159869e-03	
71	3.550000e+00	8.315301e-06	-3.20942e-03	3.209425e-03	
72	3.600000e+00	8.316830e-06	-3.25899e-03	3.258987e-03	
73	3.650000e+00	8.318351e-06	-3.30855e-03	3.308555e-03	
74	3.700000e+00	8.319862e-06	-3.35813e-03	3.358129e-03	
75	3.750000e+00	8.321366e-06	-3.40771e-03	3.407708e-03	
76	3.800000e+00	8.322862e-06	-3.45729e-03	3.457293e-03	
77	3.850000e+00	8.324350e-06	-3.50688e-03	3.506883e-03	
78	3.900000e+00	8.325831e-06	-3.55648e-03	3.556478e-03	
79	3.950000e+00	8.327306e-06	-3.60608e-03	3.606078e-03	
80	4.000000e+00	8.328774e-06	-3.65568e-03	3.655683e-03	
81	4.050000e+00	8.330235e-06	-3.70529e-03	3.705293e-03	
82	4.100000e+00	8.331691e-06	-3.75491e-03	3.754907e-03	
83	4.150000e+00	8.333140e-06	-3.80453e-03	3.804526e-03	
84	4.200000e+00	8.334584e-06	-3.85415e-03	3.854150e-03	
85	4.250000e+00	8.336022e-06	-3.90378e-03	3.903777e-03	
86	4.300000e+00	8.337455e-06	-3.95341e-03	3.953409e-03	
87	4.350000e+00	8.338883e-06	-4.00304e-03	4.003044e-03	
88	4.400000e+00	8.340306e-06	-4.05268e-03	4.052684e-03	
89	4.450000e+00	8.341724e-06	-4.10233e-03	4.102328e-03	
90	4.500000e+00	8.343138e-06	-4.15197e-03	4.151975e-03	
91	4.550000e+00	8.344547e-06	-4.20163e-03	4.201626e-03	
92	4.600000e+00	8.345952e-06	-4.25128e-03	4.251280e-03	
93	4.650000e+00	8.347353e-06	-4.30094e-03	4.300939e-03	
94	4.700000e+00	8.348750e-06	-4.35060e-03	4.350600e-03	
95	4.750000e+00	8.350142e-06	-4.40026e-03	4.400265e-03	
96	4.800000e+00	8.351531e-06	-4.44993e-03	4.449933e-03	
97	4.850000e+00	8.352917e-06	-4.49960e-03	4.499604e-03	
98	4.900000e+00	8.354299e-06	-4.54928e-03	4.549279e-03	
99	4.950000e+00	8.355677e-06	-4.59896e-03	4.598956e-03	
100	5.000000e+00	8.357052e-06	-4.64864e-03	4.648637e-03	
101	5.050000e+00	8.358424e-06	-4.69832e-03	4.698320e-03	
102	5.100000e+00	8.359792e-06	-4.74801e-03	4.748007e-03	
103	5.150000e+00	8.361158e-06	-4.79770e-03	4.797696e-03	
104	5.200000e+00	8.362520e-06	-4.84739e-03	4.847388e-03	
105	5.250000e+00	8.363880e-06	-4.89708e-03	4.897082e-03	
106	5.300000e+00	8.365236e-06	-4.94678e-03	4.946780e-03	
107	5.350000e+00	8.366590e-06	-4.99648e-03	4.996480e-03	
108	5.400000e+00	8.367942e-06	-5.04618e-03	5.046182e-03	
109	5.450000e+00	8.369290e-06	-5.09589e-03	5.095887e-03	
110	5.500000e+00	8.370636e-06	-5.14559e-03	5.145594e-03	
111	5.550000e+00	8.371980e-06	-5.19530e-03	5.195304e-03	
112	5.600000e+00	8.373321e-06	-5.24502e-03	5.245016e-03	

Index   v-sweep         v1#branch       v2#branch       v_u_ic1#branch  
--------------------------------------------------------------------------------
113	5.650000e+00	8.374660e-06	-5.29473e-03	5.294731e-03	
114	5.700000e+00	8.375996e-06	-5.34445e-03	5.344447e-03	
115	5.750000e+00	8.377331e-06	-5.39417e-03	5.394166e-03	
116	5.800000e+00	8.378663e-06	-5.44389e-03	5.443888e-03	
117	5.850000e+00	8.379992e-06	-5.49361e-03	5.493611e-03	
118	5.900000e+00	8.381320e-06	-5.54334e-03	5.543336e-03	
119	5.950000e+00	8.382646e-06	-5.59306e-03	5.593064e-03	
120	6.000000e+00	8.383970e-06	-5.64279e-03	5.642793e-03	
121	6.050000e+00	8.385291e-06	-5.69252e-03	5.692525e-03	
122	6.100000e+00	8.386611e-06	-5.74226e-03	5.742258e-03	
123	6.150000e+00	8.387929e-06	-5.79199e-03	5.791994e-03	
124	6.200000e+00	8.389245e-06	-5.84173e-03	5.841731e-03	
125	6.250000e+00	8.390559e-06	-5.89147e-03	5.891470e-03	
126	6.300000e+00	8.391872e-06	-5.94121e-03	5.941211e-03	
127	6.350000e+00	8.393183e-06	-5.99095e-03	5.990954e-03	
128	6.400000e+00	8.394492e-06	-6.04070e-03	6.040698e-03	
129	6.450000e+00	8.395799e-06	-6.09044e-03	6.090445e-03	
130	6.500000e+00	8.397105e-06	-6.14019e-03	6.140193e-03	
131	6.550000e+00	8.398409e-06	-6.18994e-03	6.189943e-03	
132	6.600000e+00	8.399712e-06	-6.23969e-03	6.239694e-03	
133	6.650000e+00	8.401013e-06	-6.28945e-03	6.289447e-03	
134	6.700000e+00	8.402312e-06	-6.33920e-03	6.339202e-03	
135	6.750000e+00	8.403611e-06	-6.38896e-03	6.388958e-03	
136	6.800000e+00	8.404907e-06	-6.43872e-03	6.438716e-03	
137	6.850000e+00	8.406202e-06	-6.48848e-03	6.488475e-03	
138	6.900000e+00	8.407496e-06	-6.53824e-03	6.538236e-03	
139	6.950000e+00	8.408789e-06	-6.58800e-03	6.587998e-03	
140	7.000000e+00	8.410080e-06	-6.63776e-03	6.637762e-03	
141	7.050000e+00	8.411370e-06	-6.68753e-03	6.687527e-03	
142	7.100000e+00	8.412658e-06	-6.73729e-03	6.737294e-03	
143	7.150000e+00	8.413945e-06	-6.78706e-03	6.787062e-03	
144	7.200000e+00	8.415231e-06	-6.83683e-03	6.836832e-03	
145	7.250000e+00	8.416516e-06	-6.88660e-03	6.886602e-03	
146	7.300000e+00	8.417799e-06	-6.93637e-03	6.936375e-03	
147	7.350000e+00	8.419081e-06	-6.98615e-03	6.986148e-03	
148	7.400000e+00	8.420363e-06	-7.03592e-03	7.035923e-03	
149	7.450000e+00	8.421642e-06	-7.08570e-03	7.085699e-03	
150	7.500000e+00	8.422921e-06	-7.13548e-03	7.135477e-03	
151	7.550000e+00	8.424199e-06	-7.18526e-03	7.185255e-03	
152	7.600000e+00	8.425475e-06	-7.23504e-03	7.235035e-03	
153	7.650000e+00	8.426751e-06	-7.28482e-03	7.284816e-03	
154	7.700000e+00	8.428025e-06	-7.33460e-03	7.334598e-03	
155	7.750000e+00	8.429298e-06	-7.38438e-03	7.384382e-03	
156	7.800000e+00	8.430570e-06	-7.43417e-03	7.434167e-03	
157	7.850000e+00	8.431842e-06	-7.48395e-03	7.483952e-03	
158	7.900000e+00	8.433112e-06	-7.53374e-03	7.533739e-03	
159	7.950000e+00	8.434381e-06	-7.58353e-03	7.583528e-03	
160	8.000000e+00	8.435649e-06	-7.63332e-03	7.633317e-03	
161	8.050000e+00	8.436916e-06	-7.68311e-03	7.683107e-03	
162	8.100000e+00	8.438182e-06	-7.73290e-03	7.732898e-03	
163	8.150000e+00	8.439447e-06	-7.78269e-03	7.782691e-03	
164	8.200000e+00	8.440712e-06	-7.83248e-03	7.832484e-03	
165	8.250000e+00	8.441975e-06	-7.88228e-03	7.882279e-03	
166	8.300000e+00	8.443238e-06	-7.93207e-03	7.932074e-03	
167	8.350000e+00	8.444499e-06	-7.98187e-03	7.981871e-03	
168	8.400000e+00	8.445760e-06	-8.03167e-03	8.031669e-03	
169	8.450000e+00	8.447019e-06	-8.08147e-03	8.081467e-03	
170	8.500000e+00	8.448278e-06	-8.13127e-03	8.131267e-03	

Index   v-sweep         v1#branch       v2#branch       v_u_ic1#branch  
--------------------------------------------------------------------------------
171	8.550000e+00	8.449536e-06	-8.18107e-03	8.181067e-03	
172	8.600000e+00	8.450793e-06	-8.23087e-03	8.230869e-03	
173	8.650000e+00	8.452050e-06	-8.28067e-03	8.280671e-03	
174	8.700000e+00	8.453305e-06	-8.33047e-03	8.330475e-03	
175	8.750000e+00	8.454560e-06	-8.38028e-03	8.380279e-03	
176	8.800000e+00	8.455814e-06	-8.43008e-03	8.430084e-03	
177	8.850000e+00	8.457067e-06	-8.47989e-03	8.479890e-03	
178	8.900000e+00	8.458319e-06	-8.52970e-03	8.529697e-03	
179	8.950000e+00	8.459570e-06	-8.57951e-03	8.579505e-03	
180	9.000000e+00	8.460821e-06	-8.62931e-03	8.629314e-03	
181	9.050000e+00	8.462071e-06	-8.67912e-03	8.679123e-03	
182	9.100000e+00	8.463320e-06	-8.72893e-03	8.728934e-03	
183	9.150000e+00	8.464568e-06	-8.77875e-03	8.778745e-03	
184	9.200000e+00	8.465816e-06	-8.82856e-03	8.828557e-03	
185	9.250000e+00	8.467063e-06	-8.87837e-03	8.878370e-03	
186	9.300000e+00	8.468309e-06	-8.92818e-03	8.928184e-03	
187	9.350000e+00	8.469554e-06	-8.97800e-03	8.977998e-03	
188	9.400000e+00	8.470799e-06	-9.02781e-03	9.027814e-03	
189	9.450000e+00	8.472043e-06	-9.07763e-03	9.077630e-03	
190	9.500000e+00	8.473286e-06	-9.12745e-03	9.127447e-03	
191	9.550000e+00	8.474529e-06	-9.17726e-03	9.177265e-03	
192	9.600000e+00	8.475771e-06	-9.22708e-03	9.227083e-03	
193	9.650000e+00	8.477012e-06	-9.27690e-03	9.276902e-03	
194	9.700000e+00	8.478253e-06	-9.32672e-03	9.326722e-03	
195	9.750000e+00	8.479492e-06	-9.37654e-03	9.376543e-03	
196	9.800000e+00	8.480732e-06	-9.42636e-03	9.426364e-03	
197	9.850000e+00	8.481970e-06	-9.47619e-03	9.476186e-03	
198	9.900000e+00	8.483208e-06	-9.52601e-03	9.526009e-03	
199	9.950000e+00	8.484445e-06	-9.57583e-03	9.575833e-03	
200	1.000000e+01	8.485682e-06	-9.62566e-03	9.625657e-03	
201	0.000000e+00	-3.26580e-08	8.929662e-09	-8.92966e-09	
202	5.000000e-02	-1.72786e-07	7.010001e-09	-7.01000e-09	
203	1.000000e-01	-1.14065e-06	-6.24848e-09	6.248475e-09	
204	1.500000e-01	-7.80249e-06	-9.75076e-08	9.750757e-08	
205	2.000000e-01	-5.25936e-05	-7.11122e-07	7.111215e-07	
206	2.500000e-01	-3.16026e-04	-4.32111e-06	4.321110e-06	
207	3.000000e-01	-1.29606e-03	-1.77679e-05	1.776787e-05	
208	3.500000e-01	-3.21670e-03	-4.41967e-05	4.419669e-05	
209	4.000000e-01	-5.74173e-03	-7.90953e-05	7.909535e-05	
210	4.500000e-01	-8.58490e-03	-1.18601e-04	1.186014e-04	
211	5.000000e-01	-1.15915e-02	-1.60598e-04	1.605983e-04	
212	5.500000e-01	-1.47059e-02	-2.04387e-04	2.043873e-04	
213	6.000000e-01	-1.78774e-02	-2.49257e-04	2.492571e-04	
214	6.500000e-01	-1.98422e-02	-2.96405e-04	2.964053e-04	
215	7.000000e-01	-1.98748e-02	-3.46099e-04	3.460994e-04	
216	7.500000e-01	-1.98886e-02	-3.95819e-04	3.958192e-04	
217	8.000000e-01	-1.98975e-02	-4.45547e-04	4.455472e-04	
218	8.500000e-01	-1.99040e-02	-4.95280e-04	4.952802e-04	
219	9.000000e-01	-1.99091e-02	-5.45017e-04	5.450167e-04	
220	9.500000e-01	-1.99133e-02	-5.94756e-04	5.947562e-04	
221	1.000000e+00	-1.99168e-02	-6.44498e-04	6.444983e-04	
222	1.050000e+00	-1.99199e-02	-6.94243e-04	6.942427e-04	
223	1.100000e+00	-1.99226e-02	-7.43989e-04	7.439893e-04	
224	1.150000e+00	-1.99250e-02	-7.93738e-04	7.937380e-04	
225	1.200000e+00	-1.99272e-02	-8.43489e-04	8.434886e-04	
226	1.250000e+00	-1.99291e-02	-8.93241e-04	8.932411e-04	
227	1.300000e+00	-1.99310e-02	-9.42995e-04	9.429953e-04	
228	1.350000e+00	-1.99326e-02	-9.92751e-04	9.927514e-04	

Index   v-sweep         v1#branch       v2#branch       v_u_ic1#branch  
--------------------------------------------------------------------------------
229	1.400000e+00	-1.99342e-02	-1.04251e-03	1.042509e-03	
230	1.450000e+00	-1.99356e-02	-1.09227e-03	1.092269e-03	
231	1.500000e+00	-1.99369e-02	-1.14203e-03	1.142030e-03	
232	1.550000e+00	-1.99382e-02	-1.19179e-03	1.191792e-03	
233	1.600000e+00	-1.99393e-02	-1.24156e-03	1.241556e-03	
234	1.650000e+00	-1.99405e-02	-1.29132e-03	1.291322e-03	
235	1.700000e+00	-1.99415e-02	-1.34109e-03	1.341089e-03	
236	1.750000e+00	-1.99425e-02	-1.39086e-03	1.390858e-03	
237	1.800000e+00	-1.99434e-02	-1.44063e-03	1.440628e-03	
238	1.850000e+00	-1.99443e-02	-1.49040e-03	1.490399e-03	
239	1.900000e+00	-1.99452e-02	-1.54017e-03	1.540172e-03	
240	1.950000e+00	-1.99460e-02	-1.58995e-03	1.589946e-03	
241	2.000000e+00	-1.99468e-02	-1.63972e-03	1.639722e-03	
242	2.050000e+00	-1.99475e-02	-1.68950e-03	1.689499e-03	
243	2.100000e+00	-1.99482e-02	-1.73928e-03	1.739277e-03	
244	2.150000e+00	-1.99489e-02	-1.78906e-03	1.789056e-03	
245	2.200000e+00	-1.99496e-02	-1.83884e-03	1.838837e-03	
246	2.250000e+00	-1.99502e-02	-1.88862e-03	1.888619e-03	
247	2.300000e+00	-1.99508e-02	-1.93840e-03	1.938402e-03	
248	2.350000e+00	-1.99514e-02	-1.98819e-03	1.988186e-03	
249	2.400000e+00	-1.99520e-02	-2.03797e-03	2.037972e-03	
250	2.450000e+00	-1.99525e-02	-2.08776e-03	2.087758e-03	
251	2.500000e+00	-1.99531e-02	-2.13755e-03	2.137546e-03	
252	2.550000e+00	-1.99536e-02	-2.18734e-03	2.187335e-03	
253	2.600000e+00	-1.99541e-02	-2.23713e-03	2.237125e-03	
254	2.650000e+00	-1.99546e-02	-2.28692e-03	2.286916e-03	
255	2.700000e+00	-1.99550e-02	-2.33671e-03	2.336709e-03	
256	2.750000e+00	-1.99555e-02	-2.38650e-03	2.386502e-03	
257	2.800000e+00	-1.99559e-02	-2.43630e-03	2.436296e-03	
258	2.850000e+00	-1.99563e-02	-2.48609e-03	2.486092e-03	
259	2.900000e+00	-1.99568e-02	-2.53589e-03	2.535888e-03	
260	2.950000e+00	-1.99572e-02	-2.58569e-03	2.585686e-03	
261	3.000000e+00	-1.99576e-02	-2.63548e-03	2.635484e-03	
262	3.050000e+00	-1.99579e-02	-2.68528e-03	2.685283e-03	
263	3.100000e+00	-1.99583e-02	-2.73508e-03	2.735084e-03	
264	3.150000e+00	-1.99587e-02	-2.78489e-03	2.784885e-03	
265	3.200000e+00	-1.99590e-02	-2.83469e-03	2.834688e-03	
266	3.250000e+00	-1.99594e-02	-2.88449e-03	2.884491e-03	
267	3.300000e+00	-1.99597e-02	-2.93430e-03	2.934295e-03	
268	3.350000e+00	-1.99600e-02	-2.98410e-03	2.984100e-03	
269	3.400000e+00	-1.99603e-02	-3.03391e-03	3.033906e-03	
270	3.450000e+00	-1.99606e-02	-3.08371e-03	3.083713e-03	
271	3.500000e+00	-1.99609e-02	-3.13352e-03	3.133521e-03	
272	3.550000e+00	-1.99612e-02	-3.18333e-03	3.183330e-03	
273	3.600000e+00	-1.99615e-02	-3.23314e-03	3.233139e-03	
274	3.650000e+00	-1.99618e-02	-3.28295e-03	3.282950e-03	
275	3.700000e+00	-1.99621e-02	-3.33276e-03	3.332761e-03	
276	3.750000e+00	-1.99624e-02	-3.38257e-03	3.382573e-03	
277	3.800000e+00	-1.99626e-02	-3.43239e-03	3.432386e-03	
278	3.850000e+00	-1.99629e-02	-3.48220e-03	3.482200e-03	
279	3.900000e+00	-1.99631e-02	-3.53201e-03	3.532014e-03	
280	3.950000e+00	-1.99634e-02	-3.58183e-03	3.581830e-03	
281	4.000000e+00	-1.99636e-02	-3.63165e-03	3.631646e-03	
282	4.050000e+00	-1.99639e-02	-3.68146e-03	3.681463e-03	
283	4.100000e+00	-1.99641e-02	-3.73128e-03	3.731281e-03	
284	4.150000e+00	-1.99643e-02	-3.78110e-03	3.781099e-03	
285	4.200000e+00	-1.99646e-02	-3.83092e-03	3.830918e-03	
286	4.250000e+00	-1.99648e-02	-3.88074e-03	3.880738e-03	

Index   v-sweep         v1#branch       v2#branch       v_u_ic1#branch  
--------------------------------------------------------------------------------
287	4.300000e+00	-1.99650e-02	-3.93056e-03	3.930559e-03	
288	4.350000e+00	-1.99652e-02	-3.98038e-03	3.980380e-03	
289	4.400000e+00	-1.99654e-02	-4.03020e-03	4.030203e-03	
290	4.450000e+00	-1.99656e-02	-4.08003e-03	4.080025e-03	
291	4.500000e+00	-1.99658e-02	-4.12985e-03	4.129849e-03	
292	4.550000e+00	-1.99660e-02	-4.17967e-03	4.179673e-03	
293	4.600000e+00	-1.99662e-02	-4.22950e-03	4.229498e-03	
294	4.650000e+00	-1.99664e-02	-4.27932e-03	4.279324e-03	
295	4.700000e+00	-1.99666e-02	-4.32915e-03	4.329150e-03	
296	4.750000e+00	-1.99668e-02	-4.37898e-03	4.378977e-03	
297	4.800000e+00	-1.99670e-02	-4.42881e-03	4.428805e-03	
298	4.850000e+00	-1.99671e-02	-4.47863e-03	4.478633e-03	
299	4.900000e+00	-1.99673e-02	-4.52846e-03	4.528462e-03	
300	4.950000e+00	-1.99675e-02	-4.57829e-03	4.578292e-03	
301	5.000000e+00	-1.99676e-02	-4.62812e-03	4.628122e-03	
302	5.050000e+00	-1.99678e-02	-4.67795e-03	4.677953e-03	
303	5.100000e+00	-1.99680e-02	-4.72778e-03	4.727785e-03	
304	5.150000e+00	-1.99681e-02	-4.77762e-03	4.777617e-03	
305	5.200000e+00	-1.99683e-02	-4.82745e-03	4.827450e-03	
306	5.250000e+00	-1.99685e-02	-4.87728e-03	4.877283e-03	
307	5.300000e+00	-1.99686e-02	-4.92712e-03	4.927117e-03	
308	5.350000e+00	-1.99688e-02	-4.97695e-03	4.976952e-03	
309	5.400000e+00	-1.99689e-02	-5.02679e-03	5.026787e-03	
310	5.450000e+00	-1.99690e-02	-5.07662e-03	5.076623e-03	
311	5.500000e+00	-1.99692e-02	-5.12646e-03	5.126459e-03	
312	5.550000e+00	-1.99693e-02	-5.17630e-03	5.176296e-03	
313	5.600000e+00	-1.99695e-02	-5.22613e-03	5.226133e-03	
314	5.650000e+00	-1.99696e-02	-5.27597e-03	5.275971e-03	
315	5.700000e+00	-1.99697e-02	-5.32581e-03	5.325810e-03	
316	5.750000e+00	-1.99699e-02	-5.37565e-03	5.375649e-03	
317	5.800000e+00	-1.99700e-02	-5.42549e-03	5.425489e-03	
318	5.850000e+00	-1.99701e-02	-5.47533e-03	5.475329e-03	
319	5.900000e+00	-1.99703e-02	-5.52517e-03	5.525170e-03	
320	5.950000e+00	-1.99704e-02	-5.57501e-03	5.575011e-03	
321	6.000000e+00	-1.99705e-02	-5.62485e-03	5.624853e-03	
322	6.050000e+00	-1.99706e-02	-5.67470e-03	5.674695e-03	
323	6.100000e+00	-1.99708e-02	-5.72454e-03	5.724538e-03	
324	6.150000e+00	-1.99709e-02	-5.77438e-03	5.774382e-03	
325	6.200000e+00	-1.99710e-02	-5.82423e-03	5.824226e-03	
326	6.250000e+00	-1.99711e-02	-5.87407e-03	5.874070e-03	
327	6.300000e+00	-1.99712e-02	-5.92391e-03	5.923915e-03	
328	6.350000e+00	-1.99713e-02	-5.97376e-03	5.973760e-03	
329	6.400000e+00	-1.99715e-02	-6.02361e-03	6.023606e-03	
330	6.450000e+00	-1.99716e-02	-6.07345e-03	6.073453e-03	
331	6.500000e+00	-1.99717e-02	-6.12330e-03	6.123300e-03	
332	6.550000e+00	-1.99718e-02	-6.17315e-03	6.173147e-03	
333	6.600000e+00	-1.99719e-02	-6.22299e-03	6.222995e-03	
334	6.650000e+00	-1.99720e-02	-6.27284e-03	6.272843e-03	
335	6.700000e+00	-1.99721e-02	-6.32269e-03	6.322692e-03	
336	6.750000e+00	-1.99722e-02	-6.37254e-03	6.372541e-03	
337	6.800000e+00	-1.99723e-02	-6.42239e-03	6.422391e-03	
338	6.850000e+00	-1.99724e-02	-6.47224e-03	6.472241e-03	
339	6.900000e+00	-1.99725e-02	-6.52209e-03	6.522092e-03	
340	6.950000e+00	-1.99726e-02	-6.57194e-03	6.571943e-03	
341	7.000000e+00	-1.99727e-02	-6.62179e-03	6.621794e-03	
342	7.050000e+00	-1.99728e-02	-6.67165e-03	6.671646e-03	
343	7.100000e+00	-1.99729e-02	-6.72150e-03	6.721498e-03	
344	7.150000e+00	-1.99730e-02	-6.77135e-03	6.771351e-03	

Index   v-sweep         v1#branch       v2#branch       v_u_ic1#branch  
--------------------------------------------------------------------------------
345	7.200000e+00	-1.99731e-02	-6.82120e-03	6.821205e-03	
346	7.250000e+00	-1.99732e-02	-6.87106e-03	6.871058e-03	
347	7.300000e+00	-1.99732e-02	-6.92091e-03	6.920912e-03	
348	7.350000e+00	-1.99733e-02	-6.97077e-03	6.970767e-03	
349	7.400000e+00	-1.99734e-02	-7.02062e-03	7.020622e-03	
350	7.450000e+00	-1.99735e-02	-7.07048e-03	7.070477e-03	
351	7.500000e+00	-1.99736e-02	-7.12033e-03	7.120333e-03	
352	7.550000e+00	-1.99737e-02	-7.17019e-03	7.170189e-03	
353	7.600000e+00	-1.99738e-02	-7.22005e-03	7.220046e-03	
354	7.650000e+00	-1.99738e-02	-7.26990e-03	7.269903e-03	
355	7.700000e+00	-1.99739e-02	-7.31976e-03	7.319760e-03	
356	7.750000e+00	-1.99740e-02	-7.36962e-03	7.369618e-03	
357	7.800000e+00	-1.99741e-02	-7.41948e-03	7.419476e-03	
358	7.850000e+00	-1.99742e-02	-7.46933e-03	7.469334e-03	
359	7.900000e+00	-1.99742e-02	-7.51919e-03	7.519193e-03	
360	7.950000e+00	-1.99743e-02	-7.56905e-03	7.569053e-03	
361	8.000000e+00	-1.99744e-02	-7.61891e-03	7.618912e-03	
362	8.050000e+00	-1.99745e-02	-7.66877e-03	7.668772e-03	
363	8.100000e+00	-1.99745e-02	-7.71863e-03	7.718633e-03	
364	8.150000e+00	-1.99746e-02	-7.76849e-03	7.768493e-03	
365	8.200000e+00	-1.99747e-02	-7.81835e-03	7.818355e-03	
366	8.250000e+00	-1.99748e-02	-7.86822e-03	7.868216e-03	
367	8.300000e+00	-1.99748e-02	-7.91808e-03	7.918078e-03	
368	8.350000e+00	-1.99749e-02	-7.96794e-03	7.967940e-03	
369	8.400000e+00	-1.99750e-02	-8.01780e-03	8.017803e-03	
370	8.450000e+00	-1.99750e-02	-8.06767e-03	8.067666e-03	
371	8.500000e+00	-1.99751e-02	-8.11753e-03	8.117529e-03	
372	8.550000e+00	-1.99752e-02	-8.16739e-03	8.167393e-03	
373	8.600000e+00	-1.99752e-02	-8.21726e-03	8.217257e-03	
374	8.650000e+00	-1.99753e-02	-8.26712e-03	8.267121e-03	
375	8.700000e+00	-1.99754e-02	-8.31699e-03	8.316986e-03	
376	8.750000e+00	-1.99754e-02	-8.36685e-03	8.366851e-03	
377	8.800000e+00	-1.99755e-02	-8.41672e-03	8.416716e-03	
378	8.850000e+00	-1.99756e-02	-8.46658e-03	8.466582e-03	
379	8.900000e+00	-1.99756e-02	-8.51645e-03	8.516448e-03	
380	8.950000e+00	-1.99757e-02	-8.56631e-03	8.566314e-03	
381	9.000000e+00	-1.99758e-02	-8.61618e-03	8.616181e-03	
382	9.050000e+00	-1.99758e-02	-8.66605e-03	8.666048e-03	
383	9.100000e+00	-1.99759e-02	-8.71592e-03	8.715915e-03	
384	9.150000e+00	-1.99759e-02	-8.76578e-03	8.765783e-03	
385	9.200000e+00	-1.99760e-02	-8.81565e-03	8.815651e-03	
386	9.250000e+00	-1.99761e-02	-8.86552e-03	8.865519e-03	
387	9.300000e+00	-1.99761e-02	-8.91539e-03	8.915388e-03	
388	9.350000e+00	-1.99762e-02	-8.96526e-03	8.965257e-03	
389	9.400000e+00	-1.99762e-02	-9.01513e-03	9.015126e-03	
390	9.450000e+00	-1.99763e-02	-9.06500e-03	9.064996e-03	
391	9.500000e+00	-1.99764e-02	-9.11487e-03	9.114865e-03	
392	9.550000e+00	-1.99764e-02	-9.16474e-03	9.164736e-03	
393	9.600000e+00	-1.99765e-02	-9.21461e-03	9.214606e-03	
394	9.650000e+00	-1.99765e-02	-9.26448e-03	9.264477e-03	
395	9.700000e+00	-1.99766e-02	-9.31435e-03	9.314348e-03	
396	9.750000e+00	-1.99766e-02	-9.36422e-03	9.364219e-03	
397	9.800000e+00	-1.99767e-02	-9.41409e-03	9.414091e-03	
398	9.850000e+00	-1.99767e-02	-9.46396e-03	9.463963e-03	
399	9.900000e+00	-1.99768e-02	-9.51383e-03	9.513835e-03	
400	9.950000e+00	-1.99768e-02	-9.56371e-03	9.563707e-03	
401	1.000000e+01	-1.99769e-02	-9.61358e-03	9.613580e-03	
402	0.000000e+00	-3.26980e-08	8.949662e-09	-8.94966e-09	

Index   v-sweep         v1#branch       v2#branch       v_u_ic1#branch  
--------------------------------------------------------------------------------
403	5.000000e-02	-1.72826e-07	7.029999e-09	-7.03000e-09	
404	1.000000e-01	-1.14069e-06	-6.22849e-09	6.228487e-09	
405	1.500000e-01	-7.80254e-06	-9.74877e-08	9.748765e-08	
406	2.000000e-01	-5.25937e-05	-7.11102e-07	7.111021e-07	
407	2.500000e-01	-3.16026e-04	-4.32109e-06	4.321093e-06	
408	3.000000e-01	-1.29606e-03	-1.77679e-05	1.776786e-05	
409	3.500000e-01	-3.21670e-03	-4.41967e-05	4.419668e-05	
410	4.000000e-01	-5.74173e-03	-7.90953e-05	7.909534e-05	
411	4.500000e-01	-8.58490e-03	-1.18601e-04	1.186014e-04	
412	5.000000e-01	-1.15915e-02	-1.60598e-04	1.605983e-04	
413	5.500000e-01	-1.47059e-02	-2.04387e-04	2.043873e-04	
414	6.000000e-01	-1.78774e-02	-2.49257e-04	2.492571e-04	
415	6.500000e-01	-2.10830e-02	-2.94882e-04	2.948818e-04	
416	7.000000e-01	-2.43090e-02	-3.41082e-04	3.410819e-04	
417	7.500000e-01	-2.75463e-02	-3.87729e-04	3.877286e-04	
418	8.000000e-01	-3.07882e-02	-4.34730e-04	4.347297e-04	
419	8.500000e-01	-3.40301e-02	-4.82019e-04	4.820187e-04	
420	9.000000e-01	-3.72687e-02	-5.29546e-04	5.295457e-04	
421	9.500000e-01	-3.98070e-02	-5.77714e-04	5.777137e-04	
422	1.000000e+00	-3.98513e-02	-6.27532e-04	6.275317e-04	
423	1.050000e+00	-3.98668e-02	-6.77369e-04	6.773688e-04	
424	1.100000e+00	-3.98763e-02	-7.27210e-04	7.272102e-04	
425	1.150000e+00	-3.98832e-02	-7.77054e-04	7.770537e-04	
426	1.200000e+00	-3.98887e-02	-8.26899e-04	8.268987e-04	
427	1.250000e+00	-3.98931e-02	-8.76745e-04	8.767448e-04	
428	1.300000e+00	-3.98968e-02	-9.26592e-04	9.265918e-04	
429	1.350000e+00	-3.99001e-02	-9.76440e-04	9.764396e-04	
430	1.400000e+00	-3.99029e-02	-1.02629e-03	1.026288e-03	
431	1.450000e+00	-3.99055e-02	-1.07614e-03	1.076137e-03	
432	1.500000e+00	-3.99078e-02	-1.12599e-03	1.125987e-03	
433	1.550000e+00	-3.99099e-02	-1.17584e-03	1.175837e-03	
434	1.600000e+00	-3.99118e-02	-1.22569e-03	1.225688e-03	
435	1.650000e+00	-3.99136e-02	-1.27554e-03	1.275540e-03	
436	1.700000e+00	-3.99153e-02	-1.32539e-03	1.325392e-03	
437	1.750000e+00	-3.99168e-02	-1.37524e-03	1.375244e-03	
438	1.800000e+00	-3.99183e-02	-1.42510e-03	1.425097e-03	
439	1.850000e+00	-3.99196e-02	-1.47495e-03	1.474950e-03	
440	1.900000e+00	-3.99209e-02	-1.52480e-03	1.524804e-03	
441	1.950000e+00	-3.99221e-02	-1.57466e-03	1.574659e-03	
442	2.000000e+00	-3.99233e-02	-1.62451e-03	1.624513e-03	
443	2.050000e+00	-3.99243e-02	-1.67437e-03	1.674369e-03	
444	2.100000e+00	-3.99254e-02	-1.72422e-03	1.724224e-03	
445	2.150000e+00	-3.99264e-02	-1.77408e-03	1.774080e-03	
446	2.200000e+00	-3.99273e-02	-1.82394e-03	1.823937e-03	
447	2.250000e+00	-3.99282e-02	-1.87379e-03	1.873794e-03	
448	2.300000e+00	-3.99291e-02	-1.92365e-03	1.923651e-03	
449	2.350000e+00	-3.99299e-02	-1.97351e-03	1.973509e-03	
450	2.400000e+00	-3.99307e-02	-2.02337e-03	2.023367e-03	
451	2.450000e+00	-3.99315e-02	-2.07323e-03	2.073226e-03	
452	2.500000e+00	-3.99322e-02	-2.12309e-03	2.123085e-03	
453	2.550000e+00	-3.99329e-02	-2.17294e-03	2.172944e-03	
454	2.600000e+00	-3.99336e-02	-2.22280e-03	2.222804e-03	
455	2.650000e+00	-3.99343e-02	-2.27266e-03	2.272664e-03	
456	2.700000e+00	-3.99350e-02	-2.32253e-03	2.322525e-03	
457	2.750000e+00	-3.99356e-02	-2.37239e-03	2.372386e-03	
458	2.800000e+00	-3.99362e-02	-2.42225e-03	2.422247e-03	
459	2.850000e+00	-3.99368e-02	-2.47211e-03	2.472109e-03	
460	2.900000e+00	-3.99373e-02	-2.52197e-03	2.521971e-03	

Index   v-sweep         v1#branch       v2#branch       v_u_ic1#branch  
--------------------------------------------------------------------------------
461	2.950000e+00	-3.99379e-02	-2.57183e-03	2.571834e-03	
462	3.000000e+00	-3.99384e-02	-2.62170e-03	2.621696e-03	
463	3.050000e+00	-3.99390e-02	-2.67156e-03	2.671559e-03	
464	3.100000e+00	-3.99395e-02	-2.72142e-03	2.721423e-03	
465	3.150000e+00	-3.99400e-02	-2.77129e-03	2.771287e-03	
466	3.200000e+00	-3.99405e-02	-2.82115e-03	2.821151e-03	
467	3.250000e+00	-3.99409e-02	-2.87102e-03	2.871016e-03	
468	3.300000e+00	-3.99414e-02	-2.92088e-03	2.920881e-03	
469	3.350000e+00	-3.99418e-02	-2.97075e-03	2.970746e-03	
470	3.400000e+00	-3.99423e-02	-3.02061e-03	3.020612e-03	
471	3.450000e+00	-3.99427e-02	-3.07048e-03	3.070477e-03	
472	3.500000e+00	-3.99431e-02	-3.12034e-03	3.120344e-03	
473	3.550000e+00	-3.99435e-02	-3.17021e-03	3.170210e-03	
474	3.600000e+00	-3.99439e-02	-3.22008e-03	3.220077e-03	
475	3.650000e+00	-3.99443e-02	-3.26994e-03	3.269945e-03	
476	3.700000e+00	-3.99447e-02	-3.31981e-03	3.319812e-03	
477	3.750000e+00	-3.99451e-02	-3.36968e-03	3.369680e-03	
478	3.800000e+00	-3.99454e-02	-3.41955e-03	3.419548e-03	
479	3.850000e+00	-3.99458e-02	-3.46942e-03	3.469417e-03	
480	3.900000e+00	-3.99461e-02	-3.51929e-03	3.519286e-03	
481	3.950000e+00	-3.99465e-02	-3.56915e-03	3.569155e-03	
482	4.000000e+00	-3.99468e-02	-3.61902e-03	3.619024e-03	
483	4.050000e+00	-3.99471e-02	-3.66889e-03	3.668894e-03	
484	4.100000e+00	-3.99475e-02	-3.71876e-03	3.718764e-03	
485	4.150000e+00	-3.99478e-02	-3.76863e-03	3.768635e-03	
486	4.200000e+00	-3.99481e-02	-3.81851e-03	3.818505e-03	
487	4.250000e+00	-3.99484e-02	-3.86838e-03	3.868377e-03	
488	4.300000e+00	-3.99487e-02	-3.91825e-03	3.918248e-03	
489	4.350000e+00	-3.99490e-02	-3.96812e-03	3.968119e-03	
490	4.400000e+00	-3.99493e-02	-4.01799e-03	4.017991e-03	
491	4.450000e+00	-3.99496e-02	-4.06786e-03	4.067864e-03	
492	4.500000e+00	-3.99498e-02	-4.11774e-03	4.117736e-03	
493	4.550000e+00	-3.99501e-02	-4.16761e-03	4.167609e-03	
494	4.600000e+00	-3.99504e-02	-4.21748e-03	4.217482e-03	
495	4.650000e+00	-3.99507e-02	-4.26736e-03	4.267355e-03	
496	4.700000e+00	-3.99509e-02	-4.31723e-03	4.317229e-03	
497	4.750000e+00	-3.99512e-02	-4.36710e-03	4.367103e-03	
498	4.800000e+00	-3.99514e-02	-4.41698e-03	4.416977e-03	
499	4.850000e+00	-3.99517e-02	-4.46685e-03	4.466851e-03	
500	4.900000e+00	-3.99519e-02	-4.51673e-03	4.516726e-03	
501	4.950000e+00	-3.99522e-02	-4.56660e-03	4.566601e-03	
502	5.000000e+00	-3.99524e-02	-4.61648e-03	4.616476e-03	
503	5.050000e+00	-3.99526e-02	-4.66635e-03	4.666352e-03	
504	5.100000e+00	-3.99529e-02	-4.71623e-03	4.716228e-03	
505	5.150000e+00	-3.99531e-02	-4.76610e-03	4.766104e-03	
506	5.200000e+00	-3.99533e-02	-4.81598e-03	4.815980e-03	
507	5.250000e+00	-3.99535e-02	-4.86586e-03	4.865857e-03	
508	5.300000e+00	-3.99537e-02	-4.91573e-03	4.915734e-03	
509	5.350000e+00	-3.99539e-02	-4.96561e-03	4.965611e-03	
510	5.400000e+00	-3.99542e-02	-5.01549e-03	5.015488e-03	
511	5.450000e+00	-3.99544e-02	-5.06537e-03	5.065366e-03	
512	5.500000e+00	-3.99546e-02	-5.11524e-03	5.115244e-03	
513	5.550000e+00	-3.99548e-02	-5.16512e-03	5.165122e-03	
514	5.600000e+00	-3.99550e-02	-5.21500e-03	5.215000e-03	
515	5.650000e+00	-3.99552e-02	-5.26488e-03	5.264879e-03	
516	5.700000e+00	-3.99554e-02	-5.31476e-03	5.314758e-03	
517	5.750000e+00	-3.99555e-02	-5.36464e-03	5.364637e-03	
518	5.800000e+00	-3.99557e-02	-5.41452e-03	5.414516e-03	

Index   v-sweep         v1#branch       v2#branch       v_u_ic1#branch  
--------------------------------------------------------------------------------
519	5.850000e+00	-3.99559e-02	-5.46440e-03	5.464396e-03	
520	5.900000e+00	-3.99561e-02	-5.51428e-03	5.514276e-03	
521	5.950000e+00	-3.99563e-02	-5.56416e-03	5.564156e-03	
522	6.000000e+00	-3.99565e-02	-5.61404e-03	5.614036e-03	
523	6.050000e+00	-3.99566e-02	-5.66392e-03	5.663917e-03	
524	6.100000e+00	-3.99568e-02	-5.71380e-03	5.713797e-03	
525	6.150000e+00	-3.99570e-02	-5.76368e-03	5.763678e-03	
526	6.200000e+00	-3.99571e-02	-5.81356e-03	5.813560e-03	
527	6.250000e+00	-3.99573e-02	-5.86344e-03	5.863441e-03	
528	6.300000e+00	-3.99575e-02	-5.91332e-03	5.913323e-03	
529	6.350000e+00	-3.99576e-02	-5.96320e-03	5.963205e-03	
530	6.400000e+00	-3.99578e-02	-6.01309e-03	6.013087e-03	
531	6.450000e+00	-3.99580e-02	-6.06297e-03	6.062969e-03	
532	6.500000e+00	-3.99581e-02	-6.11285e-03	6.112852e-03	
533	6.550000e+00	-3.99583e-02	-6.16273e-03	6.162735e-03	
534	6.600000e+00	-3.99584e-02	-6.21262e-03	6.212618e-03	
535	6.650000e+00	-3.99586e-02	-6.26250e-03	6.262501e-03	
536	6.700000e+00	-3.99587e-02	-6.31238e-03	6.312385e-03	
537	6.750000e+00	-3.99589e-02	-6.36227e-03	6.362269e-03	
538	6.800000e+00	-3.99590e-02	-6.41215e-03	6.412153e-03	
539	6.850000e+00	-3.99592e-02	-6.46204e-03	6.462037e-03	
540	6.900000e+00	-3.99593e-02	-6.51192e-03	6.511921e-03	
541	6.950000e+00	-3.99594e-02	-6.56181e-03	6.561806e-03	
542	7.000000e+00	-3.99596e-02	-6.61169e-03	6.611690e-03	
543	7.050000e+00	-3.99597e-02	-6.66158e-03	6.661575e-03	
544	7.100000e+00	-3.99599e-02	-6.71146e-03	6.711461e-03	
545	7.150000e+00	-3.99600e-02	-6.76135e-03	6.761346e-03	
546	7.200000e+00	-3.99601e-02	-6.81123e-03	6.811232e-03	
547	7.250000e+00	-3.99603e-02	-6.86112e-03	6.861118e-03	
548	7.300000e+00	-3.99604e-02	-6.91100e-03	6.911004e-03	
549	7.350000e+00	-3.99605e-02	-6.96089e-03	6.960890e-03	
550	7.400000e+00	-3.99606e-02	-7.01078e-03	7.010776e-03	
551	7.450000e+00	-3.99608e-02	-7.06066e-03	7.060663e-03	
552	7.500000e+00	-3.99609e-02	-7.11055e-03	7.110550e-03	
553	7.550000e+00	-3.99610e-02	-7.16044e-03	7.160437e-03	
554	7.600000e+00	-3.99611e-02	-7.21032e-03	7.210324e-03	
555	7.650000e+00	-3.99613e-02	-7.26021e-03	7.260212e-03	
556	7.700000e+00	-3.99614e-02	-7.31010e-03	7.310099e-03	
557	7.750000e+00	-3.99615e-02	-7.35999e-03	7.359987e-03	
558	7.800000e+00	-3.99616e-02	-7.40988e-03	7.409875e-03	
559	7.850000e+00	-3.99617e-02	-7.45976e-03	7.459763e-03	
560	7.900000e+00	-3.99619e-02	-7.50965e-03	7.509652e-03	
561	7.950000e+00	-3.99620e-02	-7.55954e-03	7.559540e-03	
562	8.000000e+00	-3.99621e-02	-7.60943e-03	7.609429e-03	
563	8.050000e+00	-3.99622e-02	-7.65932e-03	7.659318e-03	
564	8.100000e+00	-3.99623e-02	-7.70921e-03	7.709207e-03	
565	8.150000e+00	-3.99624e-02	-7.75910e-03	7.759097e-03	
566	8.200000e+00	-3.99625e-02	-7.80899e-03	7.808986e-03	
567	8.250000e+00	-3.99626e-02	-7.85888e-03	7.858876e-03	
568	8.300000e+00	-3.99627e-02	-7.90877e-03	7.908766e-03	
569	8.350000e+00	-3.99628e-02	-7.95866e-03	7.958656e-03	
570	8.400000e+00	-3.99629e-02	-8.00855e-03	8.008546e-03	
571	8.450000e+00	-3.99631e-02	-8.05844e-03	8.058437e-03	
572	8.500000e+00	-3.99632e-02	-8.10833e-03	8.108327e-03	
573	8.550000e+00	-3.99633e-02	-8.15822e-03	8.158218e-03	
574	8.600000e+00	-3.99634e-02	-8.20811e-03	8.208109e-03	
575	8.650000e+00	-3.99635e-02	-8.25800e-03	8.258000e-03	
576	8.700000e+00	-3.99636e-02	-8.30789e-03	8.307892e-03	

Index   v-sweep         v1#branch       v2#branch       v_u_ic1#branch  
--------------------------------------------------------------------------------
577	8.750000e+00	-3.99637e-02	-8.35778e-03	8.357783e-03	
578	8.800000e+00	-3.99638e-02	-8.40767e-03	8.407675e-03	
579	8.850000e+00	-3.99638e-02	-8.45757e-03	8.457567e-03	
580	8.900000e+00	-3.99639e-02	-8.50746e-03	8.507459e-03	
581	8.950000e+00	-3.99640e-02	-8.55735e-03	8.557351e-03	
582	9.000000e+00	-3.99641e-02	-8.60724e-03	8.607243e-03	
583	9.050000e+00	-3.99642e-02	-8.65714e-03	8.657136e-03	
584	9.100000e+00	-3.99643e-02	-8.70703e-03	8.707028e-03	
585	9.150000e+00	-3.99644e-02	-8.75692e-03	8.756921e-03	
586	9.200000e+00	-3.99645e-02	-8.80681e-03	8.806814e-03	
587	9.250000e+00	-3.99646e-02	-8.85671e-03	8.856708e-03	
588	9.300000e+00	-3.99647e-02	-8.90660e-03	8.906601e-03	
589	9.350000e+00	-3.99648e-02	-8.95649e-03	8.956494e-03	
590	9.400000e+00	-3.99649e-02	-9.00639e-03	9.006388e-03	
591	9.450000e+00	-3.99649e-02	-9.05628e-03	9.056282e-03	
592	9.500000e+00	-3.99650e-02	-9.10618e-03	9.106176e-03	
593	9.550000e+00	-3.99651e-02	-9.15607e-03	9.156070e-03	
594	9.600000e+00	-3.99652e-02	-9.20596e-03	9.205965e-03	
595	9.650000e+00	-3.99653e-02	-9.25586e-03	9.255859e-03	
596	9.700000e+00	-3.99654e-02	-9.30575e-03	9.305754e-03	
597	9.750000e+00	-3.99654e-02	-9.35565e-03	9.355649e-03	
598	9.800000e+00	-3.99655e-02	-9.40554e-03	9.405543e-03	
599	9.850000e+00	-3.99656e-02	-9.45544e-03	9.455439e-03	
600	9.900000e+00	-3.99657e-02	-9.50533e-03	9.505334e-03	
601	9.950000e+00	-3.99658e-02	-9.55523e-03	9.555229e-03	
602	1.000000e+01	-3.99658e-02	-9.60512e-03	9.605125e-03	
603	0.000000e+00	-3.27380e-08	8.969662e-09	-8.96966e-09	
604	5.000000e-02	-1.72866e-07	7.049998e-09	-7.05000e-09	
605	1.000000e-01	-1.14073e-06	-6.20850e-09	6.208499e-09	
606	1.500000e-01	-7.80258e-06	-9.74677e-08	9.746774e-08	
607	2.000000e-01	-5.25938e-05	-7.11083e-07	7.110826e-07	
608	2.500000e-01	-3.16026e-04	-4.32108e-06	4.321076e-06	
609	3.000000e-01	-1.29606e-03	-1.77678e-05	1.776785e-05	
610	3.500000e-01	-3.21670e-03	-4.41967e-05	4.419667e-05	
611	4.000000e-01	-5.74173e-03	-7.90953e-05	7.909534e-05	
612	4.500000e-01	-8.58490e-03	-1.18601e-04	1.186014e-04	
613	5.000000e-01	-1.15915e-02	-1.60598e-04	1.605983e-04	
614	5.500000e-01	-1.47059e-02	-2.04387e-04	2.043873e-04	
615	6.000000e-01	-1.78774e-02	-2.49257e-04	2.492571e-04	
616	6.500000e-01	-2.10830e-02	-2.94882e-04	2.948818e-04	
617	7.000000e-01	-2.43090e-02	-3.41082e-04	3.410819e-04	
618	7.500000e-01	-2.75463e-02	-3.87729e-04	3.877286e-04	
619	8.000000e-01	-3.07882e-02	-4.34730e-04	4.347297e-04	
620	8.500000e-01	-3.40301e-02	-4.82019e-04	4.820187e-04	
621	9.000000e-01	-3.72687e-02	-5.29546e-04	5.295457e-04	
622	9.500000e-01	-4.05013e-02	-5.77273e-04	5.772726e-04	
623	1.000000e+00	-4.37262e-02	-6.25170e-04	6.251696e-04	
624	1.050000e+00	-4.69418e-02	-6.73213e-04	6.732131e-04	
625	1.100000e+00	-5.01470e-02	-7.21384e-04	7.213839e-04	
626	1.150000e+00	-5.33411e-02	-7.69666e-04	7.696664e-04	
627	1.200000e+00	-5.65233e-02	-8.18048e-04	8.180477e-04	
628	1.250000e+00	-5.96837e-02	-8.66521e-04	8.665212e-04	
629	1.300000e+00	-5.98327e-02	-9.16340e-04	9.163403e-04	
630	1.350000e+00	-5.98510e-02	-9.66216e-04	9.662164e-04	
631	1.400000e+00	-5.98616e-02	-1.01610e-03	1.016096e-03	
632	1.450000e+00	-5.98691e-02	-1.06598e-03	1.065977e-03	
633	1.500000e+00	-5.98749e-02	-1.11586e-03	1.115860e-03	
634	1.550000e+00	-5.98795e-02	-1.16574e-03	1.165742e-03	

Index   v-sweep         v1#branch       v2#branch       v_u_ic1#branch  
--------------------------------------------------------------------------------
635	1.600000e+00	-5.98835e-02	-1.21563e-03	1.215626e-03	
636	1.650000e+00	-5.98869e-02	-1.26551e-03	1.265510e-03	
637	1.700000e+00	-5.98899e-02	-1.31539e-03	1.315394e-03	
638	1.750000e+00	-5.98925e-02	-1.36528e-03	1.365279e-03	
639	1.800000e+00	-5.98949e-02	-1.41516e-03	1.415164e-03	
640	1.850000e+00	-5.98971e-02	-1.46505e-03	1.465049e-03	
641	1.900000e+00	-5.98991e-02	-1.51493e-03	1.514934e-03	
642	1.950000e+00	-5.99010e-02	-1.56482e-03	1.564820e-03	
643	2.000000e+00	-5.99027e-02	-1.61471e-03	1.614706e-03	
644	2.050000e+00	-5.99043e-02	-1.66459e-03	1.664592e-03	
645	2.100000e+00	-5.99058e-02	-1.71448e-03	1.714479e-03	
646	2.150000e+00	-5.99072e-02	-1.76437e-03	1.764366e-03	
647	2.200000e+00	-5.99085e-02	-1.81425e-03	1.814253e-03	
648	2.250000e+00	-5.99098e-02	-1.86414e-03	1.864140e-03	
649	2.300000e+00	-5.99110e-02	-1.91403e-03	1.914028e-03	
650	2.350000e+00	-5.99121e-02	-1.96392e-03	1.963915e-03	
651	2.400000e+00	-5.99132e-02	-2.01380e-03	2.013803e-03	
652	2.450000e+00	-5.99142e-02	-2.06369e-03	2.063691e-03	
653	2.500000e+00	-5.99152e-02	-2.11358e-03	2.113580e-03	
654	2.550000e+00	-5.99162e-02	-2.16347e-03	2.163468e-03	
655	2.600000e+00	-5.99171e-02	-2.21336e-03	2.213357e-03	
656	2.650000e+00	-5.99179e-02	-2.26325e-03	2.263246e-03	
657	2.700000e+00	-5.99188e-02	-2.31313e-03	2.313135e-03	
658	2.750000e+00	-5.99196e-02	-2.36302e-03	2.363024e-03	
659	2.800000e+00	-5.99204e-02	-2.41291e-03	2.412914e-03	
660	2.850000e+00	-5.99211e-02	-2.46280e-03	2.462803e-03	
661	2.900000e+00	-5.99218e-02	-2.51269e-03	2.512693e-03	
662	2.950000e+00	-5.99225e-02	-2.56258e-03	2.562583e-03	
663	3.000000e+00	-5.99232e-02	-2.61247e-03	2.612474e-03	
664	3.050000e+00	-5.99239e-02	-2.66236e-03	2.662364e-03	
665	3.100000e+00	-5.99245e-02	-2.71225e-03	2.712255e-03	
666	3.150000e+00	-5.99252e-02	-2.76215e-03	2.762146e-03	
667	3.200000e+00	-5.99258e-02	-2.81204e-03	2.812037e-03	
668	3.250000e+00	-5.99263e-02	-2.86193e-03	2.861928e-03	
669	3.300000e+00	-5.99269e-02	-2.91182e-03	2.911819e-03	
670	3.350000e+00	-5.99275e-02	-2.96171e-03	2.961711e-03	
671	3.400000e+00	-5.99280e-02	-3.01160e-03	3.011603e-03	
672	3.450000e+00	-5.99285e-02	-3.06149e-03	3.061495e-03	
673	3.500000e+00	-5.99291e-02	-3.11139e-03	3.111387e-03	
674	3.550000e+00	-5.99296e-02	-3.16128e-03	3.161279e-03	
675	3.600000e+00	-5.99301e-02	-3.21117e-03	3.211171e-03	
676	3.650000e+00	-5.99305e-02	-3.26106e-03	3.261064e-03	
677	3.700000e+00	-5.99310e-02	-3.31096e-03	3.310957e-03	
678	3.750000e+00	-5.99315e-02	-3.36085e-03	3.360850e-03	
679	3.800000e+00	-5.99319e-02	-3.41074e-03	3.410743e-03	
680	3.850000e+00	-5.99323e-02	-3.46064e-03	3.460636e-03	
681	3.900000e+00	-5.99328e-02	-3.51053e-03	3.510530e-03	
682	3.950000e+00	-5.99332e-02	-3.56042e-03	3.560423e-03	
683	4.000000e+00	-5.99336e-02	-3.61032e-03	3.610317e-03	
684	4.050000e+00	-5.99340e-02	-3.66021e-03	3.660211e-03	
685	4.100000e+00	-5.99344e-02	-3.71011e-03	3.710105e-03	
686	4.150000e+00	-5.99348e-02	-3.76000e-03	3.760000e-03	
687	4.200000e+00	-5.99351e-02	-3.80989e-03	3.809894e-03	
688	4.250000e+00	-5.99355e-02	-3.85979e-03	3.859789e-03	
689	4.300000e+00	-5.99359e-02	-3.90968e-03	3.909684e-03	
690	4.350000e+00	-5.99362e-02	-3.95958e-03	3.959579e-03	
691	4.400000e+00	-5.99366e-02	-4.00947e-03	4.009474e-03	
692	4.450000e+00	-5.99369e-02	-4.05937e-03	4.059369e-03	

Index   v-sweep         v1#branch       v2#branch       v_u_ic1#branch  
--------------------------------------------------------------------------------
693	4.500000e+00	-5.99373e-02	-4.10926e-03	4.109264e-03	
694	4.550000e+00	-5.99376e-02	-4.15916e-03	4.159160e-03	
695	4.600000e+00	-5.99379e-02	-4.20906e-03	4.209056e-03	
696	4.650000e+00	-5.99382e-02	-4.25895e-03	4.258952e-03	
697	4.700000e+00	-5.99386e-02	-4.30885e-03	4.308848e-03	
698	4.750000e+00	-5.99389e-02	-4.35874e-03	4.358744e-03	
699	4.800000e+00	-5.99392e-02	-4.40864e-03	4.408640e-03	
700	4.850000e+00	-5.99395e-02	-4.45854e-03	4.458537e-03	
701	4.900000e+00	-5.99398e-02	-4.50843e-03	4.508433e-03	
702	4.950000e+00	-5.99401e-02	-4.55833e-03	4.558330e-03	
703	5.000000e+00	-5.99403e-02	-4.60823e-03	4.608227e-03	
704	5.050000e+00	-5.99406e-02	-4.65812e-03	4.658124e-03	
705	5.100000e+00	-5.99409e-02	-4.70802e-03	4.708021e-03	
706	5.150000e+00	-5.99412e-02	-4.75792e-03	4.757919e-03	
707	5.200000e+00	-5.99414e-02	-4.80782e-03	4.807816e-03	
708	5.250000e+00	-5.99417e-02	-4.85771e-03	4.857714e-03	
709	5.300000e+00	-5.99420e-02	-4.90761e-03	4.907612e-03	
710	5.350000e+00	-5.99422e-02	-4.95751e-03	4.957510e-03	
711	5.400000e+00	-5.99425e-02	-5.00741e-03	5.007408e-03	
712	5.450000e+00	-5.99427e-02	-5.05731e-03	5.057306e-03	
713	5.500000e+00	-5.99430e-02	-5.10720e-03	5.107205e-03	
714	5.550000e+00	-5.99432e-02	-5.15710e-03	5.157103e-03	
715	5.600000e+00	-5.99434e-02	-5.20700e-03	5.207002e-03	
716	5.650000e+00	-5.99437e-02	-5.25690e-03	5.256901e-03	
717	5.700000e+00	-5.99439e-02	-5.30680e-03	5.306800e-03	
718	5.750000e+00	-5.99441e-02	-5.35670e-03	5.356699e-03	
719	5.800000e+00	-5.99444e-02	-5.40660e-03	5.406598e-03	
720	5.850000e+00	-5.99446e-02	-5.45650e-03	5.456497e-03	
721	5.900000e+00	-5.99448e-02	-5.50640e-03	5.506397e-03	
722	5.950000e+00	-5.99450e-02	-5.55630e-03	5.556296e-03	
723	6.000000e+00	-5.99452e-02	-5.60620e-03	5.606196e-03	
724	6.050000e+00	-5.99454e-02	-5.65610e-03	5.656096e-03	
725	6.100000e+00	-5.99457e-02	-5.70600e-03	5.705996e-03	
726	6.150000e+00	-5.99459e-02	-5.75590e-03	5.755896e-03	
727	6.200000e+00	-5.99461e-02	-5.80580e-03	5.805797e-03	
728	6.250000e+00	-5.99463e-02	-5.85570e-03	5.855697e-03	
729	6.300000e+00	-5.99465e-02	-5.90560e-03	5.905598e-03	
730	6.350000e+00	-5.99467e-02	-5.95550e-03	5.955498e-03	
731	6.400000e+00	-5.99469e-02	-6.00540e-03	6.005399e-03	
732	6.450000e+00	-5.99470e-02	-6.05530e-03	6.055300e-03	
733	6.500000e+00	-5.99472e-02	-6.10520e-03	6.105201e-03	
734	6.550000e+00	-5.99474e-02	-6.15510e-03	6.155102e-03	
735	6.600000e+00	-5.99476e-02	-6.20500e-03	6.205004e-03	
736	6.650000e+00	-5.99478e-02	-6.25491e-03	6.254905e-03	
737	6.700000e+00	-5.99480e-02	-6.30481e-03	6.304807e-03	
738	6.750000e+00	-5.99481e-02	-6.35471e-03	6.354709e-03	
739	6.800000e+00	-5.99483e-02	-6.40461e-03	6.404611e-03	
740	6.850000e+00	-5.99485e-02	-6.45451e-03	6.454512e-03	
741	6.900000e+00	-5.99487e-02	-6.50441e-03	6.504415e-03	
742	6.950000e+00	-5.99488e-02	-6.55432e-03	6.554317e-03	
743	7.000000e+00	-5.99490e-02	-6.60422e-03	6.604219e-03	
744	7.050000e+00	-5.99492e-02	-6.65412e-03	6.654122e-03	
745	7.100000e+00	-5.99493e-02	-6.70402e-03	6.704024e-03	
746	7.150000e+00	-5.99495e-02	-6.75393e-03	6.753927e-03	
747	7.200000e+00	-5.99497e-02	-6.80383e-03	6.803830e-03	
748	7.250000e+00	-5.99498e-02	-6.85373e-03	6.853733e-03	
749	7.300000e+00	-5.99500e-02	-6.90364e-03	6.903636e-03	
750	7.350000e+00	-5.99501e-02	-6.95354e-03	6.953539e-03	

Index   v-sweep         v1#branch       v2#branch       v_u_ic1#branch  
--------------------------------------------------------------------------------
751	7.400000e+00	-5.99503e-02	-7.00344e-03	7.003442e-03	
752	7.450000e+00	-5.99505e-02	-7.05335e-03	7.053346e-03	
753	7.500000e+00	-5.99506e-02	-7.10325e-03	7.103249e-03	
754	7.550000e+00	-5.99508e-02	-7.15315e-03	7.153153e-03	
755	7.600000e+00	-5.99509e-02	-7.20306e-03	7.203057e-03	
756	7.650000e+00	-5.99511e-02	-7.25296e-03	7.252961e-03	
757	7.700000e+00	-5.99512e-02	-7.30286e-03	7.302865e-03	
758	7.750000e+00	-5.99513e-02	-7.35277e-03	7.352769e-03	
759	7.800000e+00	-5.99515e-02	-7.40267e-03	7.402673e-03	
760	7.850000e+00	-5.99516e-02	-7.45258e-03	7.452578e-03	
761	7.900000e+00	-5.99518e-02	-7.50248e-03	7.502482e-03	
762	7.950000e+00	-5.99519e-02	-7.55239e-03	7.552387e-03	
763	8.000000e+00	-5.99520e-02	-7.60229e-03	7.602291e-03	
764	8.050000e+00	-5.99522e-02	-7.65220e-03	7.652196e-03	
765	8.100000e+00	-5.99523e-02	-7.70210e-03	7.702101e-03	
766	8.150000e+00	-5.99524e-02	-7.75201e-03	7.752006e-03	
767	8.200000e+00	-5.99526e-02	-7.80191e-03	7.801911e-03	
768	8.250000e+00	-5.99527e-02	-7.85182e-03	7.851817e-03	
769	8.300000e+00	-5.99528e-02	-7.90172e-03	7.901722e-03	
770	8.350000e+00	-5.99530e-02	-7.95163e-03	7.951627e-03	
771	8.400000e+00	-5.99531e-02	-8.00153e-03	8.001533e-03	
772	8.450000e+00	-5.99532e-02	-8.05144e-03	8.051439e-03	
773	8.500000e+00	-5.99533e-02	-8.10134e-03	8.101344e-03	
774	8.550000e+00	-5.99535e-02	-8.15125e-03	8.151250e-03	
775	8.600000e+00	-5.99536e-02	-8.20116e-03	8.201156e-03	
776	8.650000e+00	-5.99537e-02	-8.25106e-03	8.251063e-03	
777	8.700000e+00	-5.99538e-02	-8.30097e-03	8.300969e-03	
778	8.750000e+00	-5.99540e-02	-8.35088e-03	8.350875e-03	
779	8.800000e+00	-5.99541e-02	-8.40078e-03	8.400782e-03	
780	8.850000e+00	-5.99542e-02	-8.45069e-03	8.450688e-03	
781	8.900000e+00	-5.99543e-02	-8.50059e-03	8.500595e-03	
782	8.950000e+00	-5.99544e-02	-8.55050e-03	8.550502e-03	
783	9.000000e+00	-5.99545e-02	-8.60041e-03	8.600408e-03	
784	9.050000e+00	-5.99547e-02	-8.65032e-03	8.650315e-03	
785	9.100000e+00	-5.99548e-02	-8.70022e-03	8.700223e-03	
786	9.150000e+00	-5.99549e-02	-8.75013e-03	8.750130e-03	
787	9.200000e+00	-5.99550e-02	-8.80004e-03	8.800037e-03	
788	9.250000e+00	-5.99551e-02	-8.84994e-03	8.849944e-03	
789	9.300000e+00	-5.99552e-02	-8.89985e-03	8.899852e-03	
790	9.350000e+00	-5.99553e-02	-8.94976e-03	8.949759e-03	
791	9.400000e+00	-5.99554e-02	-8.99967e-03	8.999667e-03	
792	9.450000e+00	-5.99555e-02	-9.04957e-03	9.049575e-03	
793	9.500000e+00	-5.99556e-02	-9.09948e-03	9.099483e-03	
794	9.550000e+00	-5.99557e-02	-9.14939e-03	9.149391e-03	
795	9.600000e+00	-5.99558e-02	-9.19930e-03	9.199299e-03	
796	9.650000e+00	-5.99559e-02	-9.24921e-03	9.249207e-03	
797	9.700000e+00	-5.99561e-02	-9.29912e-03	9.299115e-03	
798	9.750000e+00	-5.99562e-02	-9.34902e-03	9.349024e-03	
799	9.800000e+00	-5.99563e-02	-9.39893e-03	9.398932e-03	
800	9.850000e+00	-5.99564e-02	-9.44884e-03	9.448841e-03	
801	9.900000e+00	-5.99565e-02	-9.49875e-03	9.498750e-03	
802	9.950000e+00	-5.99566e-02	-9.54866e-03	9.548658e-03	
803	1.000000e+01	-5.99566e-02	-9.59857e-03	9.598567e-03	
