* c:\users\mamat\esim-workspace\bjt_ce_config_input_char_ztx1048a\bjt_ce_config_input_char_ztx1048a.cir
DC transfer characteristic  Tue Jun 24 15:12:23  2025
--------------------------------------------------------------------------------
Index   v-sweep         v1#branch       v2#branch       v_u_ic1#branch  
--------------------------------------------------------------------------------
0	0.000000e+00	-2.54934e-28	-4.23965e-29	4.239650e-29	
1	5.000000e-02	4.841984e-12	-5.70184e-12	5.701844e-12	
2	1.000000e-01	2.403416e-11	-2.82733e-11	2.827332e-11	
3	1.500000e-01	1.007798e-10	-1.18874e-10	1.188736e-10	
4	2.000000e-01	4.096736e-10	-4.85893e-10	4.858929e-10	
5	2.500000e-01	1.663269e-09	-1.99024e-09	1.990245e-09	
6	3.000000e-01	6.797103e-09	-8.26909e-09	8.269086e-09	
7	3.500000e-01	2.754749e-08	-3.52066e-08	3.520656e-08	
8	4.000000e-01	9.730588e-08	-1.55204e-07	1.552036e-07	
9	4.500000e-01	1.966470e-07	-7.11712e-07	7.117119e-07	
10	5.000000e-01	2.006888e-07	-3.27184e-06	3.271837e-06	
11	5.500000e-01	1.697695e-07	-1.27191e-05	1.271915e-05	
12	6.000000e-01	1.502773e-07	-3.40961e-05	3.409610e-05	
13	6.500000e-01	1.406527e-07	-6.55161e-05	6.551607e-05	
14	7.000000e-01	1.356224e-07	-1.02847e-04	1.028467e-04	
15	7.500000e-01	1.327210e-07	-1.43535e-04	1.435347e-04	
16	8.000000e-01	1.309516e-07	-1.86219e-04	1.862189e-04	
17	8.500000e-01	1.300156e-07	-2.30362e-04	2.303620e-04	
18	9.000000e-01	1.295529e-07	-2.75449e-04	2.754486e-04	
19	9.500000e-01	1.294052e-07	-3.21220e-04	3.212204e-04	
20	1.000000e+00	1.294944e-07	-3.67521e-04	3.675208e-04	
21	1.050000e+00	1.297638e-07	-4.14237e-04	4.142372e-04	
22	1.100000e+00	1.301730e-07	-4.61288e-04	4.612885e-04	
23	1.150000e+00	1.306932e-07	-5.08614e-04	5.086144e-04	
24	1.200000e+00	1.313031e-07	-5.56170e-04	5.561696e-04	
25	1.250000e+00	1.319868e-07	-6.03919e-04	6.039186e-04	
26	1.300000e+00	1.327321e-07	-6.51834e-04	6.518337e-04	
27	1.350000e+00	1.335293e-07	-6.99893e-04	6.998925e-04	
28	1.400000e+00	1.343709e-07	-7.48077e-04	7.480768e-04	
29	1.450000e+00	1.352506e-07	-7.96372e-04	7.963718e-04	
30	1.500000e+00	1.361634e-07	-8.44765e-04	8.447647e-04	
31	1.550000e+00	1.371051e-07	-8.93245e-04	8.932453e-04	
32	1.600000e+00	1.380723e-07	-9.41805e-04	9.418045e-04	
33	1.650000e+00	1.390621e-07	-9.90435e-04	9.904348e-04	
34	1.700000e+00	1.400719e-07	-1.03913e-03	1.039129e-03	
35	1.750000e+00	1.410997e-07	-1.08788e-03	1.087883e-03	
36	1.800000e+00	1.421436e-07	-1.13669e-03	1.136690e-03	
37	1.850000e+00	1.432021e-07	-1.18555e-03	1.185546e-03	
38	1.900000e+00	1.442737e-07	-1.23445e-03	1.234448e-03	
39	1.950000e+00	1.453572e-07	-1.28339e-03	1.283392e-03	
40	2.000000e+00	1.464516e-07	-1.33238e-03	1.332375e-03	
41	2.050000e+00	1.475560e-07	-1.38139e-03	1.381394e-03	
42	2.100000e+00	1.486694e-07	-1.43045e-03	1.430447e-03	
43	2.150000e+00	1.497912e-07	-1.47953e-03	1.479531e-03	
44	2.200000e+00	1.509207e-07	-1.52864e-03	1.528645e-03	
45	2.250000e+00	1.520573e-07	-1.57779e-03	1.577786e-03	
46	2.300000e+00	1.532005e-07	-1.62695e-03	1.626953e-03	
47	2.350000e+00	1.543497e-07	-1.67615e-03	1.676145e-03	
48	2.400000e+00	1.555045e-07	-1.72536e-03	1.725360e-03	
49	2.450000e+00	1.566646e-07	-1.77460e-03	1.774597e-03	
50	2.500000e+00	1.578295e-07	-1.82385e-03	1.823854e-03	
51	2.550000e+00	1.589990e-07	-1.87313e-03	1.873131e-03	
52	2.600000e+00	1.601727e-07	-1.92243e-03	1.922426e-03	
53	2.650000e+00	1.613503e-07	-1.97174e-03	1.971739e-03	
54	2.700000e+00	1.625316e-07	-2.02107e-03	2.021069e-03	

Index   v-sweep         v1#branch       v2#branch       v_u_ic1#branch  
--------------------------------------------------------------------------------
55	2.750000e+00	1.637164e-07	-2.07042e-03	2.070415e-03	
56	2.800000e+00	1.649044e-07	-2.11978e-03	2.119776e-03	
57	2.850000e+00	1.660954e-07	-2.16915e-03	2.169151e-03	
58	2.900000e+00	1.672893e-07	-2.21854e-03	2.218541e-03	
59	2.950000e+00	1.684858e-07	-2.26794e-03	2.267944e-03	
60	3.000000e+00	1.696849e-07	-2.31736e-03	2.317359e-03	
61	3.050000e+00	1.708863e-07	-2.36679e-03	2.366786e-03	
62	3.100000e+00	1.720900e-07	-2.41623e-03	2.416226e-03	
63	3.150000e+00	1.732957e-07	-2.46568e-03	2.465676e-03	
64	3.200000e+00	1.745034e-07	-2.51514e-03	2.515137e-03	
65	3.250000e+00	1.757130e-07	-2.56461e-03	2.564609e-03	
66	3.300000e+00	1.769244e-07	-2.61409e-03	2.614091e-03	
67	3.350000e+00	1.781374e-07	-2.66358e-03	2.663582e-03	
68	3.400000e+00	1.793520e-07	-2.71308e-03	2.713082e-03	
69	3.450000e+00	1.805681e-07	-2.76259e-03	2.762591e-03	
70	3.500000e+00	1.817856e-07	-2.81211e-03	2.812109e-03	
71	3.550000e+00	1.830044e-07	-2.86164e-03	2.861636e-03	
72	3.600000e+00	1.842244e-07	-2.91117e-03	2.911170e-03	
73	3.650000e+00	1.854457e-07	-2.96071e-03	2.960712e-03	
74	3.700000e+00	1.866681e-07	-3.01026e-03	3.010261e-03	
75	3.750000e+00	1.878915e-07	-3.05982e-03	3.059818e-03	
76	3.800000e+00	1.891159e-07	-3.10938e-03	3.109382e-03	
77	3.850000e+00	1.903413e-07	-3.15895e-03	3.158952e-03	
78	3.900000e+00	1.915676e-07	-3.20853e-03	3.208530e-03	
79	3.950000e+00	1.927948e-07	-3.25811e-03	3.258113e-03	
80	4.000000e+00	1.940227e-07	-3.30770e-03	3.307703e-03	
81	4.050000e+00	1.952514e-07	-3.35730e-03	3.357299e-03	
82	4.100000e+00	1.964809e-07	-3.40690e-03	3.406900e-03	
83	4.150000e+00	1.977110e-07	-3.45651e-03	3.456508e-03	
84	4.200000e+00	1.989418e-07	-3.50612e-03	3.506121e-03	
85	4.250000e+00	2.001732e-07	-3.55574e-03	3.555739e-03	
86	4.300000e+00	2.014051e-07	-3.60536e-03	3.605362e-03	
87	4.350000e+00	2.026377e-07	-3.65499e-03	3.654991e-03	
88	4.400000e+00	2.038707e-07	-3.70462e-03	3.704624e-03	
89	4.450000e+00	2.051042e-07	-3.75426e-03	3.754262e-03	
90	4.500000e+00	2.063382e-07	-3.80391e-03	3.803905e-03	
91	4.550000e+00	2.075727e-07	-3.85355e-03	3.853552e-03	
92	4.600000e+00	2.088075e-07	-3.90320e-03	3.903204e-03	
93	4.650000e+00	2.100427e-07	-3.95286e-03	3.952861e-03	
94	4.700000e+00	2.112783e-07	-4.00252e-03	4.002521e-03	
95	4.750000e+00	2.125143e-07	-4.05219e-03	4.052186e-03	
96	4.800000e+00	2.137506e-07	-4.10185e-03	4.101854e-03	
97	4.850000e+00	2.149871e-07	-4.15153e-03	4.151527e-03	
98	4.900000e+00	2.162240e-07	-4.20120e-03	4.201203e-03	
99	4.950000e+00	2.174611e-07	-4.25088e-03	4.250883e-03	
100	5.000000e+00	2.186985e-07	-4.30057e-03	4.300567e-03	
101	5.050000e+00	2.199362e-07	-4.35025e-03	4.350254e-03	
102	5.100000e+00	2.211740e-07	-4.39994e-03	4.399945e-03	
103	5.150000e+00	2.224120e-07	-4.44964e-03	4.449639e-03	
104	5.200000e+00	2.236503e-07	-4.49934e-03	4.499336e-03	
105	5.250000e+00	2.248887e-07	-4.54904e-03	4.549037e-03	
106	5.300000e+00	2.261273e-07	-4.59874e-03	4.598741e-03	
107	5.350000e+00	2.273660e-07	-4.64845e-03	4.648448e-03	
108	5.400000e+00	2.286049e-07	-4.69816e-03	4.698158e-03	
109	5.450000e+00	2.298439e-07	-4.74787e-03	4.747871e-03	
110	5.500000e+00	2.310830e-07	-4.79759e-03	4.797588e-03	
111	5.550000e+00	2.323223e-07	-4.84731e-03	4.847306e-03	
112	5.600000e+00	2.335616e-07	-4.89703e-03	4.897028e-03	

Index   v-sweep         v1#branch       v2#branch       v_u_ic1#branch  
--------------------------------------------------------------------------------
113	5.650000e+00	2.348010e-07	-4.94675e-03	4.946753e-03	
114	5.700000e+00	2.360405e-07	-4.99648e-03	4.996480e-03	
115	5.750000e+00	2.372801e-07	-5.04621e-03	5.046210e-03	
116	5.800000e+00	2.385197e-07	-5.09594e-03	5.095942e-03	
117	5.850000e+00	2.397594e-07	-5.14568e-03	5.145677e-03	
118	5.900000e+00	2.409991e-07	-5.19541e-03	5.195415e-03	
119	5.950000e+00	2.422388e-07	-5.24515e-03	5.245155e-03	
120	6.000000e+00	2.434786e-07	-5.29490e-03	5.294897e-03	
121	6.050000e+00	2.447184e-07	-5.34464e-03	5.344642e-03	
122	6.100000e+00	2.459582e-07	-5.39439e-03	5.394389e-03	
123	6.150000e+00	2.471981e-07	-5.44414e-03	5.444138e-03	
124	6.200000e+00	2.484379e-07	-5.49389e-03	5.493890e-03	
125	6.250000e+00	2.496777e-07	-5.54364e-03	5.543643e-03	
126	6.300000e+00	2.509176e-07	-5.59340e-03	5.593399e-03	
127	6.350000e+00	2.521574e-07	-5.64316e-03	5.643157e-03	
128	6.400000e+00	2.533972e-07	-5.69292e-03	5.692917e-03	
129	6.450000e+00	2.546369e-07	-5.74268e-03	5.742679e-03	
130	6.500000e+00	2.558766e-07	-5.79244e-03	5.792443e-03	
131	6.550000e+00	2.571163e-07	-5.84221e-03	5.842209e-03	
132	6.600000e+00	2.583560e-07	-5.89198e-03	5.891977e-03	
133	6.650000e+00	2.595956e-07	-5.94175e-03	5.941747e-03	
134	6.700000e+00	2.608352e-07	-5.99152e-03	5.991519e-03	
135	6.750000e+00	2.620747e-07	-6.04129e-03	6.041293e-03	
136	6.800000e+00	2.633142e-07	-6.09107e-03	6.091068e-03	
137	6.850000e+00	2.645536e-07	-6.14085e-03	6.140845e-03	
138	6.900000e+00	2.657929e-07	-6.19062e-03	6.190624e-03	
139	6.950000e+00	2.670322e-07	-6.24041e-03	6.240405e-03	
140	7.000000e+00	2.682714e-07	-6.29019e-03	6.290187e-03	
141	7.050000e+00	2.695105e-07	-6.33997e-03	6.339972e-03	
142	7.100000e+00	2.707495e-07	-6.38976e-03	6.389757e-03	
143	7.150000e+00	2.719885e-07	-6.43954e-03	6.439545e-03	
144	7.200000e+00	2.732274e-07	-6.48933e-03	6.489334e-03	
145	7.250000e+00	2.744662e-07	-6.53912e-03	6.539124e-03	
146	7.300000e+00	2.757049e-07	-6.58892e-03	6.588916e-03	
147	7.350000e+00	2.769435e-07	-6.63871e-03	6.638710e-03	
148	7.400000e+00	2.781821e-07	-6.68850e-03	6.688505e-03	
149	7.450000e+00	2.794205e-07	-6.73830e-03	6.738301e-03	
150	7.500000e+00	2.806588e-07	-6.78810e-03	6.788099e-03	
151	7.550000e+00	2.818971e-07	-6.83790e-03	6.837899e-03	
152	7.600000e+00	2.831352e-07	-6.88770e-03	6.887700e-03	
153	7.650000e+00	2.843732e-07	-6.93750e-03	6.937502e-03	
154	7.700000e+00	2.856112e-07	-6.98731e-03	6.987306e-03	
155	7.750000e+00	2.868490e-07	-7.03711e-03	7.037111e-03	
156	7.800000e+00	2.880867e-07	-7.08692e-03	7.086917e-03	
157	7.850000e+00	2.893243e-07	-7.13672e-03	7.136725e-03	
158	7.900000e+00	2.905618e-07	-7.18653e-03	7.186534e-03	
159	7.950000e+00	2.917992e-07	-7.23634e-03	7.236344e-03	
160	8.000000e+00	2.930364e-07	-7.28616e-03	7.286155e-03	
161	8.050000e+00	2.942736e-07	-7.33597e-03	7.335968e-03	
162	8.100000e+00	2.955106e-07	-7.38578e-03	7.385782e-03	
163	8.150000e+00	2.967475e-07	-7.43560e-03	7.435597e-03	
164	8.200000e+00	2.979843e-07	-7.48541e-03	7.485414e-03	
165	8.250000e+00	2.992209e-07	-7.53523e-03	7.535231e-03	
166	8.300000e+00	3.004575e-07	-7.58505e-03	7.585050e-03	
167	8.350000e+00	3.016939e-07	-7.63487e-03	7.634870e-03	
168	8.400000e+00	3.029301e-07	-7.68469e-03	7.684691e-03	
169	8.450000e+00	3.041663e-07	-7.73451e-03	7.734513e-03	
170	8.500000e+00	3.054023e-07	-7.78434e-03	7.784336e-03	

Index   v-sweep         v1#branch       v2#branch       v_u_ic1#branch  
--------------------------------------------------------------------------------
171	8.550000e+00	3.066382e-07	-7.83416e-03	7.834160e-03	
172	8.600000e+00	3.078740e-07	-7.88399e-03	7.883986e-03	
173	8.650000e+00	3.091096e-07	-7.93381e-03	7.933812e-03	
174	8.700000e+00	3.103451e-07	-7.98364e-03	7.983640e-03	
175	8.750000e+00	3.115805e-07	-8.03347e-03	8.033468e-03	
176	8.800000e+00	3.128157e-07	-8.08330e-03	8.083298e-03	
177	8.850000e+00	3.140509e-07	-8.13313e-03	8.133129e-03	
178	8.900000e+00	3.152858e-07	-8.18296e-03	8.182960e-03	
179	8.950000e+00	3.165207e-07	-8.23279e-03	8.232793e-03	
180	9.000000e+00	3.177554e-07	-8.28263e-03	8.282626e-03	
181	9.050000e+00	3.189899e-07	-8.33246e-03	8.332461e-03	
182	9.100000e+00	3.202243e-07	-8.38230e-03	8.382296e-03	
183	9.150000e+00	3.214586e-07	-8.43213e-03	8.432133e-03	
184	9.200000e+00	3.226928e-07	-8.48197e-03	8.481970e-03	
185	9.250000e+00	3.239268e-07	-8.53181e-03	8.531809e-03	
186	9.300000e+00	3.251607e-07	-8.58165e-03	8.581648e-03	
187	9.350000e+00	3.263944e-07	-8.63149e-03	8.631488e-03	
188	9.400000e+00	3.276280e-07	-8.68133e-03	8.681329e-03	
189	9.450000e+00	3.288614e-07	-8.73117e-03	8.731171e-03	
190	9.500000e+00	3.300947e-07	-8.78101e-03	8.781013e-03	
191	9.550000e+00	3.313279e-07	-8.83086e-03	8.830857e-03	
192	9.600000e+00	3.325609e-07	-8.88070e-03	8.880701e-03	
193	9.650000e+00	3.337938e-07	-8.93055e-03	8.930547e-03	
194	9.700000e+00	3.350266e-07	-8.98039e-03	8.980393e-03	
195	9.750000e+00	3.362592e-07	-9.03024e-03	9.030240e-03	
196	9.800000e+00	3.374916e-07	-9.08009e-03	9.080087e-03	
197	9.850000e+00	3.387239e-07	-9.12994e-03	9.129936e-03	
198	9.900000e+00	3.399561e-07	-9.17979e-03	9.179785e-03	
199	9.950000e+00	3.411881e-07	-9.22964e-03	9.229635e-03	
200	1.000000e+01	3.424200e-07	-9.27949e-03	9.279486e-03	
201	0.000000e+00	-4.32628e-11	2.160458e-11	-2.16046e-11	
202	5.000000e-02	-5.27142e-11	2.069468e-11	-2.06947e-11	
203	1.000000e-01	-1.17676e-10	1.726551e-11	-1.72655e-11	
204	1.500000e-01	-5.65170e-10	3.362613e-12	-3.36261e-12	
205	2.000000e-01	-3.64869e-09	-5.47670e-11	5.476697e-11	
206	2.500000e-01	-2.48896e-08	-3.04271e-10	3.042714e-10	
207	3.000000e-01	-1.71199e-07	-1.41256e-09	1.412555e-09	
208	3.500000e-01	-1.17880e-06	-6.57278e-09	6.572784e-09	
209	4.000000e-01	-8.11124e-06	-3.20747e-08	3.207468e-08	
210	4.500000e-01	-5.55603e-05	-1.66488e-07	1.664883e-07	
211	5.000000e-01	-3.70841e-04	-9.05971e-07	9.059713e-07	
212	5.500000e-01	-2.17457e-03	-4.69063e-06	4.690634e-06	
213	6.000000e-01	-8.51830e-03	-1.78683e-05	1.786830e-05	
214	6.500000e-01	-1.96448e-02	-4.35457e-05	4.354570e-05	
215	7.000000e-01	-1.99593e-02	-8.67713e-05	8.677135e-05	
216	7.500000e-01	-1.99735e-02	-1.30975e-04	1.309754e-04	
217	8.000000e-01	-1.99801e-02	-1.76021e-04	1.760215e-04	
218	8.500000e-01	-1.99841e-02	-2.21735e-04	2.217346e-04	
219	9.000000e-01	-1.99867e-02	-2.67972e-04	2.679722e-04	
220	9.500000e-01	-1.99885e-02	-3.14628e-04	3.146280e-04	
221	1.000000e+00	-1.99899e-02	-3.61621e-04	3.616213e-04	
222	1.050000e+00	-1.99910e-02	-4.08897e-04	4.088967e-04	
223	1.100000e+00	-1.99918e-02	-4.56406e-04	4.564061e-04	
224	1.150000e+00	-1.99925e-02	-5.04114e-04	5.041137e-04	
225	1.200000e+00	-1.99931e-02	-5.51991e-04	5.519913e-04	
226	1.250000e+00	-1.99936e-02	-6.00016e-04	6.000161e-04	
227	1.300000e+00	-1.99940e-02	-6.48169e-04	6.481695e-04	
228	1.350000e+00	-1.99944e-02	-6.96436e-04	6.964362e-04	

Index   v-sweep         v1#branch       v2#branch       v_u_ic1#branch  
--------------------------------------------------------------------------------
229	1.400000e+00	-1.99947e-02	-7.44803e-04	7.448035e-04	
230	1.450000e+00	-1.99950e-02	-7.93260e-04	7.932604e-04	
231	1.500000e+00	-1.99952e-02	-8.41798e-04	8.417980e-04	
232	1.550000e+00	-1.99954e-02	-8.90408e-04	8.904082e-04	
233	1.600000e+00	-1.99956e-02	-9.39084e-04	9.390844e-04	
234	1.650000e+00	-1.99958e-02	-9.87821e-04	9.878206e-04	
235	1.700000e+00	-1.99959e-02	-1.03661e-03	1.036612e-03	
236	1.750000e+00	-1.99961e-02	-1.08545e-03	1.085453e-03	
237	1.800000e+00	-1.99962e-02	-1.13434e-03	1.134341e-03	
238	1.850000e+00	-1.99963e-02	-1.18327e-03	1.183272e-03	
239	1.900000e+00	-1.99964e-02	-1.23224e-03	1.232243e-03	
240	1.950000e+00	-1.99965e-02	-1.28125e-03	1.281251e-03	
241	2.000000e+00	-1.99966e-02	-1.33029e-03	1.330292e-03	
242	2.050000e+00	-1.99967e-02	-1.37937e-03	1.379367e-03	
243	2.100000e+00	-1.99968e-02	-1.42847e-03	1.428471e-03	
244	2.150000e+00	-1.99969e-02	-1.47760e-03	1.477603e-03	
245	2.200000e+00	-1.99970e-02	-1.52676e-03	1.526762e-03	
246	2.250000e+00	-1.99970e-02	-1.57595e-03	1.575945e-03	
247	2.300000e+00	-1.99971e-02	-1.62515e-03	1.625153e-03	
248	2.350000e+00	-1.99971e-02	-1.67438e-03	1.674382e-03	
249	2.400000e+00	-1.99972e-02	-1.72363e-03	1.723632e-03	
250	2.450000e+00	-1.99973e-02	-1.77290e-03	1.772903e-03	
251	2.500000e+00	-1.99973e-02	-1.82219e-03	1.822192e-03	
252	2.550000e+00	-1.99973e-02	-1.87150e-03	1.871499e-03	
253	2.600000e+00	-1.99974e-02	-1.92082e-03	1.920823e-03	
254	2.650000e+00	-1.99974e-02	-1.97016e-03	1.970163e-03	
255	2.700000e+00	-1.99975e-02	-2.01952e-03	2.019518e-03	
256	2.750000e+00	-1.99975e-02	-2.06889e-03	2.068889e-03	
257	2.800000e+00	-1.99975e-02	-2.11827e-03	2.118273e-03	
258	2.850000e+00	-1.99976e-02	-2.16767e-03	2.167671e-03	
259	2.900000e+00	-1.99976e-02	-2.21708e-03	2.217082e-03	
260	2.950000e+00	-1.99976e-02	-2.26651e-03	2.266505e-03	
261	3.000000e+00	-1.99977e-02	-2.31594e-03	2.315941e-03	
262	3.050000e+00	-1.99977e-02	-2.36539e-03	2.365387e-03	
263	3.100000e+00	-1.99977e-02	-2.41484e-03	2.414844e-03	
264	3.150000e+00	-1.99978e-02	-2.46431e-03	2.464312e-03	
265	3.200000e+00	-1.99978e-02	-2.51379e-03	2.513790e-03	
266	3.250000e+00	-1.99978e-02	-2.56328e-03	2.563278e-03	
267	3.300000e+00	-1.99978e-02	-2.61277e-03	2.612775e-03	
268	3.350000e+00	-1.99979e-02	-2.66228e-03	2.662281e-03	
269	3.400000e+00	-1.99979e-02	-2.71180e-03	2.711796e-03	
270	3.450000e+00	-1.99979e-02	-2.76132e-03	2.761319e-03	
271	3.500000e+00	-1.99979e-02	-2.81085e-03	2.810850e-03	
272	3.550000e+00	-1.99979e-02	-2.86039e-03	2.860390e-03	
273	3.600000e+00	-1.99979e-02	-2.90994e-03	2.909936e-03	
274	3.650000e+00	-1.99980e-02	-2.95949e-03	2.959490e-03	
275	3.700000e+00	-1.99980e-02	-3.00905e-03	3.009052e-03	
276	3.750000e+00	-1.99980e-02	-3.05862e-03	3.058620e-03	
277	3.800000e+00	-1.99980e-02	-3.10819e-03	3.108195e-03	
278	3.850000e+00	-1.99980e-02	-3.15778e-03	3.157776e-03	
279	3.900000e+00	-1.99980e-02	-3.20736e-03	3.207363e-03	
280	3.950000e+00	-1.99981e-02	-3.25696e-03	3.256957e-03	
281	4.000000e+00	-1.99981e-02	-3.30656e-03	3.306556e-03	
282	4.050000e+00	-1.99981e-02	-3.35616e-03	3.356162e-03	
283	4.100000e+00	-1.99981e-02	-3.40577e-03	3.405772e-03	
284	4.150000e+00	-1.99981e-02	-3.45539e-03	3.455388e-03	
285	4.200000e+00	-1.99981e-02	-3.50501e-03	3.505010e-03	
286	4.250000e+00	-1.99981e-02	-3.55464e-03	3.554637e-03	

Index   v-sweep         v1#branch       v2#branch       v_u_ic1#branch  
--------------------------------------------------------------------------------
287	4.300000e+00	-1.99981e-02	-3.60427e-03	3.604268e-03	
288	4.350000e+00	-1.99982e-02	-3.65390e-03	3.653905e-03	
289	4.400000e+00	-1.99982e-02	-3.70355e-03	3.703546e-03	
290	4.450000e+00	-1.99982e-02	-3.75319e-03	3.753191e-03	
291	4.500000e+00	-1.99982e-02	-3.80284e-03	3.802842e-03	
292	4.550000e+00	-1.99982e-02	-3.85250e-03	3.852496e-03	
293	4.600000e+00	-1.99982e-02	-3.90216e-03	3.902155e-03	
294	4.650000e+00	-1.99982e-02	-3.95182e-03	3.951818e-03	
295	4.700000e+00	-1.99982e-02	-4.00149e-03	4.001485e-03	
296	4.750000e+00	-1.99982e-02	-4.05116e-03	4.051156e-03	
297	4.800000e+00	-1.99982e-02	-4.10083e-03	4.100831e-03	
298	4.850000e+00	-1.99983e-02	-4.15051e-03	4.150510e-03	
299	4.900000e+00	-1.99983e-02	-4.20019e-03	4.200192e-03	
300	4.950000e+00	-1.99983e-02	-4.24988e-03	4.249878e-03	
301	5.000000e+00	-1.99983e-02	-4.29957e-03	4.299567e-03	
302	5.050000e+00	-1.99983e-02	-4.34926e-03	4.349260e-03	
303	5.100000e+00	-1.99983e-02	-4.39896e-03	4.398957e-03	
304	5.150000e+00	-1.99983e-02	-4.44866e-03	4.448656e-03	
305	5.200000e+00	-1.99983e-02	-4.49836e-03	4.498359e-03	
306	5.250000e+00	-1.99983e-02	-4.54806e-03	4.548065e-03	
307	5.300000e+00	-1.99983e-02	-4.59777e-03	4.597774e-03	
308	5.350000e+00	-1.99983e-02	-4.64749e-03	4.647486e-03	
309	5.400000e+00	-1.99983e-02	-4.69720e-03	4.697201e-03	
310	5.450000e+00	-1.99983e-02	-4.74692e-03	4.746919e-03	
311	5.500000e+00	-1.99983e-02	-4.79664e-03	4.796640e-03	
312	5.550000e+00	-1.99984e-02	-4.84636e-03	4.846363e-03	
313	5.600000e+00	-1.99984e-02	-4.89609e-03	4.896089e-03	
314	5.650000e+00	-1.99984e-02	-4.94582e-03	4.945818e-03	
315	5.700000e+00	-1.99984e-02	-4.99555e-03	4.995550e-03	
316	5.750000e+00	-1.99984e-02	-5.04528e-03	5.045284e-03	
317	5.800000e+00	-1.99984e-02	-5.09502e-03	5.095020e-03	
318	5.850000e+00	-1.99984e-02	-5.14476e-03	5.144759e-03	
319	5.900000e+00	-1.99984e-02	-5.19450e-03	5.194501e-03	
320	5.950000e+00	-1.99984e-02	-5.24424e-03	5.244245e-03	
321	6.000000e+00	-1.99984e-02	-5.29399e-03	5.293991e-03	
322	6.050000e+00	-1.99984e-02	-5.34374e-03	5.343739e-03	
323	6.100000e+00	-1.99984e-02	-5.39349e-03	5.393490e-03	
324	6.150000e+00	-1.99984e-02	-5.44324e-03	5.443243e-03	
325	6.200000e+00	-1.99984e-02	-5.49300e-03	5.492998e-03	
326	6.250000e+00	-1.99984e-02	-5.54275e-03	5.542755e-03	
327	6.300000e+00	-1.99984e-02	-5.59251e-03	5.592514e-03	
328	6.350000e+00	-1.99984e-02	-5.64228e-03	5.642276e-03	
329	6.400000e+00	-1.99984e-02	-5.69204e-03	5.692039e-03	
330	6.450000e+00	-1.99984e-02	-5.74180e-03	5.741804e-03	
331	6.500000e+00	-1.99984e-02	-5.79157e-03	5.791572e-03	
332	6.550000e+00	-1.99984e-02	-5.84134e-03	5.841341e-03	
333	6.600000e+00	-1.99984e-02	-5.89111e-03	5.891112e-03	
334	6.650000e+00	-1.99985e-02	-5.94088e-03	5.940885e-03	
335	6.700000e+00	-1.99985e-02	-5.99066e-03	5.990660e-03	
336	6.750000e+00	-1.99985e-02	-6.04044e-03	6.040436e-03	
337	6.800000e+00	-1.99985e-02	-6.09021e-03	6.090215e-03	
338	6.850000e+00	-1.99985e-02	-6.13999e-03	6.139995e-03	
339	6.900000e+00	-1.99985e-02	-6.18978e-03	6.189776e-03	
340	6.950000e+00	-1.99985e-02	-6.23956e-03	6.239560e-03	
341	7.000000e+00	-1.99985e-02	-6.28935e-03	6.289345e-03	
342	7.050000e+00	-1.99985e-02	-6.33913e-03	6.339132e-03	
343	7.100000e+00	-1.99985e-02	-6.38892e-03	6.388920e-03	
344	7.150000e+00	-1.99985e-02	-6.43871e-03	6.438710e-03	

Index   v-sweep         v1#branch       v2#branch       v_u_ic1#branch  
--------------------------------------------------------------------------------
345	7.200000e+00	-1.99985e-02	-6.48850e-03	6.488502e-03	
346	7.250000e+00	-1.99985e-02	-6.53829e-03	6.538295e-03	
347	7.300000e+00	-1.99985e-02	-6.58809e-03	6.588089e-03	
348	7.350000e+00	-1.99985e-02	-6.63789e-03	6.637885e-03	
349	7.400000e+00	-1.99985e-02	-6.68768e-03	6.687683e-03	
350	7.450000e+00	-1.99985e-02	-6.73748e-03	6.737482e-03	
351	7.500000e+00	-1.99985e-02	-6.78728e-03	6.787282e-03	
352	7.550000e+00	-1.99985e-02	-6.83708e-03	6.837084e-03	
353	7.600000e+00	-1.99985e-02	-6.88689e-03	6.886887e-03	
354	7.650000e+00	-1.99985e-02	-6.93669e-03	6.936691e-03	
355	7.700000e+00	-1.99985e-02	-6.98650e-03	6.986497e-03	
356	7.750000e+00	-1.99985e-02	-7.03630e-03	7.036304e-03	
357	7.800000e+00	-1.99985e-02	-7.08611e-03	7.086113e-03	
358	7.850000e+00	-1.99985e-02	-7.13592e-03	7.135923e-03	
359	7.900000e+00	-1.99985e-02	-7.18573e-03	7.185734e-03	
360	7.950000e+00	-1.99985e-02	-7.23555e-03	7.235546e-03	
361	8.000000e+00	-1.99985e-02	-7.28536e-03	7.285360e-03	
362	8.050000e+00	-1.99985e-02	-7.33517e-03	7.335174e-03	
363	8.100000e+00	-1.99985e-02	-7.38499e-03	7.384990e-03	
364	8.150000e+00	-1.99985e-02	-7.43481e-03	7.434807e-03	
365	8.200000e+00	-1.99985e-02	-7.48463e-03	7.484626e-03	
366	8.250000e+00	-1.99985e-02	-7.53445e-03	7.534445e-03	
367	8.300000e+00	-1.99985e-02	-7.58427e-03	7.584266e-03	
368	8.350000e+00	-1.99985e-02	-7.63409e-03	7.634088e-03	
369	8.400000e+00	-1.99985e-02	-7.68391e-03	7.683910e-03	
370	8.450000e+00	-1.99985e-02	-7.73373e-03	7.733734e-03	
371	8.500000e+00	-1.99985e-02	-7.78356e-03	7.783559e-03	
372	8.550000e+00	-1.99985e-02	-7.83339e-03	7.833385e-03	
373	8.600000e+00	-1.99985e-02	-7.88321e-03	7.883213e-03	
374	8.650000e+00	-1.99985e-02	-7.93304e-03	7.933041e-03	
375	8.700000e+00	-1.99985e-02	-7.98287e-03	7.982870e-03	
376	8.750000e+00	-1.99985e-02	-8.03270e-03	8.032700e-03	
377	8.800000e+00	-1.99985e-02	-8.08253e-03	8.082532e-03	
378	8.850000e+00	-1.99985e-02	-8.13236e-03	8.132364e-03	
379	8.900000e+00	-1.99985e-02	-8.18220e-03	8.182197e-03	
380	8.950000e+00	-1.99985e-02	-8.23203e-03	8.232031e-03	
381	9.000000e+00	-1.99986e-02	-8.28187e-03	8.281866e-03	
382	9.050000e+00	-1.99986e-02	-8.33170e-03	8.331703e-03	
383	9.100000e+00	-1.99986e-02	-8.38154e-03	8.381540e-03	
384	9.150000e+00	-1.99986e-02	-8.43138e-03	8.431378e-03	
385	9.200000e+00	-1.99986e-02	-8.48122e-03	8.481216e-03	
386	9.250000e+00	-1.99986e-02	-8.53106e-03	8.531056e-03	
387	9.300000e+00	-1.99986e-02	-8.58090e-03	8.580897e-03	
388	9.350000e+00	-1.99986e-02	-8.63074e-03	8.630739e-03	
389	9.400000e+00	-1.99986e-02	-8.68058e-03	8.680581e-03	
390	9.450000e+00	-1.99986e-02	-8.73042e-03	8.730424e-03	
391	9.500000e+00	-1.99986e-02	-8.78027e-03	8.780268e-03	
392	9.550000e+00	-1.99986e-02	-8.83011e-03	8.830113e-03	
393	9.600000e+00	-1.99986e-02	-8.87996e-03	8.879959e-03	
394	9.650000e+00	-1.99986e-02	-8.92981e-03	8.929806e-03	
395	9.700000e+00	-1.99986e-02	-8.97965e-03	8.979653e-03	
396	9.750000e+00	-1.99986e-02	-9.02950e-03	9.029502e-03	
397	9.800000e+00	-1.99986e-02	-9.07935e-03	9.079351e-03	
398	9.850000e+00	-1.99986e-02	-9.12920e-03	9.129201e-03	
399	9.900000e+00	-1.99986e-02	-9.17905e-03	9.179051e-03	
400	9.950000e+00	-1.99986e-02	-9.22890e-03	9.228903e-03	
401	1.000000e+01	-1.99986e-02	-9.27875e-03	9.278755e-03	
402	0.000000e+00	-8.35480e-11	4.160458e-11	-4.16046e-11	

Index   v-sweep         v1#branch       v2#branch       v_u_ic1#branch  
--------------------------------------------------------------------------------
403	5.000000e-02	-9.44205e-11	4.069468e-11	-4.06947e-11	
404	1.000000e-01	-1.68762e-10	3.726552e-11	-3.72655e-11	
405	1.500000e-01	-6.80774e-10	2.336265e-11	-2.33626e-11	
406	2.000000e-01	-4.21080e-09	-3.47671e-11	3.476712e-11	
407	2.500000e-01	-2.85374e-08	-2.84272e-10	2.842719e-10	
408	3.000000e-01	-1.96171e-07	-1.39256e-09	1.392556e-09	
409	3.500000e-01	-1.35111e-06	-6.55279e-09	6.552788e-09	
410	4.000000e-01	-9.30060e-06	-3.20547e-08	3.205468e-08	
411	4.500000e-01	-6.37335e-05	-1.66467e-07	1.664674e-07	
412	5.000000e-01	-4.25555e-04	-9.05914e-07	9.059143e-07	
413	5.500000e-01	-2.49593e-03	-4.68959e-06	4.689593e-06	
414	6.000000e-01	-9.77659e-03	-1.78573e-05	1.785729e-05	
415	6.500000e-01	-2.25473e-02	-4.35057e-05	4.350570e-05	
416	7.000000e-01	-3.66210e-02	-7.76462e-05	7.764617e-05	
417	7.500000e-01	-3.99388e-02	-1.21824e-04	1.218240e-04	
418	8.000000e-01	-3.99588e-02	-1.68190e-04	1.681904e-04	
419	8.500000e-01	-3.99681e-02	-2.14877e-04	2.148769e-04	
420	9.000000e-01	-3.99737e-02	-2.61867e-04	2.618672e-04	
421	9.500000e-01	-3.99775e-02	-3.09122e-04	3.091222e-04	
422	1.000000e+00	-3.99803e-02	-3.56605e-04	3.566050e-04	
423	1.050000e+00	-3.99824e-02	-4.04284e-04	4.042835e-04	
424	1.100000e+00	-3.99841e-02	-4.52133e-04	4.521325e-04	
425	1.150000e+00	-3.99855e-02	-5.00130e-04	5.001297e-04	
426	1.200000e+00	-3.99866e-02	-5.48257e-04	5.482568e-04	
427	1.250000e+00	-3.99875e-02	-5.96499e-04	5.964987e-04	
428	1.300000e+00	-3.99883e-02	-6.44843e-04	6.448426e-04	
429	1.350000e+00	-3.99890e-02	-6.93278e-04	6.932778e-04	
430	1.400000e+00	-3.99896e-02	-7.41795e-04	7.417949e-04	
431	1.450000e+00	-3.99902e-02	-7.90386e-04	7.903861e-04	
432	1.500000e+00	-3.99907e-02	-8.39045e-04	8.390445e-04	
433	1.550000e+00	-3.99911e-02	-8.87764e-04	8.877642e-04	
434	1.600000e+00	-3.99915e-02	-9.36540e-04	9.365398e-04	
435	1.650000e+00	-3.99918e-02	-9.85367e-04	9.853668e-04	
436	1.700000e+00	-3.99921e-02	-1.03424e-03	1.034241e-03	
437	1.750000e+00	-3.99924e-02	-1.08316e-03	1.083159e-03	
438	1.800000e+00	-3.99926e-02	-1.13212e-03	1.132118e-03	
439	1.850000e+00	-3.99929e-02	-1.18111e-03	1.181114e-03	
440	1.900000e+00	-3.99931e-02	-1.23015e-03	1.230145e-03	
441	1.950000e+00	-3.99933e-02	-1.27921e-03	1.279209e-03	
442	2.000000e+00	-3.99935e-02	-1.32830e-03	1.328303e-03	
443	2.050000e+00	-3.99937e-02	-1.37743e-03	1.377427e-03	
444	2.100000e+00	-3.99938e-02	-1.42658e-03	1.426577e-03	
445	2.150000e+00	-3.99940e-02	-1.47575e-03	1.475752e-03	
446	2.200000e+00	-3.99941e-02	-1.52495e-03	1.524952e-03	
447	2.250000e+00	-3.99942e-02	-1.57417e-03	1.574173e-03	
448	2.300000e+00	-3.99944e-02	-1.62342e-03	1.623417e-03	
449	2.350000e+00	-3.99945e-02	-1.67268e-03	1.672680e-03	
450	2.400000e+00	-3.99946e-02	-1.72196e-03	1.721963e-03	
451	2.450000e+00	-3.99947e-02	-1.77126e-03	1.771264e-03	
452	2.500000e+00	-3.99948e-02	-1.82058e-03	1.820582e-03	
453	2.550000e+00	-3.99949e-02	-1.86992e-03	1.869916e-03	
454	2.600000e+00	-3.99950e-02	-1.91927e-03	1.919267e-03	
455	2.650000e+00	-3.99951e-02	-1.96863e-03	1.968632e-03	
456	2.700000e+00	-3.99951e-02	-2.01801e-03	2.018011e-03	
457	2.750000e+00	-3.99952e-02	-2.06740e-03	2.067404e-03	
458	2.800000e+00	-3.99953e-02	-2.11681e-03	2.116811e-03	
459	2.850000e+00	-3.99954e-02	-2.16623e-03	2.166230e-03	
460	2.900000e+00	-3.99954e-02	-2.21566e-03	2.215660e-03	

Index   v-sweep         v1#branch       v2#branch       v_u_ic1#branch  
--------------------------------------------------------------------------------
461	2.950000e+00	-3.99955e-02	-2.26510e-03	2.265103e-03	
462	3.000000e+00	-3.99955e-02	-2.31456e-03	2.314556e-03	
463	3.050000e+00	-3.99956e-02	-2.36402e-03	2.364020e-03	
464	3.100000e+00	-3.99957e-02	-2.41349e-03	2.413495e-03	
465	3.150000e+00	-3.99957e-02	-2.46298e-03	2.462979e-03	
466	3.200000e+00	-3.99958e-02	-2.51247e-03	2.512472e-03	
467	3.250000e+00	-3.99958e-02	-2.56198e-03	2.561975e-03	
468	3.300000e+00	-3.99959e-02	-2.61149e-03	2.611487e-03	
469	3.350000e+00	-3.99959e-02	-2.66101e-03	2.661007e-03	
470	3.400000e+00	-3.99959e-02	-2.71054e-03	2.710535e-03	
471	3.450000e+00	-3.99960e-02	-2.76007e-03	2.760071e-03	
472	3.500000e+00	-3.99960e-02	-2.80962e-03	2.809615e-03	
473	3.550000e+00	-3.99961e-02	-2.85917e-03	2.859167e-03	
474	3.600000e+00	-3.99961e-02	-2.90873e-03	2.908725e-03	
475	3.650000e+00	-3.99961e-02	-2.95829e-03	2.958291e-03	
476	3.700000e+00	-3.99962e-02	-3.00786e-03	3.007863e-03	
477	3.750000e+00	-3.99962e-02	-3.05744e-03	3.057442e-03	
478	3.800000e+00	-3.99962e-02	-3.10703e-03	3.107027e-03	
479	3.850000e+00	-3.99963e-02	-3.15662e-03	3.156618e-03	
480	3.900000e+00	-3.99963e-02	-3.20622e-03	3.206216e-03	
481	3.950000e+00	-3.99963e-02	-3.25582e-03	3.255819e-03	
482	4.000000e+00	-3.99964e-02	-3.30543e-03	3.305427e-03	
483	4.050000e+00	-3.99964e-02	-3.35504e-03	3.355042e-03	
484	4.100000e+00	-3.99964e-02	-3.40466e-03	3.404661e-03	
485	4.150000e+00	-3.99964e-02	-3.45429e-03	3.454286e-03	
486	4.200000e+00	-3.99965e-02	-3.50392e-03	3.503915e-03	
487	4.250000e+00	-3.99965e-02	-3.55355e-03	3.553550e-03	
488	4.300000e+00	-3.99965e-02	-3.60319e-03	3.603189e-03	
489	4.350000e+00	-3.99965e-02	-3.65283e-03	3.652833e-03	
490	4.400000e+00	-3.99966e-02	-3.70248e-03	3.702482e-03	
491	4.450000e+00	-3.99966e-02	-3.75213e-03	3.752135e-03	
492	4.500000e+00	-3.99966e-02	-3.80179e-03	3.801792e-03	
493	4.550000e+00	-3.99966e-02	-3.85145e-03	3.851454e-03	
494	4.600000e+00	-3.99966e-02	-3.90112e-03	3.901119e-03	
495	4.650000e+00	-3.99967e-02	-3.95079e-03	3.950789e-03	
496	4.700000e+00	-3.99967e-02	-4.00046e-03	4.000462e-03	
497	4.750000e+00	-3.99967e-02	-4.05014e-03	4.050139e-03	
498	4.800000e+00	-3.99967e-02	-4.09982e-03	4.099820e-03	
499	4.850000e+00	-3.99967e-02	-4.14950e-03	4.149505e-03	
500	4.900000e+00	-3.99968e-02	-4.19919e-03	4.199193e-03	
501	4.950000e+00	-3.99968e-02	-4.24888e-03	4.248885e-03	
502	5.000000e+00	-3.99968e-02	-4.29858e-03	4.298580e-03	
503	5.050000e+00	-3.99968e-02	-4.34828e-03	4.348278e-03	
504	5.100000e+00	-3.99968e-02	-4.39798e-03	4.397979e-03	
505	5.150000e+00	-3.99968e-02	-4.44768e-03	4.447684e-03	
506	5.200000e+00	-3.99968e-02	-4.49739e-03	4.497392e-03	
507	5.250000e+00	-3.99969e-02	-4.54710e-03	4.547103e-03	
508	5.300000e+00	-3.99969e-02	-4.59682e-03	4.596817e-03	
509	5.350000e+00	-3.99969e-02	-4.64653e-03	4.646534e-03	
510	5.400000e+00	-3.99969e-02	-4.69625e-03	4.696253e-03	
511	5.450000e+00	-3.99969e-02	-4.74598e-03	4.745976e-03	
512	5.500000e+00	-3.99969e-02	-4.79570e-03	4.795701e-03	
513	5.550000e+00	-3.99969e-02	-4.84543e-03	4.845429e-03	
514	5.600000e+00	-3.99970e-02	-4.89516e-03	4.895159e-03	
515	5.650000e+00	-3.99970e-02	-4.94489e-03	4.944892e-03	
516	5.700000e+00	-3.99970e-02	-4.99463e-03	4.994628e-03	
517	5.750000e+00	-3.99970e-02	-5.04437e-03	5.044366e-03	
518	5.800000e+00	-3.99970e-02	-5.09411e-03	5.094106e-03	

Index   v-sweep         v1#branch       v2#branch       v_u_ic1#branch  
--------------------------------------------------------------------------------
519	5.850000e+00	-3.99970e-02	-5.14385e-03	5.143849e-03	
520	5.900000e+00	-3.99970e-02	-5.19359e-03	5.193595e-03	
521	5.950000e+00	-3.99970e-02	-5.24334e-03	5.243342e-03	
522	6.000000e+00	-3.99970e-02	-5.29309e-03	5.293092e-03	
523	6.050000e+00	-3.99971e-02	-5.34284e-03	5.342844e-03	
524	6.100000e+00	-3.99971e-02	-5.39260e-03	5.392598e-03	
525	6.150000e+00	-3.99971e-02	-5.44235e-03	5.442355e-03	
526	6.200000e+00	-3.99971e-02	-5.49211e-03	5.492113e-03	
527	6.250000e+00	-3.99971e-02	-5.54187e-03	5.541874e-03	
528	6.300000e+00	-3.99971e-02	-5.59164e-03	5.591637e-03	
529	6.350000e+00	-3.99971e-02	-5.64140e-03	5.641401e-03	
530	6.400000e+00	-3.99971e-02	-5.69117e-03	5.691168e-03	
531	6.450000e+00	-3.99971e-02	-5.74094e-03	5.740936e-03	
532	6.500000e+00	-3.99971e-02	-5.79071e-03	5.790707e-03	
533	6.550000e+00	-3.99971e-02	-5.84048e-03	5.840479e-03	
534	6.600000e+00	-3.99972e-02	-5.89025e-03	5.890253e-03	
535	6.650000e+00	-3.99972e-02	-5.94003e-03	5.940029e-03	
536	6.700000e+00	-3.99972e-02	-5.98981e-03	5.989807e-03	
537	6.750000e+00	-3.99972e-02	-6.03959e-03	6.039586e-03	
538	6.800000e+00	-3.99972e-02	-6.08937e-03	6.089367e-03	
539	6.850000e+00	-3.99972e-02	-6.13915e-03	6.139150e-03	
540	6.900000e+00	-3.99972e-02	-6.18893e-03	6.188934e-03	
541	6.950000e+00	-3.99972e-02	-6.23872e-03	6.238721e-03	
542	7.000000e+00	-3.99972e-02	-6.28851e-03	6.288508e-03	
543	7.050000e+00	-3.99972e-02	-6.33830e-03	6.338298e-03	
544	7.100000e+00	-3.99972e-02	-6.38809e-03	6.388089e-03	
545	7.150000e+00	-3.99972e-02	-6.43788e-03	6.437881e-03	
546	7.200000e+00	-3.99972e-02	-6.48768e-03	6.487675e-03	
547	7.250000e+00	-3.99973e-02	-6.53747e-03	6.537471e-03	
548	7.300000e+00	-3.99973e-02	-6.58727e-03	6.587268e-03	
549	7.350000e+00	-3.99973e-02	-6.63707e-03	6.637066e-03	
550	7.400000e+00	-3.99973e-02	-6.68687e-03	6.686866e-03	
551	7.450000e+00	-3.99973e-02	-6.73667e-03	6.736667e-03	
552	7.500000e+00	-3.99973e-02	-6.78647e-03	6.786470e-03	
553	7.550000e+00	-3.99973e-02	-6.83627e-03	6.836274e-03	
554	7.600000e+00	-3.99973e-02	-6.88608e-03	6.886079e-03	
555	7.650000e+00	-3.99973e-02	-6.93589e-03	6.935886e-03	
556	7.700000e+00	-3.99973e-02	-6.98569e-03	6.985694e-03	
557	7.750000e+00	-3.99973e-02	-7.03550e-03	7.035503e-03	
558	7.800000e+00	-3.99973e-02	-7.08531e-03	7.085314e-03	
559	7.850000e+00	-3.99973e-02	-7.13513e-03	7.135125e-03	
560	7.900000e+00	-3.99973e-02	-7.18494e-03	7.184939e-03	
561	7.950000e+00	-3.99973e-02	-7.23475e-03	7.234753e-03	
562	8.000000e+00	-3.99973e-02	-7.28457e-03	7.284568e-03	
563	8.050000e+00	-3.99973e-02	-7.33439e-03	7.334385e-03	
564	8.100000e+00	-3.99973e-02	-7.38420e-03	7.384203e-03	
565	8.150000e+00	-3.99974e-02	-7.43402e-03	7.434022e-03	
566	8.200000e+00	-3.99974e-02	-7.48384e-03	7.483842e-03	
567	8.250000e+00	-3.99974e-02	-7.53366e-03	7.533664e-03	
568	8.300000e+00	-3.99974e-02	-7.58349e-03	7.583486e-03	
569	8.350000e+00	-3.99974e-02	-7.63331e-03	7.633310e-03	
570	8.400000e+00	-3.99974e-02	-7.68313e-03	7.683134e-03	
571	8.450000e+00	-3.99974e-02	-7.73296e-03	7.732960e-03	
572	8.500000e+00	-3.99974e-02	-7.78279e-03	7.782787e-03	
573	8.550000e+00	-3.99974e-02	-7.83261e-03	7.832615e-03	
574	8.600000e+00	-3.99974e-02	-7.88244e-03	7.882443e-03	
575	8.650000e+00	-3.99974e-02	-7.93227e-03	7.932273e-03	
576	8.700000e+00	-3.99974e-02	-7.98210e-03	7.982104e-03	

Index   v-sweep         v1#branch       v2#branch       v_u_ic1#branch  
--------------------------------------------------------------------------------
577	8.750000e+00	-3.99974e-02	-8.03194e-03	8.031936e-03	
578	8.800000e+00	-3.99974e-02	-8.08177e-03	8.081769e-03	
579	8.850000e+00	-3.99974e-02	-8.13160e-03	8.131603e-03	
580	8.900000e+00	-3.99974e-02	-8.18144e-03	8.181438e-03	
581	8.950000e+00	-3.99974e-02	-8.23127e-03	8.231274e-03	
582	9.000000e+00	-3.99974e-02	-8.28111e-03	8.281110e-03	
583	9.050000e+00	-3.99974e-02	-8.33095e-03	8.330948e-03	
584	9.100000e+00	-3.99974e-02	-8.38079e-03	8.380786e-03	
585	9.150000e+00	-3.99974e-02	-8.43063e-03	8.430626e-03	
586	9.200000e+00	-3.99974e-02	-8.48047e-03	8.480466e-03	
587	9.250000e+00	-3.99974e-02	-8.53031e-03	8.530308e-03	
588	9.300000e+00	-3.99974e-02	-8.58015e-03	8.580150e-03	
589	9.350000e+00	-3.99974e-02	-8.62999e-03	8.629993e-03	
590	9.400000e+00	-3.99974e-02	-8.67984e-03	8.679836e-03	
591	9.450000e+00	-3.99975e-02	-8.72968e-03	8.729681e-03	
592	9.500000e+00	-3.99975e-02	-8.77953e-03	8.779527e-03	
593	9.550000e+00	-3.99975e-02	-8.82937e-03	8.829373e-03	
594	9.600000e+00	-3.99975e-02	-8.87922e-03	8.879220e-03	
595	9.650000e+00	-3.99975e-02	-8.92907e-03	8.929068e-03	
596	9.700000e+00	-3.99975e-02	-8.97892e-03	8.978917e-03	
597	9.750000e+00	-3.99975e-02	-9.02877e-03	9.028767e-03	
598	9.800000e+00	-3.99975e-02	-9.07862e-03	9.078617e-03	
599	9.850000e+00	-3.99975e-02	-9.12847e-03	9.128468e-03	
600	9.900000e+00	-3.99975e-02	-9.17832e-03	9.178320e-03	
601	9.950000e+00	-3.99975e-02	-9.22817e-03	9.228173e-03	
602	1.000000e+01	-3.99975e-02	-9.27803e-03	9.278026e-03	
603	0.000000e+00	-1.23833e-10	6.160458e-11	-6.16046e-11	
604	5.000000e-02	-1.36127e-10	6.069468e-11	-6.06947e-11	
605	1.000000e-01	-2.19847e-10	5.726535e-11	-5.72653e-11	
606	1.500000e-01	-7.96377e-10	4.336242e-11	-4.33624e-11	
607	2.000000e-01	-4.77291e-09	-1.47669e-11	1.476691e-11	
608	2.500000e-01	-3.21853e-08	-2.64272e-10	2.642720e-10	
609	3.000000e-01	-2.21144e-07	-1.37256e-09	1.372557e-09	
610	3.500000e-01	-1.52342e-06	-6.53279e-09	6.532791e-09	
611	4.000000e-01	-1.04900e-05	-3.20347e-08	3.203467e-08	
612	4.500000e-01	-7.19066e-05	-1.66447e-07	1.664465e-07	
613	5.000000e-01	-4.80265e-04	-9.05857e-07	9.058574e-07	
614	5.500000e-01	-2.81715e-03	-4.68855e-06	4.688553e-06	
615	6.000000e-01	-1.10334e-02	-1.78463e-05	1.784630e-05	
616	6.500000e-01	-2.54448e-02	-4.34663e-05	4.346632e-05	
617	7.000000e-01	-4.13216e-02	-7.75556e-05	7.755563e-05	
618	7.500000e-01	-5.58313e-02	-1.16399e-04	1.163987e-04	
619	8.000000e-01	-5.99267e-02	-1.61802e-04	1.618018e-04	
620	8.500000e-01	-5.99492e-02	-2.09171e-04	2.091712e-04	
621	9.000000e-01	-5.99596e-02	-2.56693e-04	2.566933e-04	
622	9.500000e-01	-5.99660e-02	-3.04382e-04	3.043816e-04	
623	1.000000e+00	-5.99705e-02	-3.52226e-04	3.522255e-04	
624	1.050000e+00	-5.99738e-02	-4.00210e-04	4.002104e-04	
625	1.100000e+00	-5.99764e-02	-4.48322e-04	4.483216e-04	
626	1.150000e+00	-5.99785e-02	-4.96546e-04	4.965461e-04	
627	1.200000e+00	-5.99802e-02	-5.44872e-04	5.448722e-04	
628	1.250000e+00	-5.99816e-02	-5.93289e-04	5.932895e-04	
629	1.300000e+00	-5.99828e-02	-6.41789e-04	6.417892e-04	
630	1.350000e+00	-5.99838e-02	-6.90364e-04	6.903636e-04	
631	1.400000e+00	-5.99847e-02	-7.39006e-04	7.390059e-04	
632	1.450000e+00	-5.99855e-02	-7.87710e-04	7.877102e-04	
633	1.500000e+00	-5.99862e-02	-8.36471e-04	8.364712e-04	
634	1.550000e+00	-5.99868e-02	-8.85284e-04	8.852844e-04	

Index   v-sweep         v1#branch       v2#branch       v_u_ic1#branch  
--------------------------------------------------------------------------------
635	1.600000e+00	-5.99874e-02	-9.34146e-04	9.341456e-04	
636	1.650000e+00	-5.99879e-02	-9.83051e-04	9.830512e-04	
637	1.700000e+00	-5.99883e-02	-1.03200e-03	1.031998e-03	
638	1.750000e+00	-5.99888e-02	-1.08098e-03	1.080983e-03	
639	1.800000e+00	-5.99891e-02	-1.13000e-03	1.130003e-03	
640	1.850000e+00	-5.99895e-02	-1.17906e-03	1.179057e-03	
641	1.900000e+00	-5.99898e-02	-1.22814e-03	1.228142e-03	
642	1.950000e+00	-5.99901e-02	-1.27726e-03	1.277256e-03	
643	2.000000e+00	-5.99904e-02	-1.32640e-03	1.326398e-03	
644	2.050000e+00	-5.99906e-02	-1.37557e-03	1.375565e-03	
645	2.100000e+00	-5.99909e-02	-1.42476e-03	1.424757e-03	
646	2.150000e+00	-5.99911e-02	-1.47397e-03	1.473971e-03	
647	2.200000e+00	-5.99913e-02	-1.52321e-03	1.523207e-03	
648	2.250000e+00	-5.99915e-02	-1.57246e-03	1.572464e-03	
649	2.300000e+00	-5.99917e-02	-1.62174e-03	1.621740e-03	
650	2.350000e+00	-5.99919e-02	-1.67103e-03	1.671034e-03	
651	2.400000e+00	-5.99920e-02	-1.72035e-03	1.720346e-03	
652	2.450000e+00	-5.99922e-02	-1.76968e-03	1.769675e-03	
653	2.500000e+00	-5.99923e-02	-1.81902e-03	1.819020e-03	
654	2.550000e+00	-5.99925e-02	-1.86838e-03	1.868380e-03	
655	2.600000e+00	-5.99926e-02	-1.91775e-03	1.917754e-03	
656	2.650000e+00	-5.99927e-02	-1.96714e-03	1.967143e-03	
657	2.700000e+00	-5.99928e-02	-2.01654e-03	2.016544e-03	
658	2.750000e+00	-5.99929e-02	-2.06596e-03	2.065959e-03	
659	2.800000e+00	-5.99930e-02	-2.11539e-03	2.115385e-03	
660	2.850000e+00	-5.99931e-02	-2.16482e-03	2.164823e-03	
661	2.900000e+00	-5.99932e-02	-2.21427e-03	2.214273e-03	
662	2.950000e+00	-5.99933e-02	-2.26373e-03	2.263733e-03	
663	3.000000e+00	-5.99934e-02	-2.31320e-03	2.313204e-03	
664	3.050000e+00	-5.99935e-02	-2.36268e-03	2.362684e-03	
665	3.100000e+00	-5.99936e-02	-2.41217e-03	2.412174e-03	
666	3.150000e+00	-5.99937e-02	-2.46167e-03	2.461674e-03	
667	3.200000e+00	-5.99937e-02	-2.51118e-03	2.511182e-03	
668	3.250000e+00	-5.99938e-02	-2.56070e-03	2.560699e-03	
669	3.300000e+00	-5.99939e-02	-2.61022e-03	2.610224e-03	
670	3.350000e+00	-5.99940e-02	-2.65976e-03	2.659757e-03	
671	3.400000e+00	-5.99940e-02	-2.70930e-03	2.709299e-03	
672	3.450000e+00	-5.99941e-02	-2.75885e-03	2.758847e-03	
673	3.500000e+00	-5.99941e-02	-2.80840e-03	2.808403e-03	
674	3.550000e+00	-5.99942e-02	-2.85797e-03	2.857966e-03	
675	3.600000e+00	-5.99943e-02	-2.90754e-03	2.907536e-03	
676	3.650000e+00	-5.99943e-02	-2.95711e-03	2.957112e-03	
677	3.700000e+00	-5.99944e-02	-3.00669e-03	3.006695e-03	
678	3.750000e+00	-5.99944e-02	-3.05628e-03	3.056284e-03	
679	3.800000e+00	-5.99945e-02	-3.10588e-03	3.105879e-03	
680	3.850000e+00	-5.99945e-02	-3.15548e-03	3.155480e-03	
681	3.900000e+00	-5.99946e-02	-3.20509e-03	3.205086e-03	
682	3.950000e+00	-5.99946e-02	-3.25470e-03	3.254698e-03	
683	4.000000e+00	-5.99946e-02	-3.30432e-03	3.304316e-03	
684	4.050000e+00	-5.99947e-02	-3.35394e-03	3.353938e-03	
685	4.100000e+00	-5.99947e-02	-3.40357e-03	3.403566e-03	
686	4.150000e+00	-5.99948e-02	-3.45320e-03	3.453199e-03	
687	4.200000e+00	-5.99948e-02	-3.50284e-03	3.502836e-03	
688	4.250000e+00	-5.99948e-02	-3.55248e-03	3.552479e-03	
689	4.300000e+00	-5.99949e-02	-3.60213e-03	3.602125e-03	
690	4.350000e+00	-5.99949e-02	-3.65178e-03	3.651777e-03	
691	4.400000e+00	-5.99950e-02	-3.70143e-03	3.701432e-03	
692	4.450000e+00	-5.99950e-02	-3.75109e-03	3.751092e-03	

Index   v-sweep         v1#branch       v2#branch       v_u_ic1#branch  
--------------------------------------------------------------------------------
693	4.500000e+00	-5.99950e-02	-3.80076e-03	3.800756e-03	
694	4.550000e+00	-5.99950e-02	-3.85042e-03	3.850424e-03	
695	4.600000e+00	-5.99951e-02	-3.90010e-03	3.900096e-03	
696	4.650000e+00	-5.99951e-02	-3.94977e-03	3.949772e-03	
697	4.700000e+00	-5.99951e-02	-3.99945e-03	3.999451e-03	
698	4.750000e+00	-5.99952e-02	-4.04913e-03	4.049134e-03	
699	4.800000e+00	-5.99952e-02	-4.09882e-03	4.098821e-03	
700	4.850000e+00	-5.99952e-02	-4.14851e-03	4.148511e-03	
701	4.900000e+00	-5.99952e-02	-4.19821e-03	4.198205e-03	
702	4.950000e+00	-5.99953e-02	-4.24790e-03	4.247902e-03	
703	5.000000e+00	-5.99953e-02	-4.29760e-03	4.297602e-03	
704	5.050000e+00	-5.99953e-02	-4.34731e-03	4.347306e-03	
705	5.100000e+00	-5.99953e-02	-4.39701e-03	4.397013e-03	
706	5.150000e+00	-5.99954e-02	-4.44672e-03	4.446722e-03	
707	5.200000e+00	-5.99954e-02	-4.49643e-03	4.496435e-03	
708	5.250000e+00	-5.99954e-02	-4.54615e-03	4.546151e-03	
709	5.300000e+00	-5.99954e-02	-4.59587e-03	4.595869e-03	
710	5.350000e+00	-5.99955e-02	-4.64559e-03	4.645591e-03	
711	5.400000e+00	-5.99955e-02	-4.69531e-03	4.695315e-03	
712	5.450000e+00	-5.99955e-02	-4.74504e-03	4.745041e-03	
713	5.500000e+00	-5.99955e-02	-4.79477e-03	4.794771e-03	
714	5.550000e+00	-5.99955e-02	-4.84450e-03	4.844503e-03	
715	5.600000e+00	-5.99956e-02	-4.89424e-03	4.894238e-03	
716	5.650000e+00	-5.99956e-02	-4.94397e-03	4.943975e-03	
717	5.700000e+00	-5.99956e-02	-4.99371e-03	4.993714e-03	
718	5.750000e+00	-5.99956e-02	-5.04346e-03	5.043456e-03	
719	5.800000e+00	-5.99956e-02	-5.09320e-03	5.093201e-03	
720	5.850000e+00	-5.99956e-02	-5.14295e-03	5.142948e-03	
721	5.900000e+00	-5.99957e-02	-5.19270e-03	5.192697e-03	
722	5.950000e+00	-5.99957e-02	-5.24245e-03	5.242448e-03	
723	6.000000e+00	-5.99957e-02	-5.29220e-03	5.292201e-03	
724	6.050000e+00	-5.99957e-02	-5.34196e-03	5.341957e-03	
725	6.100000e+00	-5.99957e-02	-5.39171e-03	5.391714e-03	
726	6.150000e+00	-5.99957e-02	-5.44147e-03	5.441474e-03	
727	6.200000e+00	-5.99958e-02	-5.49124e-03	5.491236e-03	
728	6.250000e+00	-5.99958e-02	-5.54100e-03	5.541000e-03	
729	6.300000e+00	-5.99958e-02	-5.59077e-03	5.590766e-03	
730	6.350000e+00	-5.99958e-02	-5.64053e-03	5.640533e-03	
731	6.400000e+00	-5.99958e-02	-5.69030e-03	5.690303e-03	
732	6.450000e+00	-5.99958e-02	-5.74007e-03	5.740075e-03	
733	6.500000e+00	-5.99958e-02	-5.78985e-03	5.789848e-03	
734	6.550000e+00	-5.99959e-02	-5.83962e-03	5.839623e-03	
735	6.600000e+00	-5.99959e-02	-5.88940e-03	5.889400e-03	
736	6.650000e+00	-5.99959e-02	-5.93918e-03	5.939179e-03	
737	6.700000e+00	-5.99959e-02	-5.98896e-03	5.988960e-03	
738	6.750000e+00	-5.99959e-02	-6.03874e-03	6.038742e-03	
739	6.800000e+00	-5.99959e-02	-6.08853e-03	6.088526e-03	
740	6.850000e+00	-5.99959e-02	-6.13831e-03	6.138311e-03	
741	6.900000e+00	-5.99959e-02	-6.18810e-03	6.188098e-03	
742	6.950000e+00	-5.99960e-02	-6.23789e-03	6.237887e-03	
743	7.000000e+00	-5.99960e-02	-6.28768e-03	6.287677e-03	
744	7.050000e+00	-5.99960e-02	-6.33747e-03	6.337469e-03	
745	7.100000e+00	-5.99960e-02	-6.38726e-03	6.387263e-03	
746	7.150000e+00	-5.99960e-02	-6.43706e-03	6.437058e-03	
747	7.200000e+00	-5.99960e-02	-6.48685e-03	6.486854e-03	
748	7.250000e+00	-5.99960e-02	-6.53665e-03	6.536652e-03	
749	7.300000e+00	-5.99960e-02	-6.58645e-03	6.586451e-03	
750	7.350000e+00	-5.99960e-02	-6.63625e-03	6.636252e-03	

Index   v-sweep         v1#branch       v2#branch       v_u_ic1#branch  
--------------------------------------------------------------------------------
751	7.400000e+00	-5.99960e-02	-6.68605e-03	6.686054e-03	
752	7.450000e+00	-5.99961e-02	-6.73586e-03	6.735858e-03	
753	7.500000e+00	-5.99961e-02	-6.78566e-03	6.785662e-03	
754	7.550000e+00	-5.99961e-02	-6.83547e-03	6.835469e-03	
755	7.600000e+00	-5.99961e-02	-6.88528e-03	6.885276e-03	
756	7.650000e+00	-5.99961e-02	-6.93508e-03	6.935085e-03	
757	7.700000e+00	-5.99961e-02	-6.98490e-03	6.984895e-03	
758	7.750000e+00	-5.99961e-02	-7.03471e-03	7.034706e-03	
759	7.800000e+00	-5.99961e-02	-7.08452e-03	7.084519e-03	
760	7.850000e+00	-5.99961e-02	-7.13433e-03	7.134333e-03	
761	7.900000e+00	-5.99961e-02	-7.18415e-03	7.184148e-03	
762	7.950000e+00	-5.99961e-02	-7.23396e-03	7.233964e-03	
763	8.000000e+00	-5.99962e-02	-7.28378e-03	7.283782e-03	
764	8.050000e+00	-5.99962e-02	-7.33360e-03	7.333600e-03	
765	8.100000e+00	-5.99962e-02	-7.38342e-03	7.383420e-03	
766	8.150000e+00	-5.99962e-02	-7.43324e-03	7.433241e-03	
767	8.200000e+00	-5.99962e-02	-7.48306e-03	7.483063e-03	
768	8.250000e+00	-5.99962e-02	-7.53289e-03	7.532886e-03	
769	8.300000e+00	-5.99962e-02	-7.58271e-03	7.582710e-03	
770	8.350000e+00	-5.99962e-02	-7.63254e-03	7.632536e-03	
771	8.400000e+00	-5.99962e-02	-7.68236e-03	7.682362e-03	
772	8.450000e+00	-5.99962e-02	-7.73219e-03	7.732190e-03	
773	8.500000e+00	-5.99962e-02	-7.78202e-03	7.782018e-03	
774	8.550000e+00	-5.99962e-02	-7.83185e-03	7.831848e-03	
775	8.600000e+00	-5.99962e-02	-7.88168e-03	7.881678e-03	
776	8.650000e+00	-5.99962e-02	-7.93151e-03	7.931510e-03	
777	8.700000e+00	-5.99963e-02	-7.98134e-03	7.981342e-03	
778	8.750000e+00	-5.99963e-02	-8.03118e-03	8.031176e-03	
779	8.800000e+00	-5.99963e-02	-8.08101e-03	8.081010e-03	
780	8.850000e+00	-5.99963e-02	-8.13085e-03	8.130846e-03	
781	8.900000e+00	-5.99963e-02	-8.18068e-03	8.180682e-03	
782	8.950000e+00	-5.99963e-02	-8.23052e-03	8.230519e-03	
783	9.000000e+00	-5.99963e-02	-8.28036e-03	8.280358e-03	
784	9.050000e+00	-5.99963e-02	-8.33020e-03	8.330197e-03	
785	9.100000e+00	-5.99963e-02	-8.38004e-03	8.380037e-03	
786	9.150000e+00	-5.99963e-02	-8.42988e-03	8.429878e-03	
787	9.200000e+00	-5.99963e-02	-8.47972e-03	8.479719e-03	
788	9.250000e+00	-5.99963e-02	-8.52956e-03	8.529562e-03	
789	9.300000e+00	-5.99963e-02	-8.57941e-03	8.579406e-03	
790	9.350000e+00	-5.99963e-02	-8.62925e-03	8.629250e-03	
791	9.400000e+00	-5.99963e-02	-8.67910e-03	8.679095e-03	
792	9.450000e+00	-5.99963e-02	-8.72894e-03	8.728941e-03	
793	9.500000e+00	-5.99963e-02	-8.77879e-03	8.778788e-03	
794	9.550000e+00	-5.99964e-02	-8.82864e-03	8.828636e-03	
795	9.600000e+00	-5.99964e-02	-8.87848e-03	8.878485e-03	
796	9.650000e+00	-5.99964e-02	-8.92833e-03	8.928334e-03	
797	9.700000e+00	-5.99964e-02	-8.97818e-03	8.978184e-03	
798	9.750000e+00	-5.99964e-02	-9.02803e-03	9.028035e-03	
799	9.800000e+00	-5.99964e-02	-9.07789e-03	9.077886e-03	
800	9.850000e+00	-5.99964e-02	-9.12774e-03	9.127739e-03	
801	9.900000e+00	-5.99964e-02	-9.17759e-03	9.177592e-03	
802	9.950000e+00	-5.99964e-02	-9.22745e-03	9.227446e-03	
803	1.000000e+01	-5.99964e-02	-9.27730e-03	9.277301e-03	
