          * c:\users\mamat\esim-workspace\aoi_sn74s64\aoi_sn74s64.cir
          Transient Analysis  Sun Jun 29 18:05:29  2025
--------------------------------------------------------------------------------
Index   time            v1#branch       v2#branch       v3#branch       
--------------------------------------------------------------------------------
0	5.003455e+00	9.790161e-07	-1.22308e-08	1.970049e-07	
1	5.007255e+00	2.092951e-10	5.782334e-13	9.025222e-13	
2	5.014855e+00	-8.85706e-11	-5.78209e-13	-9.02503e-13	
3	5.023288e+00	9.726148e-11	5.781866e-13	9.024853e-13	
4	5.040156e+00	-9.22141e-11	-5.78176e-13	-9.02477e-13	
5	5.063974e+00	9.481273e-11	5.781677e-13	9.024705e-13	
6	5.111609e+00	-9.36060e-11	-5.78164e-13	-9.02467e-13	
7	5.161609e+00	9.411274e-11	5.781601e-13	9.024646e-13	
8	5.211609e+00	-9.38549e-11	-5.78156e-13	-9.02462e-13	
9	5.261609e+00	9.399679e-11	5.781526e-13	9.024588e-13	
10	5.311609e+00	-9.39229e-11	-5.78149e-13	-9.02456e-13	
11	5.361609e+00	9.395922e-11	5.781452e-13	9.024530e-13	
12	5.411609e+00	-9.39436e-11	-5.78141e-13	-9.02450e-13	
13	5.461609e+00	9.394918e-11	5.781377e-13	9.024472e-13	
14	5.511609e+00	-9.39440e-11	-5.78134e-13	-9.02444e-13	
15	5.561609e+00	9.394777e-11	5.781303e-13	9.024415e-13	
16	5.611609e+00	-9.39439e-11	-5.78127e-13	-9.02439e-13	
17	5.661609e+00	9.394660e-11	5.781229e-13	9.024357e-13	
18	5.711609e+00	-9.39436e-11	-5.78119e-13	-9.02433e-13	
19	5.761609e+00	9.394556e-11	5.781155e-13	9.024300e-13	
20	5.811609e+00	-9.39432e-11	-5.78112e-13	-9.02427e-13	
21	5.861609e+00	9.394463e-11	5.781080e-13	9.024243e-13	
22	5.911609e+00	-9.39427e-11	-5.78104e-13	-9.02421e-13	
23	5.961609e+00	9.394375e-11	5.781006e-13	9.024186e-13	
24	6.011609e+00	-9.39421e-11	1.202202e-11	3.186263e-08	
25	6.048193e+00	9.394281e-11	-1.19154e-11	-3.18611e-08	
26	6.081824e+00	-9.39412e-11	1.179850e-11	3.185944e-08	
27	6.124924e+00	9.394177e-11	-1.17082e-11	-3.18583e-08	
28	6.174924e+00	-9.39405e-11	1.162993e-11	3.185709e-08	
29	6.224924e+00	9.394097e-11	-1.15523e-11	-3.18561e-08	
30	6.274924e+00	-9.39399e-11	1.147422e-11	3.185490e-08	
31	6.324924e+00	9.394018e-11	-1.13963e-11	-3.18539e-08	
32	6.374924e+00	-9.39393e-11	1.131823e-11	3.185270e-08	
33	6.424924e+00	9.393939e-11	-1.12403e-11	-3.18517e-08	
34	6.474924e+00	-9.39386e-11	1.116225e-11	3.185051e-08	
35	6.524924e+00	9.393861e-11	-1.10843e-11	-3.18495e-08	
36	6.574924e+00	-9.39379e-11	1.100627e-11	3.184832e-08	
37	6.624924e+00	9.393784e-11	-1.09283e-11	-3.18473e-08	
38	6.674924e+00	-9.39372e-11	1.085029e-11	3.184612e-08	
39	6.724924e+00	9.393707e-11	-1.07724e-11	-3.18451e-08	
40	6.774924e+00	-9.39365e-11	1.069431e-11	3.184393e-08	
41	6.824924e+00	9.393629e-11	-1.06164e-11	-3.18429e-08	
42	6.874924e+00	-9.39357e-11	1.053834e-11	3.184174e-08	
43	6.924924e+00	9.393552e-11	-1.04604e-11	-3.18407e-08	
44	6.974924e+00	-9.39350e-11	1.038237e-11	3.183955e-08	
45	7.024924e+00	9.393474e-11	-1.03044e-11	-3.18385e-08	
46	7.074924e+00	-9.39342e-11	1.022640e-11	3.183736e-08	
47	7.124924e+00	9.393396e-11	-1.01485e-11	-3.18363e-08	
48	7.174924e+00	-9.39335e-11	1.007044e-11	3.183517e-08	
49	7.224924e+00	9.393317e-11	-9.99252e-12	-3.18341e-08	
50	7.274924e+00	-9.39327e-11	9.914474e-12	3.183298e-08	
51	7.324924e+00	9.393238e-11	-9.83655e-12	-3.18320e-08	
52	7.374924e+00	-9.39319e-11	9.758514e-12	3.183079e-08	
53	7.424924e+00	9.393159e-11	-9.68060e-12	-3.18298e-08	
54	7.474924e+00	-9.39312e-11	9.602556e-12	3.182860e-08	

Index   time            v1#branch       v2#branch       v3#branch       
--------------------------------------------------------------------------------
55	7.524924e+00	9.393080e-11	-9.52464e-12	-3.18276e-08	
56	7.574924e+00	-9.39304e-11	9.446601e-12	3.182641e-08	
57	7.624924e+00	9.392999e-11	-9.36868e-12	-3.18254e-08	
58	7.674924e+00	-9.39296e-11	9.290648e-12	3.182422e-08	
59	7.724924e+00	9.392919e-11	-9.21273e-12	-3.18232e-08	
60	7.774924e+00	-9.39288e-11	9.134698e-12	3.182203e-08	
61	7.824924e+00	9.392838e-11	-9.05678e-12	-3.18210e-08	
62	7.874924e+00	-9.39280e-11	8.978751e-12	3.181984e-08	
63	7.924924e+00	9.392756e-11	-8.90084e-12	-3.18188e-08	
64	7.974924e+00	-9.39272e-11	8.822806e-12	3.181765e-08	
65	8.024924e+00	9.392675e-11	-2.08877e-11	-6.36797e-08	
66	8.061516e+00	-9.39262e-11	1.940739e-11	6.367546e-08	
67	8.095156e+00	9.392557e-11	-1.77974e-11	-6.36709e-08	
68	8.138269e+00	-9.39251e-11	1.654134e-11	6.366728e-08	
69	8.188269e+00	9.392466e-11	-1.54584e-11	-6.36642e-08	
70	8.238269e+00	-9.39242e-11	1.437560e-11	6.366110e-08	
71	8.288269e+00	9.392380e-11	-1.32929e-11	-6.36580e-08	
72	8.338269e+00	-9.39234e-11	1.221034e-11	6.365491e-08	
73	8.388269e+00	9.392294e-11	-1.11279e-11	-6.36518e-08	
74	8.438269e+00	-9.39225e-11	1.004554e-11	6.364874e-08	
75	8.488269e+00	9.392207e-11	-8.96331e-12	-6.36456e-08	
76	8.538269e+00	-9.39216e-11	7.881207e-12	6.364256e-08	
77	8.588269e+00	9.392119e-11	-6.79922e-12	-6.36395e-08	
78	8.638269e+00	-9.39207e-11	5.717345e-12	6.363638e-08	
79	8.688269e+00	9.392030e-11	-4.63559e-12	-6.36333e-08	
80	8.738269e+00	-9.39198e-11	3.553952e-12	6.363021e-08	
81	8.788269e+00	9.391940e-11	-2.47243e-12	-6.36271e-08	
82	8.838269e+00	-9.39189e-11	1.391027e-12	6.362403e-08	
83	8.888269e+00	9.391849e-11	-3.09739e-13	-6.36209e-08	
84	8.938269e+00	-9.39180e-11	-7.71431e-13	6.361786e-08	
85	8.988269e+00	9.391757e-11	1.852485e-12	-6.36148e-08	
86	9.038269e+00	-9.39171e-11	-2.93342e-12	6.361169e-08	
87	9.088269e+00	9.391665e-11	4.014241e-12	-6.36086e-08	
88	9.138269e+00	-9.39162e-11	-5.09494e-12	6.360552e-08	
89	9.188269e+00	9.391571e-11	6.175530e-12	-6.36024e-08	
90	9.238269e+00	-9.39152e-11	-7.25600e-12	6.359935e-08	
91	9.288269e+00	9.391477e-11	8.336352e-12	-6.35963e-08	
92	9.338269e+00	-9.39143e-11	-9.41659e-12	6.359318e-08	
93	9.388269e+00	9.391381e-11	1.049671e-11	-6.35901e-08	
94	9.438269e+00	-9.39133e-11	-1.15767e-11	6.358701e-08	
95	9.488269e+00	9.391285e-11	1.265660e-11	-6.35839e-08	
96	9.538269e+00	-9.39124e-11	-1.37364e-11	6.358085e-08	
97	9.588269e+00	9.391188e-11	1.481602e-11	-6.35778e-08	
98	9.638269e+00	-9.39114e-11	-1.58956e-11	6.357468e-08	
99	9.688269e+00	9.391090e-11	1.697497e-11	-6.35716e-08	
100	9.738269e+00	-9.39104e-11	-1.80543e-11	6.356852e-08	
101	9.788269e+00	9.390991e-11	1.913346e-11	-6.35654e-08	
102	9.838269e+00	-9.39094e-11	-2.02125e-11	6.356236e-08	
103	9.888269e+00	9.390891e-11	2.129149e-11	-6.35593e-08	
104	9.938269e+00	-9.39084e-11	-2.23703e-11	6.355620e-08	
105	9.988269e+00	9.390790e-11	2.344904e-11	-6.35531e-08	
106	1.003827e+01	-3.19312e-08	-1.14606e-11	9.541406e-08	
107	1.007487e+01	3.193122e-08	1.177961e-11	-9.54096e-08	
108	1.010014e+01	-3.19312e-08	-1.22414e-11	9.540309e-08	
109	1.011683e+01	3.193121e-08	1.294090e-11	-9.53933e-08	
110	1.013644e+01	-3.19312e-08	-1.35361e-11	9.538491e-08	
111	1.017566e+01	3.193121e-08	1.383371e-11	-9.53807e-08	
112	1.022566e+01	-3.19312e-08	-1.40671e-11	9.537745e-08	

Index   time            v1#branch       v2#branch       v3#branch       
--------------------------------------------------------------------------------
113	1.027566e+01	3.193120e-08	1.430059e-11	-9.53742e-08	
114	1.032566e+01	-3.19312e-08	-1.45340e-11	9.537089e-08	
115	1.037566e+01	3.193120e-08	1.476745e-11	-9.53676e-08	
116	1.042566e+01	-3.19312e-08	-1.50009e-11	9.536434e-08	
117	1.047566e+01	3.193120e-08	1.523431e-11	-9.53611e-08	
118	1.052566e+01	-3.19312e-08	-1.54677e-11	9.535779e-08	
119	1.057566e+01	3.193120e-08	1.570116e-11	-9.53545e-08	
120	1.062566e+01	-3.19312e-08	-1.59346e-11	9.535124e-08	
121	1.067566e+01	3.193120e-08	1.616800e-11	-9.53480e-08	
122	1.072566e+01	-3.19312e-08	-1.64014e-11	9.534469e-08	
123	1.077566e+01	3.193119e-08	1.663484e-11	-9.53414e-08	
124	1.082566e+01	-3.19312e-08	-1.68683e-11	9.533814e-08	
125	1.087566e+01	3.193119e-08	1.710166e-11	-9.53349e-08	
126	1.092566e+01	-3.19312e-08	-1.73351e-11	9.533159e-08	
127	1.097566e+01	3.193119e-08	1.756848e-11	-9.53283e-08	
128	1.102566e+01	-3.19312e-08	-1.78019e-11	9.532504e-08	
129	1.107566e+01	3.193119e-08	1.803529e-11	-9.53218e-08	
130	1.112566e+01	-3.19312e-08	-1.82687e-11	9.531849e-08	
131	1.117566e+01	3.193118e-08	1.850209e-11	-9.53152e-08	
132	1.122566e+01	-3.19312e-08	-1.87355e-11	9.531195e-08	
133	1.127566e+01	3.193118e-08	1.896888e-11	-9.53087e-08	
134	1.132566e+01	-3.19312e-08	-1.92023e-11	9.530540e-08	
135	1.137566e+01	3.193118e-08	1.943567e-11	-9.53021e-08	
136	1.142566e+01	-3.19312e-08	-1.96691e-11	9.529886e-08	
137	1.147566e+01	3.193118e-08	1.990245e-11	-9.52956e-08	
138	1.152566e+01	-3.19312e-08	-2.01358e-11	9.529232e-08	
139	1.157566e+01	3.193118e-08	2.036922e-11	-9.52890e-08	
140	1.162566e+01	-3.19312e-08	-2.06026e-11	9.528578e-08	
141	1.167566e+01	3.193117e-08	2.083598e-11	-9.52825e-08	
142	1.172566e+01	-3.19312e-08	-2.10694e-11	9.527924e-08	
143	1.177566e+01	3.193117e-08	2.130273e-11	-9.52760e-08	
144	1.182566e+01	-3.19312e-08	-2.15361e-11	9.527270e-08	
145	1.187566e+01	3.193117e-08	2.176948e-11	-9.52694e-08	
146	1.192566e+01	-3.19312e-08	-2.20028e-11	9.526616e-08	
147	1.197566e+01	3.193117e-08	2.223621e-11	-9.52629e-08	
148	1.202566e+01	-3.19312e-08	-3.55339e-11	6.339560e-08	
149	1.202778e+01	-6.49493e-15	6.389707e-12	1.810344e-11	
150	1.203202e+01	6.492916e-15	-6.38202e-12	-1.80820e-11	
151	1.203997e+01	-6.49191e-15	6.377918e-12	1.807064e-11	
152	1.204906e+01	6.491068e-15	-6.37433e-12	-1.80607e-11	
153	1.206722e+01	-6.49065e-15	6.372540e-12	1.805569e-11	
154	1.210355e+01	6.490448e-15	-6.37164e-12	-1.80532e-11	
155	1.215355e+01	-6.49030e-15	6.370994e-12	1.805138e-11	
156	1.219907e+01	6.490136e-15	-6.37028e-12	-1.80494e-11	
157	1.224907e+01	-6.48999e-15	6.369628e-12	1.804758e-11	
158	1.229907e+01	6.489841e-15	-6.36898e-12	-1.80458e-11	
159	1.234873e+01	-6.48969e-15	6.368323e-12	1.804395e-11	
160	1.239642e+01	6.489540e-15	-6.36764e-12	-1.80421e-11	
161	1.244642e+01	-6.48939e-15	6.366991e-12	1.804025e-11	
162	1.249642e+01	6.489248e-15	-6.36634e-12	-1.80384e-11	
163	1.254642e+01	-6.48910e-15	6.365690e-12	1.803663e-11	
164	1.259642e+01	6.488958e-15	-6.36504e-12	-1.80348e-11	
165	1.264642e+01	-6.48881e-15	6.364389e-12	1.803301e-11	
166	1.269642e+01	6.488669e-15	-6.36374e-12	-1.80312e-11	
167	1.274642e+01	-6.48852e-15	6.363088e-12	1.802939e-11	
168	1.279642e+01	6.488381e-15	-6.36244e-12	-1.80276e-11	
169	1.284642e+01	-6.48824e-15	6.361787e-12	1.802577e-11	
170	1.289642e+01	6.488094e-15	-6.36114e-12	-1.80240e-11	

Index   time            v1#branch       v2#branch       v3#branch       
--------------------------------------------------------------------------------
171	1.294642e+01	-6.48795e-15	6.360485e-12	1.802215e-11	
172	1.299642e+01	6.487808e-15	-6.35983e-12	-1.80203e-11	
173	1.304642e+01	-6.48767e-15	6.359184e-12	1.801853e-11	
174	1.309642e+01	6.487523e-15	-6.35853e-12	-1.80167e-11	
175	1.314642e+01	-6.48738e-15	6.357882e-12	1.801490e-11	
176	1.319642e+01	6.487239e-15	-6.35723e-12	-1.80131e-11	
177	1.324642e+01	-6.48710e-15	6.356579e-12	1.801128e-11	
178	1.329642e+01	6.486955e-15	-6.35593e-12	-1.80095e-11	
179	1.334642e+01	-6.48681e-15	6.355277e-12	1.800766e-11	
180	1.339642e+01	6.486673e-15	-6.35463e-12	-1.80058e-11	
181	1.344642e+01	-6.48653e-15	6.353974e-12	1.800403e-11	
182	1.349642e+01	6.486391e-15	-6.35332e-12	-1.80022e-11	
183	1.354642e+01	-6.48625e-15	6.352671e-12	1.800041e-11	
184	1.359642e+01	6.486110e-15	-6.35202e-12	-1.79986e-11	
185	1.364642e+01	-6.48597e-15	6.351368e-12	1.799678e-11	
186	1.369642e+01	6.485829e-15	-6.35072e-12	-1.79950e-11	
187	1.374642e+01	-6.48569e-15	6.350065e-12	1.799315e-11	
188	1.379642e+01	6.485548e-15	-6.34941e-12	-1.79913e-11	
189	1.384642e+01	-6.48541e-15	6.348761e-12	1.798952e-11	
190	1.389642e+01	6.485268e-15	-6.34811e-12	-1.79877e-11	
191	1.394642e+01	-6.48513e-15	6.347457e-12	1.798590e-11	
192	1.399642e+01	6.484989e-15	-6.34681e-12	-1.79841e-11	
193	1.404642e+01	-6.55139e-15	1.894653e-11	3.188151e-08	
194	1.408243e+01	6.737609e-15	-1.88380e-11	-3.18800e-08	
195	1.411541e+01	-6.94095e-15	1.871952e-11	3.187832e-08	
196	1.415749e+01	7.100259e-15	-1.86267e-11	-3.18770e-08	
197	1.420749e+01	-7.23434e-15	1.854852e-11	3.187592e-08	
198	1.425749e+01	7.368411e-15	-1.84704e-11	-3.18748e-08	
199	1.430749e+01	-7.50248e-15	1.839223e-11	3.187372e-08	
200	1.435749e+01	7.636531e-15	-1.83141e-11	-3.18726e-08	
201	1.440749e+01	-7.77058e-15	1.823594e-11	3.187153e-08	
202	1.445749e+01	7.904617e-15	-1.81578e-11	-3.18704e-08	
203	1.450749e+01	-8.03865e-15	1.807966e-11	3.186933e-08	
204	1.455749e+01	8.172671e-15	-1.80015e-11	-3.18682e-08	
205	1.460749e+01	-8.30669e-15	1.792337e-11	3.186713e-08	
206	1.465749e+01	8.440691e-15	-1.78452e-11	-3.18660e-08	
207	1.470749e+01	-8.57469e-15	1.776709e-11	3.186494e-08	
208	1.475749e+01	8.708679e-15	-1.76890e-11	-3.18638e-08	
209	1.480749e+01	-8.84266e-15	1.761081e-11	3.186274e-08	
210	1.485749e+01	8.976634e-15	-1.75327e-11	-3.18616e-08	
211	1.490749e+01	-9.11060e-15	1.745454e-11	3.186055e-08	
212	1.495749e+01	9.244556e-15	-1.73764e-11	-3.18595e-08	
213	1.500749e+01	3.180139e-08	1.729826e-11	3.185835e-08	
214	1.501756e+01	-2.80048e-08	-1.69104e-11	-3.18529e-08	
215	1.502735e+01	2.750972e-08	1.651130e-11	3.184731e-08	
216	1.503348e+01	-2.79493e-08	-1.58743e-11	-3.18384e-08	
217	1.504072e+01	2.754762e-08	1.533432e-11	3.183080e-08	
218	1.505518e+01	-2.78917e-08	-1.50644e-11	-3.18270e-08	
219	1.507228e+01	2.761585e-08	1.483588e-11	3.182382e-08	
220	1.510081e+01	-2.78166e-08	-1.46990e-11	-3.18219e-08	
221	1.514916e+01	2.769740e-08	1.461820e-11	3.182077e-08	
222	1.519916e+01	-2.77548e-08	-1.45401e-11	-3.18197e-08	
223	1.524916e+01	2.772736e-08	1.446197e-11	3.181858e-08	
224	1.529916e+01	-2.77387e-08	-1.43839e-11	-3.18175e-08	
225	1.534916e+01	2.773841e-08	1.430575e-11	3.181639e-08	
226	1.539916e+01	-2.77382e-08	-1.42276e-11	-3.18153e-08	
227	1.544916e+01	2.773795e-08	1.414953e-11	3.181420e-08	
228	1.549916e+01	-2.77377e-08	-1.40714e-11	-3.18131e-08	

Index   time            v1#branch       v2#branch       v3#branch       
--------------------------------------------------------------------------------
229	1.554916e+01	2.773753e-08	1.399331e-11	3.181202e-08	
230	1.559916e+01	-2.77373e-08	-1.39152e-11	-3.18109e-08	
231	1.564916e+01	2.773713e-08	1.383709e-11	3.180983e-08	
232	1.569916e+01	-2.77369e-08	-1.37590e-11	-3.18087e-08	
233	1.574916e+01	2.773675e-08	1.368088e-11	3.180764e-08	
234	1.579916e+01	-2.77366e-08	-1.36028e-11	-3.18066e-08	
235	1.584916e+01	2.773638e-08	1.352467e-11	3.180546e-08	
236	1.589916e+01	-2.77362e-08	-1.34466e-11	-3.18044e-08	
237	1.594916e+01	2.773602e-08	1.336846e-11	3.180327e-08	
238	1.599916e+01	-2.77358e-08	-1.32904e-11	-3.18022e-08	
239	1.604916e+01	2.773567e-08	3.186103e-08	1.307239e-08	
240	1.605836e+01	-2.77348e-08	-2.45487e-08	-5.75236e-09	
241	1.606792e+01	2.773389e-08	2.778814e-08	1.259551e-08	
242	1.607573e+01	-2.77329e-08	-2.25492e-08	-7.35480e-09	
243	1.608355e+01	2.773188e-08	2.723551e-08	1.239358e-08	
244	1.609427e+01	-2.77312e-08	-2.24377e-08	-7.59401e-09	
245	1.611209e+01	2.773074e-08	2.693743e-08	1.227605e-08	
246	1.613882e+01	-2.77305e-08	-2.27700e-08	-8.10797e-09	
247	1.618882e+01	2.773031e-08	2.682698e-08	1.223099e-08	
248	1.623882e+01	-2.77302e-08	-2.32248e-08	-8.62854e-09	
249	1.628882e+01	2.773001e-08	2.596978e-08	1.214322e-08	
250	1.633882e+01	-2.77299e-08	-2.27146e-08	-8.88787e-09	
251	1.638882e+01	2.772971e-08	2.511150e-08	1.205573e-08	
252	1.643882e+01	-2.77296e-08	-2.22037e-08	-9.14783e-09	
253	1.648882e+01	2.772941e-08	2.429419e-08	1.196851e-08	
254	1.653348e+01	-2.77292e-08	-2.16441e-08	-9.31842e-09	
255	1.657617e+01	2.772907e-08	2.339621e-08	1.186892e-08	
256	1.662025e+01	-2.77289e-08	-2.11159e-08	-9.58873e-09	
257	1.666718e+01	2.772875e-08	2.254223e-08	1.177354e-08	
258	1.671718e+01	-2.77286e-08	-2.06816e-08	-9.91336e-09	
259	1.676718e+01	2.772845e-08	2.177629e-08	1.168734e-08	
260	1.681718e+01	-2.77283e-08	-2.02287e-08	-1.01403e-08	
261	1.686718e+01	2.772816e-08	2.137343e-08	1.160133e-08	
262	1.691718e+01	-2.77280e-08	-2.00050e-08	-1.02336e-08	
263	1.696718e+01	2.772787e-08	2.128795e-08	1.157204e-08	
264	1.701718e+01	-2.77277e-08	-1.99609e-08	-1.02456e-08	
265	1.706718e+01	2.772758e-08	2.042325e-08	1.148628e-08	
266	1.711718e+01	-2.77274e-08	-1.94455e-08	-1.05093e-08	
267	1.716718e+01	2.772729e-08	1.962007e-08	1.140079e-08	
268	1.721718e+01	-2.77271e-08	-1.89690e-08	-1.07506e-08	
269	1.726718e+01	2.772700e-08	1.885238e-08	1.131566e-08	
270	1.731718e+01	-2.77269e-08	-1.85148e-08	-1.09790e-08	
271	1.736718e+01	2.772671e-08	1.817736e-08	1.123088e-08	
272	1.741718e+01	-2.77266e-08	-1.81190e-08	-1.11736e-08	
273	1.746718e+01	2.772642e-08	1.806384e-08	1.114950e-08	
274	1.751718e+01	-2.77263e-08	-1.80657e-08	-1.11525e-08	
275	1.756718e+01	2.772613e-08	1.806480e-08	1.115264e-08	
276	1.761718e+01	-2.77260e-08	-1.80639e-08	-1.11528e-08	
277	1.766718e+01	2.772585e-08	1.806293e-08	1.115293e-08	
278	1.771718e+01	-2.77257e-08	-1.80620e-08	-1.11531e-08	
279	1.776718e+01	2.772556e-08	1.806103e-08	1.115320e-08	
280	1.781718e+01	-2.77254e-08	-1.80601e-08	-1.11533e-08	
281	1.786718e+01	2.772528e-08	1.805913e-08	1.115347e-08	
282	1.791718e+01	-2.77251e-08	-1.80582e-08	-1.11536e-08	
283	1.796718e+01	2.772499e-08	1.805720e-08	1.115371e-08	
284	1.801718e+01	-2.77248e-08	-1.80682e-08	7.572986e-09	
285	1.805385e+01	2.772466e-08	1.806766e-08	-7.57356e-09	
286	1.808758e+01	-2.77244e-08	-1.80670e-08	7.574193e-09	

Index   time            v1#branch       v2#branch       v3#branch       
--------------------------------------------------------------------------------
287	1.813083e+01	2.772428e-08	1.806654e-08	-7.57469e-09	
288	1.818083e+01	-2.77241e-08	-1.80661e-08	7.575113e-09	
289	1.823083e+01	2.772400e-08	1.806568e-08	-7.57554e-09	
290	1.828083e+01	-2.77239e-08	-1.80653e-08	7.575968e-09	
291	1.833083e+01	2.772372e-08	1.806483e-08	-7.57640e-09	
292	1.838083e+01	-2.77236e-08	-1.80644e-08	7.576826e-09	
293	1.843083e+01	2.772343e-08	1.806397e-08	-7.57726e-09	
294	1.848083e+01	-2.77233e-08	-1.80635e-08	7.577686e-09	
295	1.853083e+01	2.772315e-08	1.806310e-08	-7.57812e-09	
296	1.858083e+01	-2.77230e-08	-1.80627e-08	7.578548e-09	
297	1.863083e+01	2.772287e-08	1.806224e-08	-7.57898e-09	
298	1.868083e+01	-2.77227e-08	-1.80618e-08	7.579413e-09	
299	1.873083e+01	2.772259e-08	1.806137e-08	-7.57985e-09	
300	1.878083e+01	-2.77225e-08	-1.80609e-08	7.580279e-09	
301	1.883083e+01	2.772231e-08	1.806050e-08	-7.58071e-09	
302	1.888083e+01	-2.77222e-08	-1.80601e-08	7.581147e-09	
303	1.893083e+01	2.772203e-08	1.805963e-08	-7.58158e-09	
304	1.898083e+01	-2.77219e-08	-1.80592e-08	7.582018e-09	
305	1.903083e+01	2.772175e-08	1.805876e-08	-7.58245e-09	
306	1.908083e+01	-2.77216e-08	-1.80583e-08	7.582889e-09	
307	1.913083e+01	2.772147e-08	1.805789e-08	-7.58333e-09	
308	1.918083e+01	-2.77213e-08	-1.80575e-08	7.583763e-09	
309	1.923083e+01	2.772119e-08	1.805701e-08	-7.58420e-09	
310	1.928083e+01	-2.77211e-08	-1.80566e-08	7.584637e-09	
311	1.933083e+01	2.772092e-08	1.805614e-08	-7.58508e-09	
312	1.938083e+01	-2.77208e-08	-1.80557e-08	7.585514e-09	
313	1.943083e+01	2.772064e-08	1.805526e-08	-7.58595e-09	
314	1.948083e+01	-2.77205e-08	-1.80548e-08	7.586391e-09	
315	1.953083e+01	2.772036e-08	1.805438e-08	-7.58683e-09	
316	1.958083e+01	-2.77202e-08	-1.80539e-08	7.587270e-09	
317	1.963083e+01	2.772008e-08	1.805350e-08	-7.58771e-09	
318	1.968083e+01	-2.77199e-08	-1.80531e-08	7.588150e-09	
319	1.973083e+01	2.771981e-08	1.805262e-08	-7.58859e-09	
320	1.978083e+01	-2.77197e-08	-1.80522e-08	7.589030e-09	
321	1.983083e+01	2.771953e-08	1.805174e-08	-7.58947e-09	
322	1.988083e+01	-2.77194e-08	-1.80513e-08	7.589912e-09	
323	1.993083e+01	2.771925e-08	1.805085e-08	-7.59035e-09	
324	1.998083e+01	-2.77191e-08	-1.80504e-08	7.590795e-09	
325	2.000000e+01	2.771875e-08	1.804926e-08	-7.59195e-09	

          * c:\users\mamat\esim-workspace\aoi_sn74s64\aoi_sn74s64.cir
          Transient Analysis  Sun Jun 29 18:05:29  2025
--------------------------------------------------------------------------------
Index   time            v4#branch       v5#branch       v6#branch       
--------------------------------------------------------------------------------
0	5.003455e+00	-5.53669e-07	-4.37537e-09	-2.08432e-09	
1	5.007255e+00	-3.01988e-13	-4.96897e-13	-1.75630e-13	
2	5.014855e+00	2.230646e-13	3.775410e-13	1.361554e-13	
3	5.023288e+00	-1.59992e-13	-2.79984e-13	-1.08174e-13	
4	5.040156e+00	1.508354e-13	2.608330e-13	9.843895e-14	
5	5.063974e+00	-1.44567e-13	-2.47842e-13	-9.19567e-14	
6	5.111609e+00	1.416554e-13	2.417143e-13	8.883917e-14	
7	5.161609e+00	-1.38944e-13	-2.36012e-13	-8.59407e-14	
8	5.211609e+00	1.361025e-13	2.300514e-13	8.291183e-14	
9	5.261609e+00	-1.33521e-13	-2.24604e-13	-8.01482e-14	
10	5.311609e+00	1.310248e-13	2.193983e-13	7.751244e-14	
11	5.361609e+00	-1.28552e-13	-2.14193e-13	-7.48771e-14	
12	5.411609e+00	1.261424e-13	2.091741e-13	7.234078e-14	
13	5.461609e+00	-1.23772e-13	-2.04195e-13	-6.98254e-14	
14	5.511609e+00	1.214648e-13	1.993965e-13	6.740510e-14	
15	5.561609e+00	-1.19195e-13	-1.94638e-13	-6.50063e-14	
16	5.611609e+00	1.169834e-13	1.900475e-13	6.269650e-14	
17	5.661609e+00	-1.14809e-13	-1.85500e-13	-6.04096e-14	
18	5.711609e+00	1.126914e-13	1.811119e-13	5.820654e-14	
19	5.761609e+00	-1.10609e-13	-1.76766e-13	-5.60264e-14	
20	5.811609e+00	1.085802e-13	1.725714e-13	5.392583e-14	
21	5.861609e+00	-1.06586e-13	-1.68420e-13	-5.18486e-14	
22	5.911609e+00	1.046414e-13	1.644071e-13	4.984398e-14	
23	5.961609e+00	-1.02730e-13	-1.60438e-13	-4.78633e-14	
24	6.011609e+00	1.009572e-13	1.567801e-13	4.604043e-14	
25	6.048193e+00	-9.84599e-14	-1.51627e-13	-4.34770e-14	
26	6.081824e+00	9.570965e-14	1.459722e-13	4.067093e-14	
27	6.124924e+00	-9.37519e-14	-1.41926e-13	-3.86658e-14	
28	6.174924e+00	9.209859e-14	1.385459e-13	3.699356e-14	
29	6.224924e+00	-9.04439e-14	-1.35140e-13	-3.53115e-14	
30	6.274924e+00	8.883928e-14	1.318636e-13	3.369577e-14	
31	6.324924e+00	-8.72641e-14	-1.28631e-13	-3.21044e-14	
32	6.374924e+00	8.572836e-14	1.255037e-13	3.056732e-14	
33	6.424924e+00	-8.42191e-14	-1.22416e-13	-2.90521e-14	
34	6.474924e+00	8.274614e-14	1.194238e-13	2.758655e-14	
35	6.524924e+00	-8.13001e-14	-1.16474e-13	-2.61441e-14	
36	6.574924e+00	7.988867e-14	1.136150e-13	2.474871e-14	
37	6.624924e+00	-7.85029e-14	-1.10797e-13	-2.33760e-14	
38	6.674924e+00	7.715042e-14	1.080662e-13	2.204821e-14	
39	6.724924e+00	-7.58222e-14	-1.05374e-13	-2.07419e-14	
40	6.774924e+00	7.452532e-14	1.027631e-13	1.947699e-14	
41	6.824924e+00	-7.32522e-14	-1.00191e-13	-1.82336e-14	
42	6.874924e+00	7.200939e-14	9.769667e-14	1.703021e-14	
43	6.924924e+00	-7.07893e-14	-9.52405e-14	-1.58480e-14	
44	6.974924e+00	6.959777e-14	9.285725e-14	1.470315e-14	
45	7.024924e+00	-6.84281e-14	-9.05108e-14	-1.35787e-14	
46	7.074924e+00	6.728551e-14	8.823335e-14	1.248942e-14	
47	7.124924e+00	-6.61643e-14	-8.59925e-14	-1.14203e-14	
48	7.174924e+00	6.506926e-14	8.381744e-14	1.038488e-14	
49	7.224924e+00	-6.39942e-14	-8.16770e-14	-9.36857e-15	
50	7.274924e+00	6.294358e-14	7.959788e-14	8.383508e-15	
51	7.324924e+00	-6.19123e-14	-7.75525e-14	-7.41708e-15	
52	7.374924e+00	6.090417e-14	7.556509e-14	6.480127e-15	
53	7.424924e+00	-5.99150e-14	-7.36113e-14	-5.56175e-15	
54	7.474924e+00	5.894847e-14	7.171360e-14	4.671896e-15	

Index   time            v4#branch       v5#branch       v6#branch       
--------------------------------------------------------------------------------
55	7.524924e+00	-5.79997e-14	-6.98476e-14	-3.79950e-15	
56	7.574924e+00	5.707262e-14	6.803487e-14	2.954245e-15	
57	7.624924e+00	-5.61627e-14	-6.62532e-14	-2.12610e-15	
58	7.674924e+00	5.527299e-14	6.452095e-14	1.322939e-15	
59	7.724924e+00	-5.44004e-14	-6.28199e-14	-5.36848e-16	
60	7.774924e+00	5.354757e-14	6.116693e-14	-2.24887e-16	
61	7.824924e+00	-5.27107e-14	-5.95433e-14	9.704418e-16	
62	7.874924e+00	5.189211e-14	5.796422e-14	-1.69342e-15	
63	7.924924e+00	-5.10888e-14	-5.64133e-14	2.400920e-15	
64	7.974924e+00	5.030352e-14	5.490576e-14	-3.08658e-15	
65	8.024924e+00	-3.18490e-08	1.872649e-08	-1.57337e-14	
66	8.061516e+00	3.184887e-08	-1.87263e-08	2.346728e-13	
67	8.095156e+00	-3.18488e-08	1.872604e-08	-4.70278e-13	
68	8.138269e+00	3.184866e-08	-1.87259e-08	6.422831e-13	
69	8.188269e+00	-3.18486e-08	1.872573e-08	-7.89828e-13	
70	8.238269e+00	3.184851e-08	-1.87256e-08	9.295479e-13	
71	8.288269e+00	-3.18484e-08	1.872545e-08	-1.07399e-12	
72	8.338269e+00	3.184836e-08	-1.87253e-08	1.212141e-12	
73	8.388269e+00	-3.18483e-08	1.872519e-08	-1.34232e-12	
74	8.438269e+00	3.184820e-08	-1.87251e-08	1.466948e-12	
75	8.488269e+00	-3.18481e-08	1.872495e-08	-1.59334e-12	
76	8.538269e+00	3.184805e-08	-1.87248e-08	1.715096e-12	
77	8.588269e+00	-3.18480e-08	1.872472e-08	-1.82733e-12	
78	8.638269e+00	3.184790e-08	-1.87246e-08	1.935190e-12	
79	8.688269e+00	-3.18478e-08	1.872451e-08	-2.03936e-12	
80	8.738269e+00	3.184774e-08	-1.87244e-08	2.139519e-12	
81	8.788269e+00	-3.18477e-08	1.872432e-08	-2.23825e-12	
82	8.838269e+00	3.184759e-08	-1.87242e-08	2.333324e-12	
83	8.888269e+00	-3.18475e-08	1.872413e-08	-2.42732e-12	
84	8.938269e+00	3.184744e-08	-1.87240e-08	2.517991e-12	
85	8.988269e+00	-3.18474e-08	1.872396e-08	-2.60762e-12	
86	9.038269e+00	3.184728e-08	-1.87239e-08	2.694195e-12	
87	9.088269e+00	-3.18472e-08	1.872379e-08	-2.77976e-12	
88	9.138269e+00	3.184713e-08	-1.87237e-08	2.862528e-12	
89	9.188269e+00	-3.18471e-08	1.872363e-08	-2.94432e-12	
90	9.238269e+00	3.184698e-08	-1.87235e-08	3.023509e-12	
91	9.288269e+00	-3.18469e-08	1.872347e-08	-3.10176e-12	
92	9.338269e+00	3.184682e-08	-1.87234e-08	3.177600e-12	
93	9.388269e+00	-3.18467e-08	1.872333e-08	-3.25253e-12	
94	9.438269e+00	3.184667e-08	-1.87233e-08	3.325219e-12	
95	9.488269e+00	-3.18466e-08	1.872318e-08	-3.39702e-12	
96	9.538269e+00	3.184652e-08	-1.87231e-08	3.466742e-12	
97	9.588269e+00	-3.18464e-08	1.872305e-08	-3.53560e-12	
98	9.638269e+00	3.184636e-08	-1.87230e-08	3.602507e-12	
99	9.688269e+00	-3.18463e-08	1.872292e-08	-3.66858e-12	
100	9.738269e+00	3.184621e-08	-1.87229e-08	3.732823e-12	
101	9.788269e+00	-3.18461e-08	1.872279e-08	-3.79626e-12	
102	9.838269e+00	3.184606e-08	-1.87227e-08	3.857977e-12	
103	9.888269e+00	-3.18460e-08	1.872267e-08	-3.91891e-12	
104	9.938269e+00	3.184590e-08	-1.87226e-08	3.978230e-12	
105	9.988269e+00	-3.18458e-08	1.872256e-08	-4.03679e-12	
106	1.003827e+01	3.184575e-08	-1.87320e-08	1.873283e-08	
107	1.007487e+01	-3.18456e-08	1.872906e-08	-1.87358e-08	
108	1.010014e+01	3.184549e-08	-1.87291e-08	1.873581e-08	
109	1.011683e+01	-3.18453e-08	1.872918e-08	-1.87357e-08	
110	1.013644e+01	3.184507e-08	-1.87293e-08	1.873566e-08	
111	1.017566e+01	-3.18450e-08	1.872930e-08	-1.87356e-08	
112	1.022566e+01	3.184489e-08	-1.87293e-08	1.873558e-08	

Index   time            v4#branch       v5#branch       v6#branch       
--------------------------------------------------------------------------------
113	1.027566e+01	-3.18448e-08	1.872938e-08	-1.87355e-08	
114	1.032566e+01	3.184474e-08	-1.87294e-08	1.873550e-08	
115	1.037566e+01	-3.18447e-08	1.872946e-08	-1.87355e-08	
116	1.042566e+01	3.184458e-08	-1.87295e-08	1.873541e-08	
117	1.047566e+01	-3.18445e-08	1.872955e-08	-1.87354e-08	
118	1.052566e+01	3.184443e-08	-1.87296e-08	1.873532e-08	
119	1.057566e+01	-3.18444e-08	1.872964e-08	-1.87353e-08	
120	1.062566e+01	3.184428e-08	-1.87297e-08	1.873523e-08	
121	1.067566e+01	-3.18442e-08	1.872974e-08	-1.87352e-08	
122	1.072566e+01	3.184412e-08	-1.87298e-08	1.873513e-08	
123	1.077566e+01	-3.18440e-08	1.872984e-08	-1.87351e-08	
124	1.082566e+01	3.184397e-08	-1.87299e-08	1.873502e-08	
125	1.087566e+01	-3.18439e-08	1.872995e-08	-1.87350e-08	
126	1.092566e+01	3.184382e-08	-1.87300e-08	1.873491e-08	
127	1.097566e+01	-3.18437e-08	1.873006e-08	-1.87349e-08	
128	1.102566e+01	3.184366e-08	-1.87301e-08	1.873480e-08	
129	1.107566e+01	-3.18436e-08	1.873018e-08	-1.87347e-08	
130	1.112566e+01	3.184351e-08	-1.87302e-08	1.873468e-08	
131	1.117566e+01	-3.18434e-08	1.873030e-08	-1.87346e-08	
132	1.122566e+01	3.184336e-08	-1.87304e-08	1.873456e-08	
133	1.127566e+01	-3.18433e-08	1.873042e-08	-1.87345e-08	
134	1.132566e+01	3.184320e-08	-1.87305e-08	1.873443e-08	
135	1.137566e+01	-3.18431e-08	1.873054e-08	-1.87344e-08	
136	1.142566e+01	3.184305e-08	-1.87306e-08	1.873431e-08	
137	1.147566e+01	-3.18430e-08	1.873067e-08	-1.87342e-08	
138	1.152566e+01	3.184289e-08	-1.87307e-08	1.873418e-08	
139	1.157566e+01	-3.18428e-08	1.873080e-08	-1.87341e-08	
140	1.162566e+01	3.184274e-08	-1.87309e-08	1.873404e-08	
141	1.167566e+01	-3.18427e-08	1.873094e-08	-1.87340e-08	
142	1.172566e+01	3.184259e-08	-1.87310e-08	1.873391e-08	
143	1.177566e+01	-3.18425e-08	1.873107e-08	-1.87338e-08	
144	1.182566e+01	3.184243e-08	-1.87311e-08	1.873377e-08	
145	1.187566e+01	-3.18424e-08	1.873121e-08	-1.87337e-08	
146	1.192566e+01	3.184228e-08	-1.87313e-08	1.873363e-08	
147	1.197566e+01	-3.18422e-08	1.873135e-08	-1.87336e-08	
148	1.202566e+01	6.363650e-08	-1.87754e-08	1.869784e-08	
149	1.202778e+01	4.690444e-10	4.790721e-10	3.858790e-10	
150	1.203202e+01	-4.07093e-10	-3.91522e-10	-3.27770e-10	
151	1.203997e+01	3.968489e-10	3.798022e-10	3.263890e-10	
152	1.204906e+01	-3.99363e-10	-3.86966e-10	-3.31058e-10	
153	1.206722e+01	3.994435e-10	3.846282e-10	3.286072e-10	
154	1.210355e+01	-3.99495e-10	-3.84647e-10	-3.28573e-10	
155	1.215355e+01	3.995311e-10	3.846597e-10	3.285480e-10	
156	1.219907e+01	-3.99570e-10	-3.84674e-10	-3.28521e-10	
157	1.224907e+01	3.996052e-10	3.846857e-10	3.284972e-10	
158	1.229907e+01	-3.99640e-10	-3.84698e-10	-3.28474e-10	
159	1.234873e+01	3.996735e-10	3.847093e-10	3.284500e-10	
160	1.239642e+01	-3.99708e-10	-3.84721e-10	-3.28426e-10	
161	1.244642e+01	3.997406e-10	3.847322e-10	3.284032e-10	
162	1.249642e+01	-3.99773e-10	-3.84743e-10	-3.28381e-10	
163	1.254642e+01	3.998039e-10	3.847535e-10	3.283590e-10	
164	1.259642e+01	-3.99835e-10	-3.84764e-10	-3.28337e-10	
165	1.264642e+01	3.998649e-10	3.847738e-10	3.283160e-10	
166	1.269642e+01	-3.99895e-10	-3.84784e-10	-3.28295e-10	
167	1.274642e+01	3.999237e-10	3.847933e-10	3.282743e-10	
168	1.279642e+01	-3.99952e-10	-3.84803e-10	-3.28254e-10	
169	1.284642e+01	3.999805e-10	3.848118e-10	3.282339e-10	
170	1.289642e+01	-4.00008e-10	-3.84821e-10	-3.28214e-10	

Index   time            v4#branch       v5#branch       v6#branch       
--------------------------------------------------------------------------------
171	1.294642e+01	4.000354e-10	3.848296e-10	3.281946e-10	
172	1.299642e+01	-4.00062e-10	-3.84838e-10	-3.28175e-10	
173	1.304642e+01	4.000883e-10	3.848465e-10	3.281566e-10	
174	1.309642e+01	-4.00114e-10	-3.84855e-10	-3.28138e-10	
175	1.314642e+01	4.001395e-10	3.848628e-10	3.281197e-10	
176	1.319642e+01	-4.00164e-10	-3.84871e-10	-3.28102e-10	
177	1.324642e+01	4.001889e-10	3.848784e-10	3.280840e-10	
178	1.329642e+01	-4.00213e-10	-3.84886e-10	-3.28067e-10	
179	1.334642e+01	4.002366e-10	3.848935e-10	3.280494e-10	
180	1.339642e+01	-4.00260e-10	-3.84901e-10	-3.28033e-10	
181	1.344642e+01	4.002827e-10	3.849080e-10	3.280159e-10	
182	1.349642e+01	-4.00305e-10	-3.84915e-10	-3.28000e-10	
183	1.354642e+01	4.003273e-10	3.849219e-10	3.279835e-10	
184	1.359642e+01	-4.00349e-10	-3.84929e-10	-3.27968e-10	
185	1.364642e+01	4.003704e-10	3.849353e-10	3.279521e-10	
186	1.369642e+01	-4.00391e-10	-3.84942e-10	-3.27937e-10	
187	1.374642e+01	4.004120e-10	3.849483e-10	3.279217e-10	
188	1.379642e+01	-4.00432e-10	-3.84955e-10	-3.27907e-10	
189	1.384642e+01	4.004523e-10	3.849607e-10	3.278923e-10	
190	1.389642e+01	-4.00472e-10	-3.84967e-10	-3.27878e-10	
191	1.394642e+01	4.004912e-10	3.849727e-10	3.278637e-10	
192	1.399642e+01	-4.00510e-10	-3.84979e-10	-3.27850e-10	
193	1.404642e+01	4.005288e-10	3.849842e-10	3.278361e-10	
194	1.408243e+01	-4.00554e-10	-3.84992e-10	-3.27817e-10	
195	1.411541e+01	4.005811e-10	3.850002e-10	3.277975e-10	
196	1.415749e+01	-4.00602e-10	-3.85007e-10	-3.27782e-10	
197	1.420749e+01	4.006189e-10	3.850117e-10	3.277697e-10	
198	1.425749e+01	-4.00636e-10	-3.85017e-10	-3.27757e-10	
199	1.430749e+01	4.006523e-10	3.850218e-10	3.277450e-10	
200	1.435749e+01	-4.00669e-10	-3.85027e-10	-3.27733e-10	
201	1.440749e+01	4.006845e-10	3.850316e-10	3.277211e-10	
202	1.445749e+01	-4.00700e-10	-3.85036e-10	-3.27710e-10	
203	1.450749e+01	4.007157e-10	3.850410e-10	3.276980e-10	
204	1.455749e+01	-4.00731e-10	-3.85046e-10	-3.27687e-10	
205	1.460749e+01	4.007458e-10	3.850501e-10	3.276756e-10	
206	1.465749e+01	-4.00761e-10	-3.85055e-10	-3.27665e-10	
207	1.470749e+01	4.007750e-10	3.850588e-10	3.276540e-10	
208	1.475749e+01	-4.00789e-10	-3.85063e-10	-3.27643e-10	
209	1.480749e+01	4.008032e-10	3.850673e-10	3.276330e-10	
210	1.485749e+01	-4.00817e-10	-3.85071e-10	-3.27623e-10	
211	1.490749e+01	4.008304e-10	3.850754e-10	3.276127e-10	
212	1.495749e+01	-4.00844e-10	-3.85079e-10	-3.27603e-10	
213	1.500749e+01	4.008568e-10	3.850833e-10	3.275930e-10	
214	1.501756e+01	-4.00921e-10	-3.85104e-10	-3.27549e-10	
215	1.502735e+01	4.009871e-10	3.851291e-10	3.275130e-10	
216	1.503348e+01	-4.01102e-10	-3.85185e-10	-3.27481e-10	
217	1.504072e+01	4.012080e-10	3.852467e-10	3.274774e-10	
218	1.505518e+01	-4.01264e-10	-3.85283e-10	-3.27483e-10	
219	1.507228e+01	4.013140e-10	3.853161e-10	3.274927e-10	
220	1.510081e+01	-4.01345e-10	-3.85337e-10	-3.27500e-10	
221	1.514916e+01	4.013629e-10	3.853502e-10	3.275049e-10	
222	1.519916e+01	-4.01381e-10	-3.85363e-10	-3.27510e-10	
223	1.524916e+01	4.013991e-10	3.853762e-10	3.275158e-10	
224	1.529916e+01	-4.01417e-10	-3.85390e-10	-3.27522e-10	
225	1.534916e+01	4.014361e-10	3.854033e-10	3.275283e-10	
226	1.539916e+01	-4.01455e-10	-3.85417e-10	-3.27535e-10	
227	1.544916e+01	4.014739e-10	3.854316e-10	3.275424e-10	
228	1.549916e+01	-4.01493e-10	-3.85446e-10	-3.27550e-10	

Index   time            v4#branch       v5#branch       v6#branch       
--------------------------------------------------------------------------------
229	1.554916e+01	4.015127e-10	3.854612e-10	3.275583e-10	
230	1.559916e+01	-4.01532e-10	-3.85476e-10	-3.27567e-10	
231	1.564916e+01	4.015524e-10	3.854919e-10	3.275758e-10	
232	1.569916e+01	-4.01573e-10	-3.85508e-10	-3.27585e-10	
233	1.574916e+01	4.015931e-10	3.855239e-10	3.275950e-10	
234	1.579916e+01	-4.01614e-10	-3.85540e-10	-3.27605e-10	
235	1.584916e+01	4.016346e-10	3.855571e-10	3.276158e-10	
236	1.589916e+01	-4.01656e-10	-3.85574e-10	-3.27627e-10	
237	1.594916e+01	4.016772e-10	3.855915e-10	3.276382e-10	
238	1.599916e+01	-4.01699e-10	-3.85609e-10	-3.27650e-10	
239	1.604916e+01	-3.14355e-08	-3.14515e-08	3.277915e-10	
240	1.605836e+01	3.143422e-08	3.144858e-08	-3.30029e-10	
241	1.606792e+01	-3.14330e-08	-3.14458e-08	3.322111e-10	
242	1.607573e+01	3.143155e-08	3.144236e-08	-3.34915e-10	
243	1.608355e+01	-3.14301e-08	-3.14389e-08	3.376604e-10	
244	1.609427e+01	3.142901e-08	3.143644e-08	-3.39685e-10	
245	1.611209e+01	-3.14284e-08	-3.14349e-08	3.409146e-10	
246	1.613882e+01	3.142793e-08	3.143395e-08	-3.41738e-10	
247	1.618882e+01	-3.14277e-08	-3.14334e-08	3.421796e-10	
248	1.623882e+01	3.142748e-08	3.143288e-08	-3.42622e-10	
249	1.628882e+01	-3.14272e-08	-3.14323e-08	3.430659e-10	
250	1.633882e+01	3.142702e-08	3.143181e-08	-3.43511e-10	
251	1.638882e+01	-3.14268e-08	-3.14313e-08	3.439562e-10	
252	1.643882e+01	3.142656e-08	3.143074e-08	-3.44403e-10	
253	1.648882e+01	-3.14263e-08	-3.14302e-08	3.448503e-10	
254	1.653348e+01	3.142607e-08	3.142961e-08	-3.45353e-10	
255	1.657617e+01	-3.14258e-08	-3.14290e-08	3.458794e-10	
256	1.662025e+01	3.142554e-08	3.142838e-08	-3.46391e-10	
257	1.666718e+01	-3.14253e-08	-3.14278e-08	3.468722e-10	
258	1.671718e+01	3.142507e-08	3.142727e-08	-3.47325e-10	
259	1.676718e+01	-3.14248e-08	-3.14267e-08	3.477790e-10	
260	1.681718e+01	3.142461e-08	3.142620e-08	-3.48234e-10	
261	1.686718e+01	-3.14244e-08	-3.14257e-08	3.486898e-10	
262	1.691718e+01	3.142415e-08	3.142514e-08	-3.49147e-10	
263	1.696718e+01	-3.14239e-08	-3.14246e-08	3.496044e-10	
264	1.701718e+01	3.142369e-08	3.142407e-08	-3.50063e-10	
265	1.706718e+01	-3.14235e-08	-3.14235e-08	3.505230e-10	
266	1.711718e+01	3.142323e-08	3.142300e-08	-3.50984e-10	
267	1.716718e+01	-3.14230e-08	-3.14225e-08	3.514455e-10	
268	1.721718e+01	3.142277e-08	3.142193e-08	-3.51908e-10	
269	1.726718e+01	-3.14225e-08	-3.14214e-08	3.523718e-10	
270	1.731718e+01	3.142231e-08	3.142087e-08	-3.52836e-10	
271	1.736718e+01	-3.14221e-08	-3.14203e-08	3.533021e-10	
272	1.741718e+01	3.142186e-08	3.141980e-08	-3.53769e-10	
273	1.746718e+01	-3.14216e-08	-3.14193e-08	3.542363e-10	
274	1.751718e+01	3.142140e-08	3.141873e-08	-3.54705e-10	
275	1.756718e+01	-3.14212e-08	-3.14182e-08	3.551744e-10	
276	1.761718e+01	3.142094e-08	3.141766e-08	-3.55645e-10	
277	1.766718e+01	-3.14207e-08	-3.14171e-08	3.561164e-10	
278	1.771718e+01	3.142048e-08	3.141660e-08	-3.56589e-10	
279	1.776718e+01	-3.14202e-08	-3.14161e-08	3.570623e-10	
280	1.781718e+01	3.142002e-08	3.141553e-08	-3.57537e-10	
281	1.786718e+01	-3.14198e-08	-3.14150e-08	3.580121e-10	
282	1.791718e+01	3.141956e-08	3.141446e-08	-3.58488e-10	
283	1.796718e+01	-3.14193e-08	-3.14139e-08	3.589658e-10	
284	1.801718e+01	3.141910e-08	3.141339e-08	-3.59444e-10	
285	1.805385e+01	-3.14188e-08	-3.14127e-08	3.600979e-10	
286	1.808758e+01	3.141845e-08	3.141188e-08	-3.60811e-10	

Index   time            v4#branch       v5#branch       v6#branch       
--------------------------------------------------------------------------------
287	1.813083e+01	-3.14182e-08	-3.14113e-08	3.613680e-10	
288	1.818083e+01	3.141796e-08	3.141073e-08	-3.61851e-10	
289	1.823083e+01	-3.14177e-08	-3.14102e-08	3.623354e-10	
290	1.828083e+01	3.141750e-08	3.140966e-08	-3.62821e-10	
291	1.833083e+01	-3.14173e-08	-3.14091e-08	3.633066e-10	
292	1.838083e+01	3.141704e-08	3.140859e-08	-3.63794e-10	
293	1.843083e+01	-3.14168e-08	-3.14081e-08	3.642818e-10	
294	1.848083e+01	3.141658e-08	3.140752e-08	-3.64771e-10	
295	1.853083e+01	-3.14164e-08	-3.14070e-08	3.652608e-10	
296	1.858083e+01	3.141612e-08	3.140646e-08	-3.65752e-10	
297	1.863083e+01	-3.14159e-08	-3.14059e-08	3.662438e-10	
298	1.868083e+01	3.141566e-08	3.140539e-08	-3.66737e-10	
299	1.873083e+01	-3.14154e-08	-3.14049e-08	3.672306e-10	
300	1.878083e+01	3.141521e-08	3.140433e-08	-3.67725e-10	
301	1.883083e+01	-3.14150e-08	-3.14038e-08	3.682214e-10	
302	1.888083e+01	3.141475e-08	3.140326e-08	-3.68718e-10	
303	1.893083e+01	-3.14145e-08	-3.14027e-08	3.692160e-10	
304	1.898083e+01	3.141429e-08	3.140219e-08	-3.69715e-10	
305	1.903083e+01	-3.14141e-08	-3.14017e-08	3.702145e-10	
306	1.908083e+01	3.141383e-08	3.140113e-08	-3.70715e-10	
307	1.913083e+01	-3.14136e-08	-3.14006e-08	3.712169e-10	
308	1.918083e+01	3.141337e-08	3.140006e-08	-3.71720e-10	
309	1.923083e+01	-3.14131e-08	-3.13995e-08	3.722232e-10	
310	1.928083e+01	3.141291e-08	3.139899e-08	-3.72728e-10	
311	1.933083e+01	-3.14127e-08	-3.13985e-08	3.732334e-10	
312	1.938083e+01	3.141246e-08	3.139793e-08	-3.73740e-10	
313	1.943083e+01	-3.14122e-08	-3.13974e-08	3.742475e-10	
314	1.948083e+01	3.141200e-08	3.139686e-08	-3.74756e-10	
315	1.953083e+01	-3.14118e-08	-3.13963e-08	3.752655e-10	
316	1.958083e+01	3.141154e-08	3.139580e-08	-3.75776e-10	
317	1.963083e+01	-3.14113e-08	-3.13953e-08	3.762874e-10	
318	1.968083e+01	3.141108e-08	3.139473e-08	-3.76800e-10	
319	1.973083e+01	-3.14109e-08	-3.13942e-08	3.773132e-10	
320	1.978083e+01	3.141062e-08	3.139366e-08	-3.77827e-10	
321	1.983083e+01	-3.14104e-08	-3.13931e-08	3.783428e-10	
322	1.988083e+01	3.141016e-08	3.139260e-08	-3.78859e-10	
323	1.993083e+01	-3.14099e-08	-3.13921e-08	3.793763e-10	
324	1.998083e+01	3.140971e-08	3.139153e-08	-3.79895e-10	
325	2.000000e+01	-3.14091e-08	-3.13901e-08	3.812511e-10	

          * c:\users\mamat\esim-workspace\aoi_sn74s64\aoi_sn74s64.cir
          Transient Analysis  Sun Jun 29 18:05:29  2025
--------------------------------------------------------------------------------
Index   time            v7#branch       v8#branch       v9#branch       
--------------------------------------------------------------------------------
0	5.003455e+00	2.761350e-06	1.358205e-07	1.238812e-06	
1	5.007255e+00	-2.32377e-09	2.091894e-10	1.715630e-09	
2	5.014855e+00	-2.14738e-10	-8.84949e-11	9.939311e-11	
3	5.023288e+00	-2.83433e-10	9.718480e-11	9.697884e-11	
4	5.040156e+00	-1.33716e-10	-9.21379e-11	3.556213e-11	
5	5.063974e+00	-2.21945e-10	9.473631e-11	4.835283e-11	
6	5.111609e+00	-9.29267e-11	-9.35297e-11	2.995450e-12	
7	5.161609e+00	-1.96630e-10	9.403638e-11	2.773030e-11	
8	5.211609e+00	-8.14970e-11	-9.37785e-11	-6.59845e-12	
9	5.261609e+00	-1.90330e-10	9.392044e-11	2.229239e-11	
10	5.311609e+00	-7.75464e-11	-9.38465e-11	-1.00433e-11	
11	5.361609e+00	-1.87595e-10	9.388287e-11	1.988162e-11	
12	5.411609e+00	-7.55240e-11	-9.38672e-11	-1.18041e-11	
13	5.461609e+00	-1.86083e-10	9.387286e-11	1.855163e-11	
14	5.511609e+00	-7.43201e-11	-9.38676e-11	-1.28390e-11	
15	5.561609e+00	-1.85140e-10	9.387144e-11	1.772331e-11	
16	5.611609e+00	-7.35301e-11	-9.38675e-11	-1.35133e-11	
17	5.661609e+00	-1.84511e-10	9.387026e-11	1.716670e-11	
18	5.711609e+00	-7.29842e-11	-9.38672e-11	-1.39783e-11	
19	5.761609e+00	-1.84069e-10	9.386922e-11	1.677442e-11	
20	5.811609e+00	-7.25871e-11	-9.38668e-11	-1.43121e-11	
21	5.861609e+00	-1.83747e-10	9.386827e-11	1.648819e-11	
22	5.911609e+00	-7.22938e-11	-9.38663e-11	-1.45591e-11	
23	5.961609e+00	-1.83506e-10	9.386739e-11	1.627387e-11	
24	6.011609e+00	-8.45150e-08	-9.38657e-11	-1.47460e-11	
25	6.048193e+00	8.416841e-08	9.386645e-11	1.612976e-11	
26	6.081824e+00	-8.44631e-08	-9.38648e-11	-1.48507e-11	
27	6.124924e+00	8.412024e-08	9.386541e-11	1.602625e-11	
28	6.174924e+00	-8.44235e-08	-9.38642e-11	-1.49641e-11	
29	6.224924e+00	8.408375e-08	9.386460e-11	1.591742e-11	
30	6.274924e+00	-8.43868e-08	-9.38635e-11	-1.50608e-11	
31	6.324924e+00	8.404729e-08	9.386381e-11	1.583146e-11	
32	6.374924e+00	-8.43502e-08	-9.38629e-11	-1.51374e-11	
33	6.424924e+00	8.401083e-08	9.386302e-11	1.576298e-11	
34	6.474924e+00	-8.43136e-08	-9.38622e-11	-1.51987e-11	
35	6.524924e+00	8.397438e-08	9.386224e-11	1.570807e-11	
36	6.574924e+00	-8.42770e-08	-9.38615e-11	-1.52480e-11	
37	6.624924e+00	8.393794e-08	9.386146e-11	1.566379e-11	
38	6.674924e+00	-8.42405e-08	-9.38608e-11	-1.52878e-11	
39	6.724924e+00	8.390152e-08	9.386069e-11	1.562795e-11	
40	6.774924e+00	-8.42040e-08	-9.38601e-11	-1.53201e-11	
41	6.824924e+00	8.386511e-08	9.385991e-11	1.559882e-11	
42	6.874924e+00	-8.41675e-08	-9.38593e-11	-1.53464e-11	
43	6.924924e+00	8.382873e-08	9.385913e-11	1.557508e-11	
44	6.974924e+00	-8.41311e-08	-9.38586e-11	-1.53678e-11	
45	7.024924e+00	8.379236e-08	9.385835e-11	1.555570e-11	
46	7.074924e+00	-8.40947e-08	-9.38579e-11	-1.53854e-11	
47	7.124924e+00	8.375602e-08	9.385757e-11	1.553983e-11	
48	7.174924e+00	-8.40584e-08	-9.38571e-11	-1.53997e-11	
49	7.224924e+00	8.371969e-08	9.385679e-11	1.552682e-11	
50	7.274924e+00	-8.40220e-08	-9.38563e-11	-1.54115e-11	
51	7.324924e+00	8.368339e-08	9.385600e-11	1.551615e-11	
52	7.374924e+00	-8.39857e-08	-9.38555e-11	-1.54212e-11	
53	7.424924e+00	8.364711e-08	9.385520e-11	1.550738e-11	
54	7.474924e+00	-8.39494e-08	-9.38548e-11	-1.54291e-11	

Index   time            v7#branch       v8#branch       v9#branch       
--------------------------------------------------------------------------------
55	7.524924e+00	8.361085e-08	9.385441e-11	1.550016e-11	
56	7.574924e+00	-8.39131e-08	-9.38540e-11	-1.54357e-11	
57	7.624924e+00	8.357462e-08	9.385360e-11	1.549423e-11	
58	7.674924e+00	-8.38769e-08	-9.38532e-11	-1.54410e-11	
59	7.724924e+00	8.353842e-08	9.385279e-11	1.548934e-11	
60	7.774924e+00	-8.38407e-08	-9.38524e-11	-1.54455e-11	
61	7.824924e+00	8.350223e-08	9.385198e-11	1.548532e-11	
62	7.874924e+00	-8.38045e-08	-9.38516e-11	-1.54491e-11	
63	7.924924e+00	8.346607e-08	9.385116e-11	1.548200e-11	
64	7.974924e+00	-8.37684e-08	-9.38508e-11	-1.54521e-11	
65	8.024924e+00	-8.33001e-08	9.385036e-11	1.547924e-11	
66	8.061516e+00	6.422027e-08	-9.38498e-11	-1.54543e-11	
67	8.095156e+00	-8.16543e-08	9.384917e-11	1.547761e-11	
68	8.138269e+00	6.319995e-08	-9.38487e-11	-1.54560e-11	
69	8.188269e+00	-8.14107e-08	9.384826e-11	1.547577e-11	
70	8.238269e+00	6.272218e-08	-9.38478e-11	-1.54578e-11	
71	8.288269e+00	-8.11863e-08	9.384740e-11	1.547412e-11	
72	8.338269e+00	6.266472e-08	-9.38470e-11	-1.54593e-11	
73	8.388269e+00	-8.09622e-08	9.384654e-11	1.547277e-11	
74	8.438269e+00	6.260720e-08	-9.38461e-11	-1.54605e-11	
75	8.488269e+00	-8.07382e-08	9.384566e-11	1.547165e-11	
76	8.538269e+00	6.254960e-08	-9.38452e-11	-1.54615e-11	
77	8.588269e+00	-8.05145e-08	9.384478e-11	1.547073e-11	
78	8.638269e+00	6.249195e-08	-9.38443e-11	-1.54624e-11	
79	8.688269e+00	-8.02920e-08	9.384389e-11	1.546996e-11	
80	8.738269e+00	6.243460e-08	-9.38434e-11	-1.54631e-11	
81	8.788269e+00	-8.00831e-08	9.384299e-11	1.546933e-11	
82	8.838269e+00	6.238196e-08	-9.38425e-11	-1.54636e-11	
83	8.888269e+00	-7.98857e-08	9.384208e-11	1.546881e-11	
84	8.938269e+00	6.233330e-08	-9.38416e-11	-1.54641e-11	
85	8.988269e+00	-7.96984e-08	9.384116e-11	1.546838e-11	
86	9.038269e+00	6.228809e-08	-9.38407e-11	-1.54645e-11	
87	9.088269e+00	-7.95198e-08	9.384023e-11	1.546803e-11	
88	9.138269e+00	6.224586e-08	-9.38398e-11	-1.54648e-11	
89	9.188269e+00	-7.93488e-08	9.383930e-11	1.546774e-11	
90	9.238269e+00	6.220624e-08	-9.38388e-11	-1.54651e-11	
91	9.288269e+00	-7.91846e-08	9.383835e-11	1.546749e-11	
92	9.338269e+00	6.216894e-08	-9.38379e-11	-1.54653e-11	
93	9.388269e+00	-7.90265e-08	9.383739e-11	1.546729e-11	
94	9.438269e+00	6.213369e-08	-9.38369e-11	-1.54655e-11	
95	9.488269e+00	-7.88739e-08	9.383643e-11	1.546713e-11	
96	9.538269e+00	6.210027e-08	-9.38359e-11	-1.54656e-11	
97	9.588269e+00	-7.87262e-08	9.383546e-11	1.546699e-11	
98	9.638269e+00	6.206850e-08	-9.38350e-11	-1.54658e-11	
99	9.688269e+00	-7.85829e-08	9.383447e-11	1.546688e-11	
100	9.738269e+00	6.203829e-08	-9.38340e-11	-1.54659e-11	
101	9.788269e+00	-7.84437e-08	9.383348e-11	1.546679e-11	
102	9.838269e+00	6.200937e-08	-9.38330e-11	-1.54660e-11	
103	9.888269e+00	-7.83083e-08	9.383248e-11	1.546671e-11	
104	9.938269e+00	6.198167e-08	-9.38320e-11	-1.54660e-11	
105	9.988269e+00	-7.81762e-08	9.383147e-11	1.546665e-11	
106	1.003827e+01	-2.68896e-07	-1.88245e-08	1.304484e-08	
107	1.007487e+01	2.452661e-07	2.189316e-08	3.497993e-06	
108	1.010014e+01	-2.45432e-07	-2.32438e-08	-5.10828e-06	
109	1.011683e+01	2.450081e-07	2.225128e-08	3.924966e-06	
110	1.013644e+01	-2.45144e-07	-2.30203e-08	-4.84181e-06	
111	1.017566e+01	2.448100e-07	2.250150e-08	4.223300e-06	
112	1.022566e+01	-2.45027e-07	-2.27787e-08	-4.55377e-06	

Index   time            v7#branch       v8#branch       v9#branch       
--------------------------------------------------------------------------------
113	1.027566e+01	2.447065e-07	2.264619e-08	4.395802e-06	
114	1.032566e+01	-2.44923e-07	-2.27095e-08	-4.42331e-06	
115	1.037566e+01	2.446030e-07	2.267521e-08	4.423159e-06	
116	1.042566e+01	-2.44820e-07	-2.26971e-08	-4.42320e-06	
117	1.047566e+01	2.444494e-07	2.269674e-08	4.423199e-06	
118	1.052566e+01	-2.44719e-07	-2.26965e-08	-4.42320e-06	
119	1.057566e+01	2.443480e-07	2.269627e-08	4.423198e-06	
120	1.062566e+01	-2.44618e-07	-2.26961e-08	-4.42320e-06	
121	1.067566e+01	2.442463e-07	2.269590e-08	4.423197e-06	
122	1.072566e+01	-2.44516e-07	-2.26957e-08	-4.42320e-06	
123	1.077566e+01	2.441444e-07	2.269557e-08	4.423196e-06	
124	1.082566e+01	-2.44414e-07	-2.26954e-08	-4.42320e-06	
125	1.087566e+01	2.440425e-07	2.269528e-08	4.423196e-06	
126	1.092566e+01	-2.44312e-07	-2.26951e-08	-4.42320e-06	
127	1.097566e+01	2.439405e-07	2.269501e-08	4.423195e-06	
128	1.102566e+01	-2.44210e-07	-2.26949e-08	-4.42319e-06	
129	1.107566e+01	2.438386e-07	2.269476e-08	4.423195e-06	
130	1.112566e+01	-2.44108e-07	-2.26946e-08	-4.42319e-06	
131	1.117566e+01	2.437366e-07	2.269454e-08	4.423194e-06	
132	1.122566e+01	-2.44006e-07	-2.26944e-08	-4.42319e-06	
133	1.127566e+01	2.436346e-07	2.269434e-08	4.423194e-06	
134	1.132566e+01	-2.43904e-07	-2.26942e-08	-4.42319e-06	
135	1.137566e+01	2.435326e-07	2.269415e-08	4.423193e-06	
136	1.142566e+01	-2.43802e-07	-2.26941e-08	-4.42319e-06	
137	1.147566e+01	2.434307e-07	2.269397e-08	4.423193e-06	
138	1.152566e+01	-2.43700e-07	-2.26939e-08	-4.42319e-06	
139	1.157566e+01	2.433287e-07	2.269380e-08	4.423193e-06	
140	1.162566e+01	-2.43598e-07	-2.26937e-08	-4.42319e-06	
141	1.167566e+01	2.432268e-07	2.269364e-08	4.423192e-06	
142	1.172566e+01	-2.43496e-07	-2.26936e-08	-4.42319e-06	
143	1.177566e+01	2.431250e-07	2.269349e-08	4.423192e-06	
144	1.182566e+01	-2.43395e-07	-2.26934e-08	-4.42319e-06	
145	1.187566e+01	2.430231e-07	2.269336e-08	4.423192e-06	
146	1.192566e+01	-2.43293e-07	-2.26933e-08	-4.42319e-06	
147	1.197566e+01	2.429213e-07	2.269323e-08	4.423191e-06	
148	1.202566e+01	4.049688e-08	-2.26932e-08	-4.42319e-06	
149	1.202778e+01	-3.43177e-09	-3.64520e-13	-8.27330e-13	
150	1.203202e+01	-3.22711e-09	2.517155e-13	5.856736e-13	
151	1.203997e+01	-2.79347e-09	-2.05077e-13	-4.80686e-13	
152	1.204906e+01	-2.49531e-09	1.753991e-13	4.235775e-13	
153	1.206722e+01	-1.83996e-09	-1.61793e-13	-3.97117e-13	
154	1.210355e+01	-1.11855e-09	1.553050e-13	3.844814e-13	
155	1.215355e+01	-5.00881e-10	-1.50725e-13	-3.75552e-13	
156	1.219907e+01	-9.31788e-10	1.458117e-13	3.659669e-13	
157	1.224907e+01	-2.87366e-10	-1.41452e-13	-3.57453e-13	
158	1.229907e+01	-2.48023e-10	1.371909e-13	3.491254e-13	
159	1.234873e+01	-4.82427e-10	-1.33004e-13	-3.40935e-13	
160	1.239642e+01	3.002270e-10	1.287463e-13	3.325998e-13	
161	1.244642e+01	-6.29001e-10	-1.24785e-13	-3.24837e-13	
162	1.249642e+01	3.679720e-10	1.209147e-13	3.172460e-13	
163	1.254642e+01	-6.36971e-10	-1.17137e-13	-3.09830e-13	
164	1.259642e+01	3.885369e-10	1.134460e-13	3.025767e-13	
165	1.264642e+01	-6.38995e-10	-1.09843e-13	-2.95489e-13	
166	1.269642e+01	3.884373e-10	1.063221e-13	2.885575e-13	
167	1.274642e+01	-6.38907e-10	-1.02885e-13	-2.81785e-13	
168	1.279642e+01	3.883400e-10	9.952847e-14	2.751620e-13	
169	1.284642e+01	-6.38813e-10	-9.62511e-14	-2.68690e-13	
170	1.289642e+01	3.882453e-10	9.304949e-14	2.623604e-13	

Index   time            v7#branch       v8#branch       v9#branch       
--------------------------------------------------------------------------------
171	1.294642e+01	-6.38721e-10	-8.99257e-14	-2.56178e-13	
172	1.299642e+01	3.881486e-10	8.687440e-14	2.501326e-13	
173	1.304642e+01	-6.38630e-10	-8.38966e-14	-2.44226e-13	
174	1.309642e+01	3.880545e-10	8.098799e-14	2.384497e-13	
175	1.314642e+01	-6.38537e-10	-7.81498e-14	-2.32807e-13	
176	1.319642e+01	3.879589e-10	7.537800e-14	2.272888e-13	
177	1.324642e+01	-6.38447e-10	-7.26731e-14	-2.21898e-13	
178	1.329642e+01	3.878648e-10	7.003179e-14	2.166265e-13	
179	1.334642e+01	-6.38353e-10	-6.74541e-14	-2.11476e-13	
180	1.339642e+01	3.877740e-10	6.493649e-14	2.064386e-13	
181	1.344642e+01	-6.38263e-10	-6.24799e-14	-2.01517e-13	
182	1.349642e+01	3.876814e-10	6.008146e-14	1.967051e-13	
183	1.354642e+01	-6.38174e-10	-5.77410e-14	-1.92003e-13	
184	1.359642e+01	3.875884e-10	5.545547e-14	1.874050e-13	
185	1.364642e+01	-6.38082e-10	-5.32251e-14	-1.82911e-13	
186	1.369642e+01	3.874964e-10	5.104807e-14	1.785187e-13	
187	1.374642e+01	-6.37994e-10	-4.89242e-14	-1.74227e-13	
188	1.379642e+01	3.874058e-10	4.685110e-14	1.700308e-13	
189	1.384642e+01	-6.37905e-10	-4.48290e-14	-1.65932e-13	
190	1.389642e+01	3.873148e-10	4.285507e-14	1.619236e-13	
191	1.394642e+01	-6.37817e-10	-4.09293e-14	-1.58007e-13	
192	1.399642e+01	3.872232e-10	3.904929e-14	1.541772e-13	
193	1.404642e+01	-1.00530e-07	1.873762e-08	-3.34278e-11	
194	1.408243e+01	1.002390e-07	-1.87376e-08	-1.05094e-11	
195	1.411541e+01	-1.00476e-07	1.873739e-08	-3.33317e-11	
196	1.415749e+01	1.001884e-07	-1.87373e-08	-1.04151e-11	
197	1.420749e+01	-1.00435e-07	1.873719e-08	-3.32249e-11	
198	1.425749e+01	1.001511e-07	-1.87371e-08	-1.03059e-11	
199	1.430749e+01	-1.00398e-07	1.873702e-08	-3.31204e-11	
200	1.435749e+01	1.001138e-07	-1.87370e-08	-1.02042e-11	
201	1.440749e+01	-1.00361e-07	1.873684e-08	-3.30208e-11	
202	1.445749e+01	1.000765e-07	-1.87368e-08	-1.01053e-11	
203	1.450749e+01	-1.00323e-07	1.873666e-08	-3.29230e-11	
204	1.455749e+01	1.000392e-07	-1.87366e-08	-1.00077e-11	
205	1.460749e+01	-1.00286e-07	1.873648e-08	-3.28264e-11	
206	1.465749e+01	1.000020e-07	-1.87364e-08	-9.91105e-12	
207	1.470749e+01	-1.00249e-07	1.873630e-08	-3.27304e-11	
208	1.475749e+01	9.996479e-08	-1.87362e-08	-9.81504e-12	
209	1.480749e+01	-1.00212e-07	1.873611e-08	-3.26347e-11	
210	1.485749e+01	9.992760e-08	-1.87361e-08	-9.71928e-12	
211	1.490749e+01	-1.00174e-07	1.873593e-08	-3.25399e-11	
212	1.495749e+01	9.989044e-08	-1.87359e-08	-9.62405e-12	
213	1.500749e+01	-1.42419e-07	1.869766e-08	1.950966e-08	
214	1.501756e+01	4.146025e-06	-1.83437e-08	-1.89185e-08	
215	1.502735e+01	-4.87143e-06	1.831441e-08	1.886080e-08	
216	1.503348e+01	4.276542e-06	-1.83388e-08	-1.89104e-08	
217	1.504072e+01	-4.81058e-06	1.831467e-08	1.886340e-08	
218	1.505518e+01	4.357912e-06	-1.83342e-08	-1.89025e-08	
219	1.507228e+01	-4.71163e-06	1.831779e-08	1.887047e-08	
220	1.510081e+01	4.458191e-06	-1.83293e-08	-1.88934e-08	
221	1.514916e+01	-4.58531e-06	1.832208e-08	1.887947e-08	
222	1.519916e+01	4.584611e-06	-1.83254e-08	-1.88860e-08	
223	1.524916e+01	-4.58482e-06	1.832361e-08	1.888269e-08	
224	1.529916e+01	4.584525e-06	-1.83246e-08	-1.88849e-08	
225	1.534916e+01	-4.58470e-06	1.832415e-08	1.888430e-08	
226	1.539916e+01	4.584399e-06	-1.83239e-08	-1.88839e-08	
227	1.544916e+01	-4.58457e-06	1.832365e-08	1.888358e-08	
228	1.549916e+01	4.584274e-06	-1.83234e-08	-1.88833e-08	

Index   time            v7#branch       v8#branch       v9#branch       
--------------------------------------------------------------------------------
229	1.554916e+01	-4.58445e-06	1.832322e-08	1.888300e-08	
230	1.559916e+01	4.584148e-06	-1.83230e-08	-1.88828e-08	
231	1.564916e+01	-4.58432e-06	1.832285e-08	1.888251e-08	
232	1.569916e+01	4.584023e-06	-1.83227e-08	-1.88823e-08	
233	1.574916e+01	-4.58420e-06	1.832251e-08	1.888207e-08	
234	1.579916e+01	4.583898e-06	-1.83224e-08	-1.88819e-08	
235	1.584916e+01	-4.58407e-06	1.832220e-08	1.888168e-08	
236	1.589916e+01	4.583772e-06	-1.83220e-08	-1.88815e-08	
237	1.594916e+01	-4.58395e-06	1.832190e-08	1.888132e-08	
238	1.599916e+01	4.583647e-06	-1.83218e-08	-1.88811e-08	
239	1.604916e+01	-4.56763e-06	1.832161e-08	1.888098e-08	
240	1.605836e+01	4.551445e-06	-1.83209e-08	-1.88802e-08	
241	1.606792e+01	-4.56243e-06	1.832022e-08	1.887943e-08	
242	1.607573e+01	4.550717e-06	-1.83194e-08	-1.88786e-08	
243	1.608355e+01	-4.56090e-06	1.831862e-08	1.887779e-08	
244	1.609427e+01	4.550026e-06	-1.83180e-08	-1.88772e-08	
245	1.611209e+01	-4.56003e-06	1.831768e-08	1.887685e-08	
246	1.613882e+01	4.549735e-06	-1.83174e-08	-1.88766e-08	
247	1.618882e+01	-4.55971e-06	1.831731e-08	1.887649e-08	
248	1.623882e+01	4.549610e-06	-1.83172e-08	-1.88764e-08	
249	1.628882e+01	-4.55864e-06	1.831705e-08	1.887623e-08	
250	1.633882e+01	4.549486e-06	-1.83169e-08	-1.88761e-08	
251	1.638882e+01	-4.55757e-06	1.831680e-08	1.887598e-08	
252	1.643882e+01	4.549362e-06	-1.83167e-08	-1.88759e-08	
253	1.648882e+01	-4.55655e-06	1.831654e-08	1.887573e-08	
254	1.653348e+01	4.549230e-06	-1.83164e-08	-1.88756e-08	
255	1.657617e+01	-4.55541e-06	1.831625e-08	1.887544e-08	
256	1.662025e+01	4.549088e-06	-1.83161e-08	-1.88753e-08	
257	1.666718e+01	-4.55433e-06	1.831596e-08	1.887516e-08	
258	1.671718e+01	4.548960e-06	-1.83158e-08	-1.88750e-08	
259	1.676718e+01	-4.55336e-06	1.831570e-08	1.887491e-08	
260	1.681718e+01	4.548837e-06	-1.83156e-08	-1.88748e-08	
261	1.686718e+01	-4.55275e-06	1.831544e-08	1.887465e-08	
262	1.691718e+01	4.548714e-06	-1.83153e-08	-1.88745e-08	
263	1.696718e+01	-4.55251e-06	1.831518e-08	1.887439e-08	
264	1.701718e+01	4.548591e-06	-1.83150e-08	-1.88743e-08	
265	1.706718e+01	-4.55144e-06	1.831492e-08	1.887414e-08	
266	1.711718e+01	4.548468e-06	-1.83148e-08	-1.88740e-08	
267	1.716718e+01	-4.55043e-06	1.831466e-08	1.887388e-08	
268	1.721718e+01	4.548345e-06	-1.83145e-08	-1.88738e-08	
269	1.726718e+01	-4.54946e-06	1.831439e-08	1.887363e-08	
270	1.731718e+01	4.548223e-06	-1.83143e-08	-1.88735e-08	
271	1.736718e+01	-4.54858e-06	1.831413e-08	1.887337e-08	
272	1.741718e+01	4.548101e-06	-1.83140e-08	-1.88732e-08	
273	1.746718e+01	-4.54827e-06	1.831387e-08	1.887311e-08	
274	1.751718e+01	4.547947e-06	-1.83137e-08	-1.88730e-08	
275	1.756718e+01	-4.54815e-06	1.831360e-08	1.887285e-08	
276	1.761718e+01	4.547825e-06	-1.83135e-08	-1.88727e-08	
277	1.766718e+01	-4.54803e-06	1.831334e-08	1.887260e-08	
278	1.771718e+01	4.547704e-06	-1.83132e-08	-1.88725e-08	
279	1.776718e+01	-4.54791e-06	1.831307e-08	1.887234e-08	
280	1.781718e+01	4.547582e-06	-1.83129e-08	-1.88722e-08	
281	1.786718e+01	-4.54779e-06	1.831281e-08	1.887208e-08	
282	1.791718e+01	4.547460e-06	-1.83127e-08	-1.88720e-08	
283	1.796718e+01	-4.54766e-06	1.831254e-08	1.887182e-08	
284	1.801718e+01	4.531456e-06	-1.83124e-08	-1.88717e-08	
285	1.805385e+01	-4.53161e-06	1.831223e-08	1.887151e-08	
286	1.808758e+01	4.531286e-06	-1.83120e-08	-1.88713e-08	

Index   time            v7#branch       v8#branch       v9#branch       
--------------------------------------------------------------------------------
287	1.813083e+01	-4.53146e-06	1.831187e-08	1.887117e-08	
288	1.818083e+01	4.531158e-06	-1.83117e-08	-1.88710e-08	
289	1.823083e+01	-4.53134e-06	1.831161e-08	1.887091e-08	
290	1.828083e+01	4.531039e-06	-1.83115e-08	-1.88708e-08	
291	1.833083e+01	-4.53122e-06	1.831134e-08	1.887065e-08	
292	1.838083e+01	4.530919e-06	-1.83112e-08	-1.88705e-08	
293	1.843083e+01	-4.53110e-06	1.831107e-08	1.887039e-08	
294	1.848083e+01	4.530800e-06	-1.83109e-08	-1.88703e-08	
295	1.853083e+01	-4.53098e-06	1.831081e-08	1.887013e-08	
296	1.858083e+01	4.530681e-06	-1.83107e-08	-1.88700e-08	
297	1.863083e+01	-4.53086e-06	1.831054e-08	1.886987e-08	
298	1.868083e+01	4.530562e-06	-1.83104e-08	-1.88697e-08	
299	1.873083e+01	-4.53074e-06	1.831027e-08	1.886961e-08	
300	1.878083e+01	4.530443e-06	-1.83101e-08	-1.88695e-08	
301	1.883083e+01	-4.53062e-06	1.831000e-08	1.886935e-08	
302	1.888083e+01	4.530324e-06	-1.83099e-08	-1.88692e-08	
303	1.893083e+01	-4.53050e-06	1.830973e-08	1.886908e-08	
304	1.898083e+01	4.530205e-06	-1.83096e-08	-1.88690e-08	
305	1.903083e+01	-4.53038e-06	1.830947e-08	1.886882e-08	
306	1.908083e+01	4.530085e-06	-1.83093e-08	-1.88687e-08	
307	1.913083e+01	-4.53027e-06	1.830920e-08	1.886856e-08	
308	1.918083e+01	4.529966e-06	-1.83091e-08	-1.88684e-08	
309	1.923083e+01	-4.53015e-06	1.830893e-08	1.886830e-08	
310	1.928083e+01	4.529847e-06	-1.83088e-08	-1.88682e-08	
311	1.933083e+01	-4.53003e-06	1.830866e-08	1.886803e-08	
312	1.938083e+01	4.529728e-06	-1.83085e-08	-1.88679e-08	
313	1.943083e+01	-4.52991e-06	1.830839e-08	1.886777e-08	
314	1.948083e+01	4.529609e-06	-1.83083e-08	-1.88676e-08	
315	1.953083e+01	-4.52979e-06	1.830812e-08	1.886751e-08	
316	1.958083e+01	4.529490e-06	-1.83080e-08	-1.88674e-08	
317	1.963083e+01	-4.52967e-06	1.830786e-08	1.886725e-08	
318	1.968083e+01	4.529371e-06	-1.83077e-08	-1.88671e-08	
319	1.973083e+01	-4.52955e-06	1.830759e-08	1.886698e-08	
320	1.978083e+01	4.529252e-06	-1.83075e-08	-1.88669e-08	
321	1.983083e+01	-4.52943e-06	1.830732e-08	1.886672e-08	
322	1.988083e+01	4.529133e-06	-1.83072e-08	-1.88666e-08	
323	1.993083e+01	-4.52931e-06	1.830705e-08	1.886646e-08	
324	1.998083e+01	4.529014e-06	-1.83069e-08	-1.88663e-08	
325	2.000000e+01	-4.52910e-06	1.830656e-08	1.886598e-08	

          * c:\users\mamat\esim-workspace\aoi_sn74s64\aoi_sn74s64.cir
          Transient Analysis  Sun Jun 29 18:05:29  2025
--------------------------------------------------------------------------------
Index   time            v10#branch      v11#branch      v12#branch      
--------------------------------------------------------------------------------
0	5.003455e+00	-1.92843e-07	2.483739e-07	-1.09667e-07	
1	5.007255e+00	1.715291e-09	8.391602e-12	-2.97708e-12	
2	5.014855e+00	9.973322e-11	-8.38732e-12	2.976935e-12	
3	5.023288e+00	9.663878e-11	8.383461e-12	-2.97680e-12	
4	5.040156e+00	3.590224e-11	-8.38153e-12	2.976740e-12	
5	5.063974e+00	4.801272e-11	8.380167e-12	-2.97669e-12	
6	5.111609e+00	3.335552e-12	-8.37948e-12	2.976671e-12	
7	5.161609e+00	2.739020e-11	8.378834e-12	-2.97665e-12	
8	5.211609e+00	-6.25834e-12	-8.37820e-12	2.976627e-12	
9	5.261609e+00	2.195228e-11	8.377501e-12	-2.97660e-12	
10	5.311609e+00	-9.70315e-12	-8.37689e-12	2.976583e-12	
11	5.361609e+00	1.954151e-11	8.376200e-12	-2.97656e-12	
12	5.411609e+00	-1.14640e-11	-8.37559e-12	2.976539e-12	
13	5.461609e+00	1.821152e-11	8.374900e-12	-2.97652e-12	
14	5.511609e+00	-1.24989e-11	-8.37429e-12	2.976495e-12	
15	5.561609e+00	1.738320e-11	8.373601e-12	-2.97647e-12	
16	5.611609e+00	-1.31732e-11	-8.37300e-12	2.976451e-12	
17	5.661609e+00	1.682659e-11	8.372301e-12	-2.97643e-12	
18	5.711609e+00	-1.36382e-11	-8.37170e-12	2.976407e-12	
19	5.761609e+00	1.643431e-11	8.371002e-12	-2.97639e-12	
20	5.811609e+00	-1.39720e-11	-8.37040e-12	2.976363e-12	
21	5.861609e+00	1.614808e-11	8.369703e-12	-2.97634e-12	
22	5.911609e+00	-1.42190e-11	-8.36910e-12	2.976319e-12	
23	5.961609e+00	1.593375e-11	8.368404e-12	-2.97630e-12	
24	6.011609e+00	-1.44059e-11	-8.36779e-12	2.976275e-12	
25	6.048193e+00	1.578964e-11	8.366900e-12	-2.97625e-12	
26	6.081824e+00	-1.45106e-11	-8.36595e-12	2.976213e-12	
27	6.124924e+00	1.568613e-11	8.365143e-12	-2.97619e-12	
28	6.174924e+00	-1.46240e-11	-8.36454e-12	2.976165e-12	
29	6.224924e+00	1.557730e-11	8.363850e-12	-2.97614e-12	
30	6.274924e+00	-1.47206e-11	-8.36325e-12	2.976121e-12	
31	6.324924e+00	1.549134e-11	8.362552e-12	-2.97610e-12	
32	6.374924e+00	-1.47973e-11	-8.36195e-12	2.976078e-12	
33	6.424924e+00	1.542286e-11	8.361254e-12	-2.97606e-12	
34	6.474924e+00	-1.48586e-11	-8.36065e-12	2.976034e-12	
35	6.524924e+00	1.536794e-11	8.359957e-12	-2.97601e-12	
36	6.574924e+00	-1.49078e-11	-8.35935e-12	2.975990e-12	
37	6.624924e+00	1.532367e-11	8.358659e-12	-2.97597e-12	
38	6.674924e+00	-1.49477e-11	-8.35805e-12	2.975946e-12	
39	6.724924e+00	1.528782e-11	8.357362e-12	-2.97592e-12	
40	6.774924e+00	-1.49800e-11	-8.35676e-12	2.975902e-12	
41	6.824924e+00	1.525869e-11	8.356065e-12	-2.97588e-12	
42	6.874924e+00	-1.50062e-11	-8.35546e-12	2.975858e-12	
43	6.924924e+00	1.523496e-11	8.354768e-12	-2.97584e-12	
44	6.974924e+00	-1.50277e-11	-8.35416e-12	2.975814e-12	
45	7.024924e+00	1.521557e-11	8.353471e-12	-2.97579e-12	
46	7.074924e+00	-1.50452e-11	-8.35287e-12	2.975770e-12	
47	7.124924e+00	1.519970e-11	8.352175e-12	-2.97575e-12	
48	7.174924e+00	-1.50596e-11	-8.35157e-12	2.975726e-12	
49	7.224924e+00	1.518669e-11	8.350879e-12	-2.97570e-12	
50	7.274924e+00	-1.50714e-11	-8.35027e-12	2.975682e-12	
51	7.324924e+00	1.517601e-11	8.349583e-12	-2.97566e-12	
52	7.374924e+00	-1.50810e-11	-8.34898e-12	2.975638e-12	
53	7.424924e+00	1.516724e-11	8.348287e-12	-2.97562e-12	
54	7.474924e+00	-1.50890e-11	-8.34768e-12	2.975595e-12	

Index   time            v10#branch      v11#branch      v12#branch      
--------------------------------------------------------------------------------
55	7.524924e+00	1.516003e-11	8.346991e-12	-2.97557e-12	
56	7.574924e+00	-1.50955e-11	-8.34639e-12	2.975551e-12	
57	7.624924e+00	1.515409e-11	8.345696e-12	-2.97553e-12	
58	7.674924e+00	-1.51009e-11	-8.34509e-12	2.975507e-12	
59	7.724924e+00	1.514920e-11	8.344401e-12	-2.97548e-12	
60	7.774924e+00	-1.51053e-11	-8.34380e-12	2.975463e-12	
61	7.824924e+00	1.514518e-11	8.343106e-12	-2.97544e-12	
62	7.874924e+00	-1.51090e-11	-8.34250e-12	2.975419e-12	
63	7.924924e+00	1.514186e-11	8.341811e-12	-2.97540e-12	
64	7.974924e+00	-1.51120e-11	-8.34121e-12	2.975375e-12	
65	8.024924e+00	1.513910e-11	8.340550e-12	-2.97535e-12	
66	8.061516e+00	-1.51142e-11	-8.33967e-12	2.975323e-12	
67	8.095156e+00	1.513747e-11	8.338704e-12	-2.97529e-12	
68	8.138269e+00	-1.51158e-11	-8.33795e-12	2.975265e-12	
69	8.188269e+00	1.513562e-11	8.337307e-12	-2.97524e-12	
70	8.238269e+00	-1.51177e-11	-8.33666e-12	2.975221e-12	
71	8.288269e+00	1.513398e-11	8.336013e-12	-2.97520e-12	
72	8.338269e+00	-1.51191e-11	-8.33537e-12	2.975177e-12	
73	8.388269e+00	1.513262e-11	8.334720e-12	-2.97516e-12	
74	8.438269e+00	-1.51204e-11	-8.33407e-12	2.975133e-12	
75	8.488269e+00	1.513150e-11	8.333426e-12	-2.97511e-12	
76	8.538269e+00	-1.51214e-11	-8.33278e-12	2.975089e-12	
77	8.588269e+00	1.513057e-11	8.332133e-12	-2.97507e-12	
78	8.638269e+00	-1.51222e-11	-8.33149e-12	2.975045e-12	
79	8.688269e+00	1.512981e-11	8.330840e-12	-2.97502e-12	
80	8.738269e+00	-1.51229e-11	-8.33019e-12	2.975001e-12	
81	8.788269e+00	1.512918e-11	8.329548e-12	-2.97498e-12	
82	8.838269e+00	-1.51235e-11	-8.32890e-12	2.974958e-12	
83	8.888269e+00	1.512866e-11	8.328255e-12	-2.97494e-12	
84	8.938269e+00	-1.51240e-11	-8.32761e-12	2.974914e-12	
85	8.988269e+00	1.512823e-11	8.326963e-12	-2.97489e-12	
86	9.038269e+00	-1.51244e-11	-8.32632e-12	2.974870e-12	
87	9.088269e+00	1.512787e-11	8.325671e-12	-2.97485e-12	
88	9.138269e+00	-1.51247e-11	-8.32503e-12	2.974826e-12	
89	9.188269e+00	1.512758e-11	8.324380e-12	-2.97480e-12	
90	9.238269e+00	-1.51249e-11	-8.32373e-12	2.974782e-12	
91	9.288269e+00	1.512733e-11	8.323088e-12	-2.97476e-12	
92	9.338269e+00	-1.51252e-11	-8.32244e-12	2.974738e-12	
93	9.388269e+00	1.512713e-11	8.321797e-12	-2.97472e-12	
94	9.438269e+00	-1.51253e-11	-8.32115e-12	2.974694e-12	
95	9.488269e+00	1.512697e-11	8.320506e-12	-2.97467e-12	
96	9.538269e+00	-1.51255e-11	-8.31986e-12	2.974650e-12	
97	9.588269e+00	1.512683e-11	8.319215e-12	-2.97463e-12	
98	9.638269e+00	-1.51256e-11	-8.31857e-12	2.974606e-12	
99	9.688269e+00	1.512671e-11	8.317924e-12	-2.97458e-12	
100	9.738269e+00	-1.51257e-11	-8.31728e-12	2.974562e-12	
101	9.788269e+00	1.512662e-11	8.316634e-12	-2.97454e-12	
102	9.838269e+00	-1.51258e-11	-8.31599e-12	2.974519e-12	
103	9.888269e+00	1.512654e-11	8.315343e-12	-2.97450e-12	
104	9.938269e+00	-1.51258e-11	-8.31470e-12	2.974475e-12	
105	9.988269e+00	1.512648e-11	8.314053e-12	-2.97445e-12	
106	1.003827e+01	3.177914e-08	-8.31341e-12	2.974431e-12	
107	1.007487e+01	-2.56269e-08	8.312528e-12	-2.97440e-12	
108	1.010014e+01	2.289299e-08	-8.31125e-12	2.974357e-12	
109	1.011683e+01	-2.48968e-08	8.309321e-12	-2.97429e-12	
110	1.013644e+01	2.334872e-08	-8.30768e-12	2.974236e-12	
111	1.017566e+01	-2.43900e-08	8.306856e-12	-2.97421e-12	
112	1.022566e+01	2.383722e-08	-8.30621e-12	2.974186e-12	

Index   time            v10#branch      v11#branch      v12#branch      
--------------------------------------------------------------------------------
113	1.027566e+01	-2.40998e-08	8.305568e-12	-2.97416e-12	
114	1.032566e+01	2.397546e-08	-8.30492e-12	2.974142e-12	
115	1.037566e+01	-2.40347e-08	8.304279e-12	-2.97412e-12	
116	1.042566e+01	2.400677e-08	-8.30364e-12	2.974098e-12	
117	1.047566e+01	-2.40074e-08	8.302991e-12	-2.97408e-12	
118	1.052566e+01	2.400782e-08	-8.30235e-12	2.974054e-12	
119	1.057566e+01	-2.40082e-08	8.301704e-12	-2.97403e-12	
120	1.062566e+01	2.400861e-08	-8.30106e-12	2.974010e-12	
121	1.067566e+01	-2.40090e-08	8.300416e-12	-2.97399e-12	
122	1.072566e+01	2.400933e-08	-8.29977e-12	2.973966e-12	
123	1.077566e+01	-2.40097e-08	8.299129e-12	-2.97394e-12	
124	1.082566e+01	2.401000e-08	-8.29849e-12	2.973922e-12	
125	1.087566e+01	-2.40103e-08	8.297842e-12	-2.97390e-12	
126	1.092566e+01	2.401065e-08	-8.29720e-12	2.973878e-12	
127	1.097566e+01	-2.40110e-08	8.296555e-12	-2.97386e-12	
128	1.102566e+01	2.401128e-08	-8.29591e-12	2.973835e-12	
129	1.107566e+01	-2.40116e-08	8.295269e-12	-2.97381e-12	
130	1.112566e+01	2.401190e-08	-8.29463e-12	2.973791e-12	
131	1.117566e+01	-2.40122e-08	8.293983e-12	-2.97377e-12	
132	1.122566e+01	2.401249e-08	-8.29334e-12	2.973747e-12	
133	1.127566e+01	-2.40128e-08	8.292697e-12	-2.97372e-12	
134	1.132566e+01	2.401306e-08	-8.29205e-12	2.973703e-12	
135	1.137566e+01	-2.40133e-08	8.291411e-12	-2.97368e-12	
136	1.142566e+01	2.401362e-08	-8.29077e-12	2.973659e-12	
137	1.147566e+01	-2.40139e-08	8.290126e-12	-2.97364e-12	
138	1.152566e+01	2.401419e-08	-8.28948e-12	2.973615e-12	
139	1.157566e+01	-2.40145e-08	8.288841e-12	-2.97359e-12	
140	1.162566e+01	2.401474e-08	-8.28820e-12	2.973571e-12	
141	1.167566e+01	-2.40150e-08	8.287556e-12	-2.97355e-12	
142	1.172566e+01	2.401528e-08	-8.28691e-12	2.973527e-12	
143	1.177566e+01	-2.40155e-08	8.286272e-12	-2.97351e-12	
144	1.182566e+01	2.401582e-08	-8.28563e-12	2.973483e-12	
145	1.187566e+01	-2.40161e-08	8.284988e-12	-2.97346e-12	
146	1.192566e+01	2.401633e-08	-8.28435e-12	2.973440e-12	
147	1.197566e+01	-2.40166e-08	8.283704e-12	-2.97342e-12	
148	1.202566e+01	2.401684e-08	-8.28306e-12	2.973396e-12	
149	1.202778e+01	-1.54911e-12	-3.84352e-15	1.293852e-16	
150	1.203202e+01	1.422231e-12	3.837921e-15	-1.29382e-16	
151	1.203997e+01	-1.36761e-12	-3.83491e-15	1.293797e-16	
152	1.204906e+01	1.340599e-12	3.832254e-15	-1.29378e-16	
153	1.206722e+01	-1.32796e-12	-3.83091e-15	1.293773e-16	
154	1.210355e+01	1.321909e-12	3.830242e-15	-1.29377e-16	
155	1.215355e+01	-1.31763e-12	-3.82976e-15	1.293766e-16	
156	1.219907e+01	1.313029e-12	3.829236e-15	-1.29376e-16	
157	1.224907e+01	-1.30894e-12	-3.82876e-15	1.293759e-16	
158	1.229907e+01	1.304933e-12	3.828274e-15	-1.29376e-16	
159	1.234873e+01	-1.30099e-12	-3.82778e-15	1.293754e-16	
160	1.239642e+01	1.296970e-12	3.827269e-15	-1.29375e-16	
161	1.244642e+01	-1.29322e-12	-3.82678e-15	1.293748e-16	
162	1.249642e+01	1.289552e-12	3.826299e-15	-1.29374e-16	
163	1.254642e+01	-1.28596e-12	-3.82581e-15	1.293742e-16	
164	1.259642e+01	1.282447e-12	3.825324e-15	-1.29374e-16	
165	1.264642e+01	-1.27901e-12	-3.82484e-15	1.293736e-16	
166	1.269642e+01	1.275639e-12	3.824351e-15	-1.29373e-16	
167	1.274642e+01	-1.27234e-12	-3.82386e-15	1.293730e-16	
168	1.279642e+01	1.269116e-12	3.823374e-15	-1.29373e-16	
169	1.284642e+01	-1.26596e-12	-3.82289e-15	1.293725e-16	
170	1.289642e+01	1.262864e-12	3.822398e-15	-1.29372e-16	

Index   time            v10#branch      v11#branch      v12#branch      
--------------------------------------------------------------------------------
171	1.294642e+01	-1.25984e-12	-3.82191e-15	1.293719e-16	
172	1.299642e+01	1.256875e-12	3.821418e-15	-1.29372e-16	
173	1.304642e+01	-1.25397e-12	-3.82093e-15	1.293713e-16	
174	1.309642e+01	1.251134e-12	3.820435e-15	-1.29371e-16	
175	1.314642e+01	-1.24835e-12	-3.81995e-15	1.293708e-16	
176	1.319642e+01	1.245632e-12	3.819454e-15	-1.29370e-16	
177	1.324642e+01	-1.24297e-12	-3.81896e-15	1.293702e-16	
178	1.329642e+01	1.240357e-12	3.818471e-15	-1.29370e-16	
179	1.334642e+01	-1.23780e-12	-3.81798e-15	1.293696e-16	
180	1.339642e+01	1.235300e-12	3.817487e-15	-1.29369e-16	
181	1.344642e+01	-1.23285e-12	-3.81699e-15	1.293691e-16	
182	1.349642e+01	1.230451e-12	3.816502e-15	-1.29369e-16	
183	1.354642e+01	-1.22810e-12	-3.81601e-15	1.293685e-16	
184	1.359642e+01	1.225800e-12	3.815513e-15	-1.29368e-16	
185	1.364642e+01	-1.22355e-12	-3.81502e-15	1.293680e-16	
186	1.369642e+01	1.221339e-12	3.814522e-15	-1.29368e-16	
187	1.374642e+01	-1.21918e-12	-3.81403e-15	1.293674e-16	
188	1.379642e+01	1.217060e-12	3.813532e-15	-1.29367e-16	
189	1.384642e+01	-1.21499e-12	-3.81304e-15	1.293669e-16	
190	1.389642e+01	1.212955e-12	3.812543e-15	-1.29367e-16	
191	1.394642e+01	-1.21097e-12	-3.81205e-15	1.293663e-16	
192	1.399642e+01	1.209016e-12	3.811551e-15	-1.29366e-16	
193	1.404642e+01	-1.91377e-12	-3.81105e-15	1.293658e-16	
194	1.408243e+01	1.945713e-12	3.810357e-15	-1.29365e-16	
195	1.411541e+01	-2.14503e-12	-3.80959e-15	1.293650e-16	
196	1.415749e+01	2.199847e-12	3.808989e-15	-1.29365e-16	
197	1.420749e+01	-2.33459e-12	-3.80849e-15	1.293644e-16	
198	1.425749e+01	2.383090e-12	3.807971e-15	-1.29364e-16	
199	1.430749e+01	-2.51196e-12	-3.80745e-15	1.293639e-16	
200	1.435749e+01	2.563746e-12	3.806934e-15	-1.29364e-16	
201	1.440749e+01	-2.69063e-12	-3.80641e-15	1.293635e-16	
202	1.445749e+01	2.743647e-12	3.805892e-15	-1.29363e-16	
203	1.450749e+01	-2.86971e-12	-3.80537e-15	1.293630e-16	
204	1.455749e+01	2.923273e-12	3.804845e-15	-1.29363e-16	
205	1.460749e+01	-3.04892e-12	-3.80432e-15	1.293625e-16	
206	1.465749e+01	3.102783e-12	3.803791e-15	-1.29362e-16	
207	1.470749e+01	-3.22816e-12	-3.80326e-15	1.293621e-16	
208	1.475749e+01	3.282235e-12	3.802737e-15	-1.29362e-16	
209	1.480749e+01	-3.40740e-12	-3.80221e-15	1.293616e-16	
210	1.485749e+01	3.461651e-12	3.801684e-15	-1.29361e-16	
211	1.490749e+01	-3.58664e-12	-3.80116e-15	1.293612e-16	
212	1.495749e+01	3.641040e-12	3.800631e-15	-1.29361e-16	
213	1.500749e+01	-5.07659e-11	-3.18633e-08	-1.23710e-11	
214	1.501756e+01	4.061703e-09	3.185561e-08	9.678741e-12	
215	1.502735e+01	-4.58519e-09	-3.18477e-08	-6.90949e-12	
216	1.503348e+01	4.120451e-09	3.183510e-08	2.492508e-12	
217	1.504072e+01	-4.54495e-09	-3.18244e-08	1.248625e-12	
218	1.505518e+01	4.181289e-09	3.181908e-08	-3.11815e-12	
219	1.507228e+01	-4.47276e-09	-3.18146e-08	4.699835e-12	
220	1.510081e+01	4.260580e-09	3.181186e-08	-5.64747e-12	
221	1.514916e+01	-4.38658e-09	-3.18103e-08	6.206404e-12	
222	1.519916e+01	4.325887e-09	3.180872e-08	-6.74692e-12	
223	1.524916e+01	-4.35489e-09	-3.18072e-08	7.287382e-12	
224	1.529916e+01	4.342350e-09	3.180563e-08	-7.82778e-12	
225	1.534916e+01	-4.34277e-09	-3.18041e-08	8.368129e-12	
226	1.539916e+01	4.343118e-09	3.180255e-08	-8.90842e-12	
227	1.544916e+01	-4.34345e-09	-3.18010e-08	9.448645e-12	
228	1.549916e+01	4.343746e-09	3.179946e-08	-9.98882e-12	

Index   time            v10#branch      v11#branch      v12#branch      
--------------------------------------------------------------------------------
229	1.554916e+01	-4.34403e-09	-3.17979e-08	1.052893e-11	
230	1.559916e+01	4.344298e-09	3.179638e-08	-1.10690e-11	
231	1.564916e+01	-4.34455e-09	-3.17948e-08	1.160899e-11	
232	1.569916e+01	4.344797e-09	3.179330e-08	-1.21489e-11	
233	1.574916e+01	-4.34503e-09	-3.17918e-08	1.268881e-11	
234	1.579916e+01	4.345258e-09	3.179021e-08	-1.32286e-11	
235	1.584916e+01	-4.34548e-09	-3.17887e-08	1.376841e-11	
236	1.589916e+01	4.345692e-09	3.178713e-08	-1.43081e-11	
237	1.594916e+01	-4.34590e-09	-3.17856e-08	1.484777e-11	
238	1.599916e+01	4.346104e-09	3.178405e-08	-1.53874e-11	
239	1.604916e+01	-4.34630e-09	-3.17825e-08	1.592690e-11	
240	1.605836e+01	4.347320e-09	3.177414e-08	-1.88581e-11	
241	1.606792e+01	-4.34824e-09	-3.17661e-08	2.167904e-11	
242	1.607573e+01	4.349286e-09	3.175625e-08	-2.51259e-11	
243	1.608355e+01	-4.35030e-09	-3.17464e-08	2.857116e-11	
244	1.609427e+01	4.351009e-09	3.173925e-08	-3.10799e-11	
245	1.611209e+01	-4.35143e-09	-3.17349e-08	3.258913e-11	
246	1.613882e+01	4.351711e-09	3.173206e-08	-3.35946e-11	
247	1.618882e+01	-4.35186e-09	-3.17305e-08	3.413222e-11	
248	1.623882e+01	4.352008e-09	3.172899e-08	-3.46698e-11	
249	1.628882e+01	-4.35216e-09	-3.17275e-08	3.520724e-11	
250	1.633882e+01	4.352304e-09	3.172593e-08	-3.57447e-11	
251	1.638882e+01	-4.35245e-09	-3.17244e-08	3.628203e-11	
252	1.643882e+01	4.352597e-09	3.172286e-08	-3.68193e-11	
253	1.648882e+01	-4.35274e-09	-3.17213e-08	3.735659e-11	
254	1.653348e+01	4.352907e-09	3.171960e-08	-3.79580e-11	
255	1.657617e+01	-4.35308e-09	-3.17178e-08	3.858721e-11	
256	1.662025e+01	4.353242e-09	3.171607e-08	-3.91964e-11	
257	1.666718e+01	-4.35340e-09	-3.17144e-08	3.976847e-11	
258	1.671718e+01	4.353540e-09	3.171290e-08	-4.03054e-11	
259	1.676718e+01	-4.35368e-09	-3.17114e-08	4.084228e-11	
260	1.681718e+01	4.353828e-09	3.170984e-08	-4.13791e-11	
261	1.686718e+01	-4.35397e-09	-3.17083e-08	4.191587e-11	
262	1.691718e+01	4.354115e-09	3.170677e-08	-4.24526e-11	
263	1.696718e+01	-4.35426e-09	-3.17052e-08	4.298923e-11	
264	1.701718e+01	4.354400e-09	3.170371e-08	-4.35258e-11	
265	1.706718e+01	-4.35454e-09	-3.17022e-08	4.406235e-11	
266	1.711718e+01	4.354685e-09	3.170064e-08	-4.45988e-11	
267	1.716718e+01	-4.35483e-09	-3.16991e-08	4.513525e-11	
268	1.721718e+01	4.354968e-09	3.169758e-08	-4.56716e-11	
269	1.726718e+01	-4.35511e-09	-3.16960e-08	4.620792e-11	
270	1.731718e+01	4.355251e-09	3.169452e-08	-4.67442e-11	
271	1.736718e+01	-4.35539e-09	-3.16930e-08	4.728036e-11	
272	1.741718e+01	4.355533e-09	3.169145e-08	-4.78165e-11	
273	1.746718e+01	-4.35567e-09	-3.16899e-08	4.835258e-11	
274	1.751718e+01	4.355814e-09	3.168839e-08	-4.88886e-11	
275	1.756718e+01	-4.35595e-09	-3.16869e-08	4.942456e-11	
276	1.761718e+01	4.356094e-09	3.168533e-08	-4.99605e-11	
277	1.766718e+01	-4.35623e-09	-3.16838e-08	5.049631e-11	
278	1.771718e+01	4.356374e-09	3.168227e-08	-5.10321e-11	
279	1.776718e+01	-4.35651e-09	-3.16807e-08	5.156784e-11	
280	1.781718e+01	4.356653e-09	3.167921e-08	-5.21035e-11	
281	1.786718e+01	-4.35679e-09	-3.16777e-08	5.263914e-11	
282	1.791718e+01	4.356931e-09	3.167615e-08	-5.31747e-11	
283	1.796718e+01	-4.35707e-09	-3.16746e-08	5.371021e-11	
284	1.801718e+01	4.357209e-09	3.167309e-08	-5.42457e-11	
285	1.805385e+01	-4.35740e-09	-3.16710e-08	5.497566e-11	
286	1.808758e+01	4.357604e-09	3.166874e-08	-5.57692e-11	

Index   time            v10#branch      v11#branch      v12#branch      
--------------------------------------------------------------------------------
287	1.813083e+01	-4.35776e-09	-3.16670e-08	5.638790e-11	
288	1.818083e+01	4.357902e-09	3.166545e-08	-5.69231e-11	
289	1.823083e+01	-4.35804e-09	-3.16639e-08	5.745817e-11	
290	1.828083e+01	4.358178e-09	3.166239e-08	-5.79932e-11	
291	1.833083e+01	-4.35832e-09	-3.16609e-08	5.852821e-11	
292	1.838083e+01	4.358453e-09	3.165934e-08	-5.90631e-11	
293	1.843083e+01	-4.35859e-09	-3.16578e-08	5.959802e-11	
294	1.848083e+01	4.358728e-09	3.165628e-08	-6.01328e-11	
295	1.853083e+01	-4.35887e-09	-3.16548e-08	6.066760e-11	
296	1.858083e+01	4.359003e-09	3.165323e-08	-6.12023e-11	
297	1.863083e+01	-4.35914e-09	-3.16517e-08	6.173696e-11	
298	1.868083e+01	4.359277e-09	3.165017e-08	-6.22715e-11	
299	1.873083e+01	-4.35941e-09	-3.16486e-08	6.280608e-11	
300	1.878083e+01	4.359551e-09	3.164712e-08	-6.33406e-11	
301	1.883083e+01	-4.35969e-09	-3.16456e-08	6.387498e-11	
302	1.888083e+01	4.359825e-09	3.164407e-08	-6.44093e-11	
303	1.893083e+01	-4.35996e-09	-3.16425e-08	6.494365e-11	
304	1.898083e+01	4.360098e-09	3.164102e-08	-6.54779e-11	
305	1.903083e+01	-4.36023e-09	-3.16395e-08	6.601209e-11	
306	1.908083e+01	4.360371e-09	3.163796e-08	-6.65462e-11	
307	1.913083e+01	-4.36051e-09	-3.16364e-08	6.708031e-11	
308	1.918083e+01	4.360644e-09	3.163491e-08	-6.76143e-11	
309	1.923083e+01	-4.36078e-09	-3.16334e-08	6.814829e-11	
310	1.928083e+01	4.360916e-09	3.163186e-08	-6.86822e-11	
311	1.933083e+01	-4.36105e-09	-3.16303e-08	6.921605e-11	
312	1.938083e+01	4.361188e-09	3.162882e-08	-6.97498e-11	
313	1.943083e+01	-4.36132e-09	-3.16273e-08	7.028358e-11	
314	1.948083e+01	4.361460e-09	3.162577e-08	-7.08173e-11	
315	1.953083e+01	-4.36160e-09	-3.16242e-08	7.135088e-11	
316	1.958083e+01	4.361732e-09	3.162272e-08	-7.18844e-11	
317	1.963083e+01	-4.36187e-09	-3.16212e-08	7.241796e-11	
318	1.968083e+01	4.362003e-09	3.161967e-08	-7.29514e-11	
319	1.973083e+01	-4.36214e-09	-3.16181e-08	7.348480e-11	
320	1.978083e+01	4.362274e-09	3.161662e-08	-7.40181e-11	
321	1.983083e+01	-4.36241e-09	-3.16151e-08	7.455142e-11	
322	1.988083e+01	4.362545e-09	3.161358e-08	-7.50846e-11	
323	1.993083e+01	-4.36268e-09	-3.16121e-08	7.561781e-11	
324	1.998083e+01	4.362816e-09	3.161053e-08	-7.61509e-11	
325	2.000000e+01	-4.36317e-09	-3.16066e-08	7.754131e-11	
