* c:\users\mamat\onedrive\documents\final_project_files\device_modelling\ls5907\fet_amplifier\fet_amplifier.cir
Transient Analysis  Tue Jun 24 16:13:04  2025
--------------------------------------------------------------------------------
Index   time            v1#branch       v2#branch       
--------------------------------------------------------------------------------
0	0.000000e+00	0.000000e+00	-6.52174e-04	
1	1.000000e-07	-3.82268e-10	-6.52176e-04	
2	2.000000e-07	-5.96565e-10	-6.52178e-04	
3	4.000000e-07	-1.02332e-09	-6.52182e-04	
4	8.000000e-07	-1.87731e-09	-6.52189e-04	
5	1.600000e-06	-3.58773e-09	-6.52205e-04	
6	3.200000e-06	-7.01776e-09	-6.52235e-04	
7	6.400000e-06	-1.39139e-08	-6.52295e-04	
8	1.280000e-05	-2.78410e-08	-6.52416e-04	
9	2.280000e-05	-4.99189e-08	-6.52604e-04	
10	3.280000e-05	-7.23059e-08	-6.52791e-04	
11	4.280000e-05	-9.49080e-08	-6.52975e-04	
12	5.280000e-05	-1.17623e-07	-6.53156e-04	
13	6.280000e-05	-1.40343e-07	-6.53333e-04	
14	7.280000e-05	-1.62952e-07	-6.53506e-04	
15	8.280000e-05	-1.85329e-07	-6.53673e-04	
16	9.280000e-05	-2.07348e-07	-6.53835e-04	
17	1.028000e-04	-2.28878e-07	-6.53990e-04	
18	1.128000e-04	-2.49786e-07	-6.54139e-04	
19	1.228000e-04	-2.69939e-07	-6.54279e-04	
20	1.328000e-04	-2.89200e-07	-6.54412e-04	
21	1.428000e-04	-3.07437e-07	-6.54535e-04	
22	1.528000e-04	-3.24520e-07	-6.54650e-04	
23	1.628000e-04	-3.40323e-07	-6.54754e-04	
24	1.728000e-04	-3.54726e-07	-6.54849e-04	
25	1.828000e-04	-3.67620e-07	-6.54933e-04	
26	1.928000e-04	-3.78901e-07	-6.55006e-04	
27	2.028000e-04	-3.88481e-07	-6.55068e-04	
28	2.128000e-04	-3.96281e-07	-6.55118e-04	
29	2.228000e-04	-4.02236e-07	-6.55157e-04	
30	2.328000e-04	-4.06298e-07	-6.55185e-04	
31	2.428000e-04	-4.08433e-07	-6.55200e-04	
32	2.528000e-04	-4.08623e-07	-6.55204e-04	
33	2.628000e-04	-4.06866e-07	-6.55195e-04	
34	2.728000e-04	-4.03178e-07	-6.55175e-04	
35	2.828000e-04	-3.97588e-07	-6.55143e-04	
36	2.928000e-04	-3.90145e-07	-6.55099e-04	
37	3.028000e-04	-3.80909e-07	-6.55044e-04	
38	3.128000e-04	-3.69956e-07	-6.54978e-04	
39	3.228000e-04	-3.57373e-07	-6.54900e-04	
40	3.328000e-04	-3.43261e-07	-6.54812e-04	
41	3.428000e-04	-3.27728e-07	-6.54714e-04	
42	3.528000e-04	-3.10893e-07	-6.54605e-04	
43	3.628000e-04	-2.92879e-07	-6.54487e-04	
44	3.728000e-04	-2.73815e-07	-6.54360e-04	
45	3.828000e-04	-2.53835e-07	-6.54225e-04	
46	3.928000e-04	-2.33073e-07	-6.54081e-04	
47	4.028000e-04	-2.11662e-07	-6.53930e-04	
48	4.128000e-04	-1.89737e-07	-6.53772e-04	
49	4.228000e-04	-1.67427e-07	-6.53608e-04	
50	4.328000e-04	-1.44860e-07	-6.53438e-04	
51	4.428000e-04	-1.22157e-07	-6.53264e-04	
52	4.528000e-04	-9.94351e-08	-6.53085e-04	
53	4.628000e-04	-7.68041e-08	-6.52902e-04	
54	4.728000e-04	-5.43665e-08	-6.52717e-04	

Index   time            v1#branch       v2#branch       
--------------------------------------------------------------------------------
55	4.828000e-04	-3.22185e-08	-6.52530e-04	
56	4.928000e-04	-1.04476e-08	-6.52342e-04	
57	5.028000e-04	1.086562e-08	-6.52153e-04	
58	5.128000e-04	3.164869e-08	-6.51964e-04	
59	5.228000e-04	5.183637e-08	-6.51776e-04	
60	5.328000e-04	7.137122e-08	-6.51590e-04	
61	5.428000e-04	9.020233e-08	-6.51406e-04	
62	5.528000e-04	1.082860e-07	-6.51225e-04	
63	5.628000e-04	1.255842e-07	-6.51048e-04	
64	5.728000e-04	1.420654e-07	-6.50875e-04	
65	5.828000e-04	1.577026e-07	-6.50708e-04	
66	5.928000e-04	1.724743e-07	-6.50547e-04	
67	6.028000e-04	1.863628e-07	-6.50392e-04	
68	6.128000e-04	1.993546e-07	-6.50244e-04	
69	6.228000e-04	2.114391e-07	-6.50104e-04	
70	6.328000e-04	2.226089e-07	-6.49972e-04	
71	6.428000e-04	2.328586e-07	-6.49848e-04	
72	6.528000e-04	2.421853e-07	-6.49734e-04	
73	6.628000e-04	2.505871e-07	-6.49630e-04	
74	6.728000e-04	2.580637e-07	-6.49536e-04	
75	6.828000e-04	2.646155e-07	-6.49452e-04	
76	6.928000e-04	2.702436e-07	-6.49379e-04	
77	7.028000e-04	2.749492e-07	-6.49317e-04	
78	7.128000e-04	2.787340e-07	-6.49266e-04	
79	7.228000e-04	2.815992e-07	-6.49227e-04	
80	7.328000e-04	2.835463e-07	-6.49199e-04	
81	7.428000e-04	2.845759e-07	-6.49183e-04	
82	7.528000e-04	2.846888e-07	-6.49179e-04	
83	7.628000e-04	2.838847e-07	-6.49187e-04	
84	7.728000e-04	2.821634e-07	-6.49206e-04	
85	7.828000e-04	2.795241e-07	-6.49238e-04	
86	7.928000e-04	2.759656e-07	-6.49281e-04	
87	8.028000e-04	2.714865e-07	-6.49335e-04	
88	8.128000e-04	2.660855e-07	-6.49401e-04	
89	8.228000e-04	2.597608e-07	-6.49477e-04	
90	8.328000e-04	2.525115e-07	-6.49564e-04	
91	8.428000e-04	2.443369e-07	-6.49662e-04	
92	8.528000e-04	2.352373e-07	-6.49769e-04	
93	8.628000e-04	2.252138e-07	-6.49886e-04	
94	8.728000e-04	2.142694e-07	-6.50012e-04	
95	8.828000e-04	2.024086e-07	-6.50147e-04	
96	8.928000e-04	1.896386e-07	-6.50290e-04	
97	9.028000e-04	1.759687e-07	-6.50440e-04	
98	9.128000e-04	1.614121e-07	-6.50597e-04	
99	9.228000e-04	1.459852e-07	-6.50761e-04	
100	9.328000e-04	1.297089e-07	-6.50930e-04	
101	9.428000e-04	1.126086e-07	-6.51104e-04	
102	9.528000e-04	9.471515e-08	-6.51282e-04	
103	9.628000e-04	7.606472e-08	-6.51464e-04	
104	9.728000e-04	5.670014e-08	-6.51648e-04	
105	9.828000e-04	3.667039e-08	-6.51835e-04	
106	9.928000e-04	1.603189e-08	-6.52024e-04	
107	1.002800e-03	-5.15207e-09	-6.52212e-04	
108	1.012800e-03	-2.68102e-08	-6.52401e-04	
109	1.022800e-03	-4.88639e-08	-6.52589e-04	
110	1.032800e-03	-7.12265e-08	-6.52776e-04	
111	1.042800e-03	-9.38040e-08	-6.52960e-04	
112	1.052800e-03	-1.16495e-07	-6.53141e-04	

Index   time            v1#branch       v2#branch       
--------------------------------------------------------------------------------
113	1.062800e-03	-1.39190e-07	-6.53318e-04	
114	1.072800e-03	-1.61774e-07	-6.53491e-04	
115	1.082800e-03	-1.84127e-07	-6.53659e-04	
116	1.092800e-03	-2.06121e-07	-6.53820e-04	
117	1.102800e-03	-2.27628e-07	-6.53976e-04	
118	1.112800e-03	-2.48514e-07	-6.54124e-04	
119	1.122800e-03	-2.68645e-07	-6.54265e-04	
120	1.132800e-03	-2.87885e-07	-6.54397e-04	
121	1.142800e-03	-3.06103e-07	-6.54520e-04	
122	1.152800e-03	-3.23168e-07	-6.54635e-04	
123	1.162800e-03	-3.38954e-07	-6.54739e-04	
124	1.172800e-03	-3.53342e-07	-6.54834e-04	
125	1.182800e-03	-3.66222e-07	-6.54918e-04	
126	1.192800e-03	-3.77492e-07	-6.54991e-04	
127	1.202800e-03	-3.87061e-07	-6.55053e-04	
128	1.212800e-03	-3.94853e-07	-6.55104e-04	
129	1.222800e-03	-4.00803e-07	-6.55143e-04	
130	1.232800e-03	-4.04861e-07	-6.55170e-04	
131	1.242800e-03	-4.06995e-07	-6.55185e-04	
132	1.252800e-03	-4.07185e-07	-6.55189e-04	
133	1.262800e-03	-4.05431e-07	-6.55181e-04	
134	1.272800e-03	-4.01747e-07	-6.55160e-04	
135	1.282800e-03	-3.96165e-07	-6.55128e-04	
136	1.292800e-03	-3.88730e-07	-6.55085e-04	
137	1.302800e-03	-3.79505e-07	-6.55030e-04	
138	1.312800e-03	-3.68565e-07	-6.54963e-04	
139	1.322800e-03	-3.55997e-07	-6.54886e-04	
140	1.332800e-03	-3.41901e-07	-6.54798e-04	
141	1.342800e-03	-3.26386e-07	-6.54699e-04	
142	1.352800e-03	-3.09570e-07	-6.54591e-04	
143	1.362800e-03	-2.91576e-07	-6.54473e-04	
144	1.372800e-03	-2.72534e-07	-6.54346e-04	
145	1.382800e-03	-2.52576e-07	-6.54210e-04	
146	1.392800e-03	-2.31837e-07	-6.54066e-04	
147	1.402800e-03	-2.10450e-07	-6.53915e-04	
148	1.412800e-03	-1.88549e-07	-6.53757e-04	
149	1.422800e-03	-1.66265e-07	-6.53593e-04	
150	1.432800e-03	-1.43722e-07	-6.53424e-04	
151	1.442800e-03	-1.21045e-07	-6.53249e-04	
152	1.452800e-03	-9.83483e-08	-6.53070e-04	
153	1.462800e-03	-7.57424e-08	-6.52888e-04	
154	1.472800e-03	-5.33297e-08	-6.52703e-04	
155	1.482800e-03	-3.12061e-08	-6.52516e-04	
156	1.492800e-03	-9.45923e-09	-6.52327e-04	
157	1.502800e-03	1.183044e-08	-6.52138e-04	
158	1.512800e-03	3.259060e-08	-6.51949e-04	
159	1.522800e-03	5.275606e-08	-6.51761e-04	
160	1.532800e-03	7.226941e-08	-6.51575e-04	
161	1.542800e-03	9.107982e-08	-6.51391e-04	
162	1.552800e-03	1.091436e-07	-6.51210e-04	
163	1.562800e-03	1.264229e-07	-6.51033e-04	
164	1.572800e-03	1.428859e-07	-6.50861e-04	
165	1.582800e-03	1.585060e-07	-6.50694e-04	
166	1.592800e-03	1.732615e-07	-6.50532e-04	
167	1.602800e-03	1.871348e-07	-6.50377e-04	
168	1.612800e-03	2.001123e-07	-6.50229e-04	
169	1.622800e-03	2.121835e-07	-6.50089e-04	
170	1.632800e-03	2.233410e-07	-6.49957e-04	

Index   time            v1#branch       v2#branch       
--------------------------------------------------------------------------------
171	1.642800e-03	2.335795e-07	-6.49834e-04	
172	1.652800e-03	2.428960e-07	-6.49720e-04	
173	1.662800e-03	2.512885e-07	-6.49616e-04	
174	1.672800e-03	2.587569e-07	-6.49521e-04	
175	1.682800e-03	2.653014e-07	-6.49437e-04	
176	1.692800e-03	2.709233e-07	-6.49364e-04	
177	1.702800e-03	2.756236e-07	-6.49302e-04	
178	1.712800e-03	2.794042e-07	-6.49251e-04	
179	1.722800e-03	2.822662e-07	-6.49212e-04	
180	1.732800e-03	2.842110e-07	-6.49185e-04	
181	1.742800e-03	2.852393e-07	-6.49169e-04	
182	1.752800e-03	2.853518e-07	-6.49165e-04	
183	1.762800e-03	2.845483e-07	-6.49172e-04	
184	1.772800e-03	2.828288e-07	-6.49192e-04	
185	1.782800e-03	2.801920e-07	-6.49223e-04	
186	1.792800e-03	2.766372e-07	-6.49266e-04	
187	1.802800e-03	2.721627e-07	-6.49321e-04	
188	1.812800e-03	2.667672e-07	-6.49386e-04	
189	1.822800e-03	2.604490e-07	-6.49463e-04	
190	1.832800e-03	2.532073e-07	-6.49550e-04	
191	1.842800e-03	2.450412e-07	-6.49647e-04	
192	1.852800e-03	2.359511e-07	-6.49755e-04	
193	1.862800e-03	2.259381e-07	-6.49872e-04	
194	1.872800e-03	2.150052e-07	-6.49998e-04	
195	1.882800e-03	2.031568e-07	-6.50133e-04	
196	1.892800e-03	1.904001e-07	-6.50275e-04	
197	1.902800e-03	1.767446e-07	-6.50426e-04	
198	1.912800e-03	1.622033e-07	-6.50583e-04	
199	1.922800e-03	1.467926e-07	-6.50746e-04	
200	1.932800e-03	1.305335e-07	-6.50915e-04	
201	1.942800e-03	1.134511e-07	-6.51089e-04	
202	1.952800e-03	9.557649e-08	-6.51267e-04	
203	1.962800e-03	7.694566e-08	-6.51449e-04	
204	1.972800e-03	5.760144e-08	-6.51634e-04	
205	1.982800e-03	3.759274e-08	-6.51821e-04	
206	1.992800e-03	1.697593e-08	-6.52009e-04	
207	2.002800e-03	-4.18578e-09	-6.52198e-04	
208	2.012800e-03	-2.58212e-08	-6.52387e-04	
209	2.022800e-03	-4.78517e-08	-6.52575e-04	
210	2.032800e-03	-7.01909e-08	-6.52761e-04	
211	2.042800e-03	-9.27447e-08	-6.52945e-04	
212	2.052800e-03	-1.15412e-07	-6.53126e-04	
213	2.062800e-03	-1.38083e-07	-6.53304e-04	
214	2.072800e-03	-1.60644e-07	-6.53477e-04	
215	2.082800e-03	-1.82973e-07	-6.53644e-04	
216	2.092800e-03	-2.04945e-07	-6.53806e-04	
217	2.102800e-03	-2.26429e-07	-6.53961e-04	
218	2.112800e-03	-2.47294e-07	-6.54110e-04	
219	2.122800e-03	-2.67403e-07	-6.54250e-04	
220	2.132800e-03	-2.86624e-07	-6.54382e-04	
221	2.142800e-03	-3.04823e-07	-6.54506e-04	
222	2.152800e-03	-3.21870e-07	-6.54620e-04	
223	2.162800e-03	-3.37640e-07	-6.54725e-04	
224	2.172800e-03	-3.52014e-07	-6.54819e-04	
225	2.182800e-03	-3.64881e-07	-6.54903e-04	
226	2.192800e-03	-3.76139e-07	-6.54977e-04	
227	2.202800e-03	-3.85699e-07	-6.55039e-04	
228	2.212800e-03	-3.93484e-07	-6.55089e-04	

Index   time            v1#branch       v2#branch       
--------------------------------------------------------------------------------
229	2.222800e-03	-3.99428e-07	-6.55128e-04	
230	2.232800e-03	-4.03483e-07	-6.55156e-04	
231	2.242800e-03	-4.05615e-07	-6.55171e-04	
232	2.252800e-03	-4.05805e-07	-6.55175e-04	
233	2.262800e-03	-4.04054e-07	-6.55166e-04	
234	2.272800e-03	-4.00375e-07	-6.55146e-04	
235	2.282800e-03	-3.94799e-07	-6.55114e-04	
236	2.292800e-03	-3.87373e-07	-6.55070e-04	
237	2.302800e-03	-3.78159e-07	-6.55015e-04	
238	2.312800e-03	-3.67230e-07	-6.54949e-04	
239	2.322800e-03	-3.54676e-07	-6.54871e-04	
240	2.332800e-03	-3.40596e-07	-6.54783e-04	
241	2.342800e-03	-3.25098e-07	-6.54685e-04	
242	2.352800e-03	-3.08300e-07	-6.54576e-04	
243	2.362800e-03	-2.90326e-07	-6.54458e-04	
244	2.372800e-03	-2.71305e-07	-6.54331e-04	
245	2.382800e-03	-2.51368e-07	-6.54196e-04	
246	2.392800e-03	-2.30651e-07	-6.54052e-04	
247	2.402800e-03	-2.09288e-07	-6.53901e-04	
248	2.412800e-03	-1.87410e-07	-6.53743e-04	
249	2.422800e-03	-1.65149e-07	-6.53579e-04	
250	2.432800e-03	-1.42631e-07	-6.53409e-04	
251	2.442800e-03	-1.19978e-07	-6.53235e-04	
252	2.452800e-03	-9.73056e-08	-6.53056e-04	
253	2.462800e-03	-7.47237e-08	-6.52874e-04	
254	2.472800e-03	-5.23348e-08	-6.52688e-04	
255	2.482800e-03	-3.02347e-08	-6.52501e-04	
256	2.492800e-03	-8.51092e-09	-6.52313e-04	
257	2.502800e-03	1.275619e-08	-6.52124e-04	
258	2.512800e-03	3.349438e-08	-6.51935e-04	
259	2.522800e-03	5.363851e-08	-6.51747e-04	
260	2.532800e-03	7.313124e-08	-6.51561e-04	
261	2.542800e-03	9.192179e-08	-6.51377e-04	
262	2.552800e-03	1.099665e-07	-6.51196e-04	
263	2.562800e-03	1.272275e-07	-6.51019e-04	
264	2.572800e-03	1.436733e-07	-6.50847e-04	
265	2.582800e-03	1.592769e-07	-6.50679e-04	
266	2.592800e-03	1.740168e-07	-6.50518e-04	
267	2.602800e-03	1.878755e-07	-6.50363e-04	
268	2.612800e-03	2.008393e-07	-6.50215e-04	
269	2.622800e-03	2.128978e-07	-6.50075e-04	
270	2.632800e-03	2.240436e-07	-6.49943e-04	
271	2.642800e-03	2.342713e-07	-6.49820e-04	
272	2.652800e-03	2.435779e-07	-6.49706e-04	
273	2.662800e-03	2.519616e-07	-6.49601e-04	
274	2.672800e-03	2.594221e-07	-6.49507e-04	
275	2.682800e-03	2.659596e-07	-6.49423e-04	
276	2.692800e-03	2.715755e-07	-6.49350e-04	
277	2.702800e-03	2.762708e-07	-6.49288e-04	
278	2.712800e-03	2.800473e-07	-6.49237e-04	
279	2.722800e-03	2.829061e-07	-6.49198e-04	
280	2.732800e-03	2.848487e-07	-6.49170e-04	
281	2.742800e-03	2.858758e-07	-6.49155e-04	
282	2.752800e-03	2.859880e-07	-6.49150e-04	
283	2.762800e-03	2.851852e-07	-6.49158e-04	
284	2.772800e-03	2.834672e-07	-6.49178e-04	
285	2.782800e-03	2.808330e-07	-6.49209e-04	
286	2.792800e-03	2.772816e-07	-6.49252e-04	

Index   time            v1#branch       v2#branch       
--------------------------------------------------------------------------------
287	2.802800e-03	2.728115e-07	-6.49306e-04	
288	2.812800e-03	2.674213e-07	-6.49372e-04	
289	2.822800e-03	2.611095e-07	-6.49449e-04	
290	2.832800e-03	2.538750e-07	-6.49536e-04	
291	2.842800e-03	2.457171e-07	-6.49633e-04	
292	2.852800e-03	2.366361e-07	-6.49741e-04	
293	2.862800e-03	2.266331e-07	-6.49858e-04	
294	2.872800e-03	2.157112e-07	-6.49984e-04	
295	2.882800e-03	2.038748e-07	-6.50119e-04	
296	2.892800e-03	1.911309e-07	-6.50261e-04	
297	2.902800e-03	1.774892e-07	-6.50412e-04	
298	2.912800e-03	1.629626e-07	-6.50569e-04	
299	2.922800e-03	1.475674e-07	-6.50732e-04	
300	2.932800e-03	1.313247e-07	-6.50901e-04	
301	2.942800e-03	1.142596e-07	-6.51075e-04	
302	2.952800e-03	9.640299e-08	-6.51253e-04	
303	2.962800e-03	7.779098e-08	-6.51435e-04	
304	2.972800e-03	5.846629e-08	-6.51620e-04	
305	2.982800e-03	3.847778e-08	-6.51807e-04	
306	2.992800e-03	1.788178e-08	-6.51995e-04	
307	3.002800e-03	-3.25858e-09	-6.52184e-04	
308	3.012800e-03	-2.48721e-08	-6.52373e-04	
309	3.022800e-03	-4.68805e-08	-6.52561e-04	
310	3.032800e-03	-6.91972e-08	-6.52747e-04	
311	3.042800e-03	-9.17283e-08	-6.52931e-04	
312	3.052800e-03	-1.14372e-07	-6.53112e-04	
313	3.062800e-03	-1.37021e-07	-6.53290e-04	
314	3.072800e-03	-1.59559e-07	-6.53463e-04	
315	3.082800e-03	-1.81866e-07	-6.53630e-04	
316	3.092800e-03	-2.03816e-07	-6.53792e-04	
317	3.102800e-03	-2.25279e-07	-6.53947e-04	
318	3.112800e-03	-2.46122e-07	-6.54096e-04	
319	3.122800e-03	-2.66212e-07	-6.54236e-04	
320	3.132800e-03	-2.85414e-07	-6.54368e-04	
321	3.142800e-03	-3.03595e-07	-6.54492e-04	
322	3.152800e-03	-3.20625e-07	-6.54606e-04	
323	3.162800e-03	-3.36379e-07	-6.54711e-04	
324	3.172800e-03	-3.50739e-07	-6.54805e-04	
325	3.182800e-03	-3.63593e-07	-6.54889e-04	
326	3.192800e-03	-3.74841e-07	-6.54963e-04	
327	3.202800e-03	-3.84393e-07	-6.55025e-04	
328	3.212800e-03	-3.92170e-07	-6.55075e-04	
329	3.222800e-03	-3.98108e-07	-6.55114e-04	
330	3.232800e-03	-4.02160e-07	-6.55142e-04	
331	3.242800e-03	-4.04290e-07	-6.55157e-04	
332	3.252800e-03	-4.04482e-07	-6.55161e-04	
333	3.262800e-03	-4.02733e-07	-6.55152e-04	
334	3.272800e-03	-3.99058e-07	-6.55132e-04	
335	3.282800e-03	-3.93489e-07	-6.55100e-04	
336	3.292800e-03	-3.86071e-07	-6.55057e-04	
337	3.302800e-03	-3.76866e-07	-6.55001e-04	
338	3.312800e-03	-3.65950e-07	-6.54935e-04	
339	3.322800e-03	-3.53409e-07	-6.54857e-04	
340	3.332800e-03	-3.39344e-07	-6.54769e-04	
341	3.342800e-03	-3.23862e-07	-6.54671e-04	
342	3.352800e-03	-3.07082e-07	-6.54562e-04	
343	3.362800e-03	-2.89126e-07	-6.54444e-04	
344	3.372800e-03	-2.70125e-07	-6.54317e-04	

Index   time            v1#branch       v2#branch       
--------------------------------------------------------------------------------
345	3.382800e-03	-2.50209e-07	-6.54182e-04	
346	3.392800e-03	-2.29514e-07	-6.54038e-04	
347	3.402800e-03	-2.08172e-07	-6.53887e-04	
348	3.412800e-03	-1.86317e-07	-6.53729e-04	
349	3.422800e-03	-1.64079e-07	-6.53565e-04	
350	3.432800e-03	-1.41584e-07	-6.53395e-04	
351	3.442800e-03	-1.18954e-07	-6.53221e-04	
352	3.452800e-03	-9.63050e-08	-6.53042e-04	
353	3.462800e-03	-7.37462e-08	-6.52860e-04	
354	3.472800e-03	-5.13802e-08	-6.52675e-04	
355	3.482800e-03	-2.93026e-08	-6.52488e-04	
356	3.492800e-03	-7.60092e-09	-6.52299e-04	
357	3.502800e-03	1.364454e-08	-6.52110e-04	
358	3.512800e-03	3.436165e-08	-6.51921e-04	
359	3.522800e-03	5.448532e-08	-6.51733e-04	
360	3.532800e-03	7.395826e-08	-6.51547e-04	
361	3.542800e-03	9.272976e-08	-6.51363e-04	
362	3.552800e-03	1.107562e-07	-6.51182e-04	
363	3.562800e-03	1.279997e-07	-6.51005e-04	
364	3.572800e-03	1.444288e-07	-6.50833e-04	
365	3.582800e-03	1.600166e-07	-6.50666e-04	
366	3.592800e-03	1.747417e-07	-6.50504e-04	
367	3.602800e-03	1.885863e-07	-6.50349e-04	
368	3.612800e-03	2.015370e-07	-6.50201e-04	
369	3.622800e-03	2.135833e-07	-6.50061e-04	
370	3.632800e-03	2.247178e-07	-6.49929e-04	
371	3.642800e-03	2.349352e-07	-6.49806e-04	
372	3.652800e-03	2.442324e-07	-6.49692e-04	
373	3.662800e-03	2.526075e-07	-6.49588e-04	
374	3.672800e-03	2.600604e-07	-6.49493e-04	
375	3.682800e-03	2.665913e-07	-6.49409e-04	
376	3.692800e-03	2.722014e-07	-6.49336e-04	
377	3.702800e-03	2.768919e-07	-6.49274e-04	
378	3.712800e-03	2.806645e-07	-6.49224e-04	
379	3.722800e-03	2.835203e-07	-6.49184e-04	
380	3.732800e-03	2.854608e-07	-6.49157e-04	
381	3.742800e-03	2.864866e-07	-6.49141e-04	
382	3.752800e-03	2.865986e-07	-6.49137e-04	
383	3.762800e-03	2.857964e-07	-6.49145e-04	
384	3.772800e-03	2.840799e-07	-6.49164e-04	
385	3.782800e-03	2.814481e-07	-6.49195e-04	
386	3.792800e-03	2.779000e-07	-6.49238e-04	
387	3.802800e-03	2.734341e-07	-6.49293e-04	
388	3.812800e-03	2.680491e-07	-6.49358e-04	
389	3.822800e-03	2.617432e-07	-6.49435e-04	
390	3.832800e-03	2.545157e-07	-6.49522e-04	
391	3.842800e-03	2.463656e-07	-6.49620e-04	
392	3.852800e-03	2.372934e-07	-6.49727e-04	
393	3.862800e-03	2.273001e-07	-6.49844e-04	
394	3.872800e-03	2.163887e-07	-6.49970e-04	
395	3.882800e-03	2.045637e-07	-6.50105e-04	
396	3.892800e-03	1.918323e-07	-6.50248e-04	
397	3.902800e-03	1.782037e-07	-6.50398e-04	
398	3.912800e-03	1.636912e-07	-6.50555e-04	
399	3.922800e-03	1.483109e-07	-6.50718e-04	
400	3.932800e-03	1.320840e-07	-6.50887e-04	
401	3.942800e-03	1.150354e-07	-6.51061e-04	
402	3.952800e-03	9.719614e-08	-6.51240e-04	

Index   time            v1#branch       v2#branch       
--------------------------------------------------------------------------------
403	3.962800e-03	7.860219e-08	-6.51422e-04	
404	3.972800e-03	5.929624e-08	-6.51606e-04	
405	3.982800e-03	3.932712e-08	-6.51793e-04	
406	3.992800e-03	1.875108e-08	-6.51981e-04	
407	4.002800e-03	-2.36880e-09	-6.52170e-04	
408	4.012800e-03	-2.39614e-08	-6.52359e-04	
409	4.022800e-03	-4.59485e-08	-6.52547e-04	
410	4.032800e-03	-6.82435e-08	-6.52734e-04	
411	4.042800e-03	-9.07529e-08	-6.52918e-04	
412	4.052800e-03	-1.13375e-07	-6.53099e-04	
413	4.062800e-03	-1.36002e-07	-6.53276e-04	
414	4.072800e-03	-1.58518e-07	-6.53449e-04	
415	4.082800e-03	-1.80804e-07	-6.53616e-04	
416	4.092800e-03	-2.02732e-07	-6.53778e-04	
417	4.102800e-03	-2.24175e-07	-6.53934e-04	
418	4.112800e-03	-2.44998e-07	-6.54082e-04	
419	4.122800e-03	-2.65069e-07	-6.54222e-04	
420	4.132800e-03	-2.84252e-07	-6.54355e-04	
421	4.142800e-03	-3.02416e-07	-6.54478e-04	
422	4.152800e-03	-3.19430e-07	-6.54593e-04	
423	4.162800e-03	-3.35170e-07	-6.54697e-04	
424	4.172800e-03	-3.49516e-07	-6.54792e-04	
425	4.182800e-03	-3.62358e-07	-6.54876e-04	
426	4.192800e-03	-3.73596e-07	-6.54949e-04	
427	4.202800e-03	-3.83138e-07	-6.55011e-04	
428	4.212800e-03	-3.90908e-07	-6.55062e-04	
429	4.222800e-03	-3.96842e-07	-6.55101e-04	
430	4.232800e-03	-4.00890e-07	-6.55128e-04	
431	4.242800e-03	-4.03019e-07	-6.55144e-04	
432	4.252800e-03	-4.03211e-07	-6.55147e-04	
433	4.262800e-03	-4.01464e-07	-6.55139e-04	
434	4.272800e-03	-3.97794e-07	-6.55119e-04	
435	4.282800e-03	-3.92231e-07	-6.55087e-04	
436	4.292800e-03	-3.84821e-07	-6.55043e-04	
437	4.302800e-03	-3.75626e-07	-6.54988e-04	
438	4.312800e-03	-3.64721e-07	-6.54921e-04	
439	4.322800e-03	-3.52193e-07	-6.54844e-04	
440	4.332800e-03	-3.38142e-07	-6.54756e-04	
441	4.342800e-03	-3.22676e-07	-6.54657e-04	
442	4.352800e-03	-3.05912e-07	-6.54549e-04	
443	4.362800e-03	-2.87975e-07	-6.54431e-04	
444	4.372800e-03	-2.68993e-07	-6.54304e-04	
445	4.382800e-03	-2.49097e-07	-6.54168e-04	
446	4.392800e-03	-2.28422e-07	-6.54025e-04	
447	4.402800e-03	-2.07102e-07	-6.53874e-04	
448	4.412800e-03	-1.85268e-07	-6.53716e-04	
449	4.422800e-03	-1.63052e-07	-6.53552e-04	
450	4.432800e-03	-1.40579e-07	-6.53382e-04	
451	4.442800e-03	-1.17972e-07	-6.53207e-04	
452	4.452800e-03	-9.53447e-08	-6.53029e-04	
453	4.462800e-03	-7.28080e-08	-6.52846e-04	
454	4.472800e-03	-5.04640e-08	-6.52661e-04	
455	4.482800e-03	-2.84080e-08	-6.52474e-04	
456	4.492800e-03	-6.72759e-09	-6.52286e-04	
457	4.502800e-03	1.449711e-08	-6.52097e-04	
458	4.512800e-03	3.519398e-08	-6.51908e-04	
459	4.522800e-03	5.529802e-08	-6.51720e-04	
460	4.532800e-03	7.475198e-08	-6.51534e-04	

Index   time            v1#branch       v2#branch       
--------------------------------------------------------------------------------
461	4.542800e-03	9.350518e-08	-6.51350e-04	
462	4.552800e-03	1.115141e-07	-6.51169e-04	
463	4.562800e-03	1.287408e-07	-6.50992e-04	
464	4.572800e-03	1.451539e-07	-6.50819e-04	
465	4.582800e-03	1.607266e-07	-6.50652e-04	
466	4.592800e-03	1.754373e-07	-6.50491e-04	
467	4.602800e-03	1.892685e-07	-6.50336e-04	
468	4.612800e-03	2.022067e-07	-6.50188e-04	
469	4.622800e-03	2.142412e-07	-6.50048e-04	
470	4.632800e-03	2.253649e-07	-6.49916e-04	
471	4.642800e-03	2.355723e-07	-6.49793e-04	
472	4.652800e-03	2.448604e-07	-6.49679e-04	
473	4.662800e-03	2.532274e-07	-6.49574e-04	
474	4.672800e-03	2.606731e-07	-6.49480e-04	
475	4.682800e-03	2.671976e-07	-6.49396e-04	
476	4.692800e-03	2.728022e-07	-6.49323e-04	
477	4.702800e-03	2.774880e-07	-6.49261e-04	
478	4.712800e-03	2.812568e-07	-6.49210e-04	
479	4.722800e-03	2.841097e-07	-6.49171e-04	
480	4.732800e-03	2.860482e-07	-6.49143e-04	
481	4.742800e-03	2.870729e-07	-6.49127e-04	
482	4.752800e-03	2.871846e-07	-6.49123e-04	
483	4.762800e-03	2.863829e-07	-6.49131e-04	
484	4.772800e-03	2.846679e-07	-6.49151e-04	
485	4.782800e-03	2.820384e-07	-6.49182e-04	
486	4.792800e-03	2.784935e-07	-6.49225e-04	
487	4.802800e-03	2.740317e-07	-6.49279e-04	
488	4.812800e-03	2.686516e-07	-6.49345e-04	
489	4.822800e-03	2.623515e-07	-6.49422e-04	
490	4.832800e-03	2.551307e-07	-6.49509e-04	
491	4.842800e-03	2.469881e-07	-6.49606e-04	
492	4.852800e-03	2.379243e-07	-6.49714e-04	
493	4.862800e-03	2.279402e-07	-6.49831e-04	
494	4.872800e-03	2.170390e-07	-6.49957e-04	
495	4.882800e-03	2.052250e-07	-6.50092e-04	
496	4.892800e-03	1.925054e-07	-6.50234e-04	
497	4.902800e-03	1.788895e-07	-6.50385e-04	
498	4.912800e-03	1.643905e-07	-6.50542e-04	
499	4.922800e-03	1.490246e-07	-6.50705e-04	
500	4.932800e-03	1.328127e-07	-6.50874e-04	
501	4.942800e-03	1.157800e-07	-6.51048e-04	
502	4.952800e-03	9.795738e-08	-6.51226e-04	
503	4.962800e-03	7.938075e-08	-6.51408e-04	
504	4.972800e-03	6.009279e-08	-6.51593e-04	
505	4.982800e-03	4.014227e-08	-6.51780e-04	
506	4.992800e-03	1.958539e-08	-6.51968e-04	
507	5.002800e-03	-1.51482e-09	-6.52157e-04	
508	5.012800e-03	-2.30874e-08	-6.52346e-04	
509	5.022800e-03	-4.50540e-08	-6.52534e-04	
510	5.032800e-03	-6.73283e-08	-6.52720e-04	
511	5.042800e-03	-8.98168e-08	-6.52904e-04	
512	5.052800e-03	-1.12418e-07	-6.53085e-04	
513	5.062800e-03	-1.35024e-07	-6.53263e-04	
514	5.072800e-03	-1.57519e-07	-6.53436e-04	
515	5.082800e-03	-1.79784e-07	-6.53603e-04	
516	5.092800e-03	-2.01693e-07	-6.53765e-04	
517	5.102800e-03	-2.23115e-07	-6.53920e-04	
518	5.112800e-03	-2.43920e-07	-6.54069e-04	

Index   time            v1#branch       v2#branch       
--------------------------------------------------------------------------------
519	5.122800e-03	-2.63972e-07	-6.54209e-04	
520	5.132800e-03	-2.83138e-07	-6.54342e-04	
521	5.142800e-03	-3.01285e-07	-6.54465e-04	
522	5.152800e-03	-3.18283e-07	-6.54580e-04	
523	5.162800e-03	-3.34009e-07	-6.54684e-04	
524	5.172800e-03	-3.48342e-07	-6.54779e-04	
525	5.182800e-03	-3.61173e-07	-6.54863e-04	
526	5.192800e-03	-3.72400e-07	-6.54936e-04	
527	5.202800e-03	-3.81935e-07	-6.54998e-04	
528	5.212800e-03	-3.89698e-07	-6.55048e-04	
529	5.222800e-03	-3.95627e-07	-6.55087e-04	
530	5.232800e-03	-3.99672e-07	-6.55115e-04	
531	5.242800e-03	-4.01799e-07	-6.55130e-04	
532	5.252800e-03	-4.01992e-07	-6.55134e-04	
533	5.262800e-03	-4.00247e-07	-6.55126e-04	
534	5.272800e-03	-3.96581e-07	-6.55105e-04	
535	5.282800e-03	-3.91024e-07	-6.55073e-04	
536	5.292800e-03	-3.83622e-07	-6.55030e-04	
537	5.302800e-03	-3.74436e-07	-6.54975e-04	
538	5.312800e-03	-3.63541e-07	-6.54908e-04	
539	5.322800e-03	-3.51026e-07	-6.54831e-04	
540	5.332800e-03	-3.36988e-07	-6.54743e-04	
541	5.342800e-03	-3.21538e-07	-6.54644e-04	
542	5.352800e-03	-3.04790e-07	-6.54536e-04	
543	5.362800e-03	-2.86870e-07	-6.54418e-04	
544	5.372800e-03	-2.67906e-07	-6.54291e-04	
545	5.382800e-03	-2.48029e-07	-6.54155e-04	
546	5.392800e-03	-2.27374e-07	-6.54012e-04	
547	5.402800e-03	-2.06074e-07	-6.53861e-04	
548	5.412800e-03	-1.84261e-07	-6.53703e-04	
549	5.422800e-03	-1.62066e-07	-6.53539e-04	
550	5.432800e-03	-1.39615e-07	-6.53369e-04	
551	5.442800e-03	-1.17029e-07	-6.53194e-04	
552	5.452800e-03	-9.44230e-08	-6.53015e-04	
553	5.462800e-03	-7.19076e-08	-6.52833e-04	
554	5.472800e-03	-4.95846e-08	-6.52648e-04	
555	5.482800e-03	-2.75494e-08	-6.52461e-04	
556	5.492800e-03	-5.88936e-09	-6.52273e-04	
557	5.502800e-03	1.531541e-08	-6.52084e-04	
558	5.512800e-03	3.599287e-08	-6.51895e-04	
559	5.522800e-03	5.607806e-08	-6.51707e-04	
560	5.532800e-03	7.551380e-08	-6.51520e-04	
561	5.542800e-03	9.424945e-08	-6.51337e-04	
562	5.552800e-03	1.122415e-07	-6.51156e-04	
563	5.562800e-03	1.294522e-07	-6.50979e-04	
564	5.572800e-03	1.458499e-07	-6.50806e-04	
565	5.582800e-03	1.614080e-07	-6.50639e-04	
566	5.592800e-03	1.761050e-07	-6.50478e-04	
567	5.602800e-03	1.899233e-07	-6.50323e-04	
568	5.612800e-03	2.028494e-07	-6.50175e-04	
569	5.622800e-03	2.148727e-07	-6.50035e-04	
570	5.632800e-03	2.259860e-07	-6.49903e-04	
571	5.642800e-03	2.361839e-07	-6.49780e-04	
572	5.652800e-03	2.454633e-07	-6.49666e-04	
573	5.662800e-03	2.538225e-07	-6.49561e-04	
574	5.672800e-03	2.612611e-07	-6.49467e-04	
575	5.682800e-03	2.677795e-07	-6.49383e-04	
576	5.692800e-03	2.733788e-07	-6.49310e-04	

Index   time            v1#branch       v2#branch       
--------------------------------------------------------------------------------
577	5.702800e-03	2.780602e-07	-6.49248e-04	
578	5.712800e-03	2.818254e-07	-6.49197e-04	
579	5.722800e-03	2.846755e-07	-6.49158e-04	
580	5.732800e-03	2.866121e-07	-6.49130e-04	
581	5.742800e-03	2.876357e-07	-6.49115e-04	
582	5.752800e-03	2.877470e-07	-6.49110e-04	
583	5.762800e-03	2.869460e-07	-6.49118e-04	
584	5.772800e-03	2.852323e-07	-6.49138e-04	
585	5.782800e-03	2.826051e-07	-6.49169e-04	
586	5.792800e-03	2.790633e-07	-6.49212e-04	
587	5.802800e-03	2.746053e-07	-6.49266e-04	
588	5.812800e-03	2.692299e-07	-6.49332e-04	
589	5.822800e-03	2.629354e-07	-6.49409e-04	
590	5.832800e-03	2.557210e-07	-6.49496e-04	
591	5.842800e-03	2.475856e-07	-6.49593e-04	
592	5.852800e-03	2.385298e-07	-6.49701e-04	
593	5.862800e-03	2.285547e-07	-6.49818e-04	
594	5.872800e-03	2.176632e-07	-6.49944e-04	
595	5.882800e-03	2.058597e-07	-6.50079e-04	
596	5.892800e-03	1.931514e-07	-6.50221e-04	
597	5.902800e-03	1.795477e-07	-6.50372e-04	
598	5.912800e-03	1.650617e-07	-6.50529e-04	
599	5.922800e-03	1.497095e-07	-6.50692e-04	
600	5.932800e-03	1.335122e-07	-6.50861e-04	
601	5.942800e-03	1.164948e-07	-6.51035e-04	
602	5.952800e-03	9.868805e-08	-6.51213e-04	
603	5.962800e-03	8.012805e-08	-6.51395e-04	
604	5.972800e-03	6.085735e-08	-6.51580e-04	
605	5.982800e-03	4.092469e-08	-6.51767e-04	
606	5.992800e-03	2.038620e-08	-6.51955e-04	
607	6.002800e-03	-6.95138e-10	-6.52144e-04	
608	6.012800e-03	-2.22484e-08	-6.52333e-04	
609	6.022800e-03	-4.41954e-08	-6.52521e-04	
610	6.032800e-03	-6.64498e-08	-6.52707e-04	
611	6.042800e-03	-8.89182e-08	-6.52892e-04	
612	6.052800e-03	-1.11499e-07	-6.53073e-04	
613	6.062800e-03	-1.34085e-07	-6.53250e-04	
614	6.072800e-03	-1.56560e-07	-6.53423e-04	
615	6.082800e-03	-1.78806e-07	-6.53590e-04	
616	6.092800e-03	-2.00695e-07	-6.53752e-04	
617	6.102800e-03	-2.22098e-07	-6.53908e-04	
618	6.112800e-03	-2.42884e-07	-6.54056e-04	
619	6.122800e-03	-2.62919e-07	-6.54196e-04	
620	6.132800e-03	-2.82068e-07	-6.54329e-04	
621	6.142800e-03	-3.00199e-07	-6.54452e-04	
622	6.152800e-03	-3.17183e-07	-6.54567e-04	
623	6.162800e-03	-3.32894e-07	-6.54671e-04	
624	6.172800e-03	-3.47215e-07	-6.54766e-04	
625	6.182800e-03	-3.60035e-07	-6.54850e-04	
626	6.192800e-03	-3.71253e-07	-6.54923e-04	
627	6.202800e-03	-3.80779e-07	-6.54985e-04	
628	6.212800e-03	-3.88536e-07	-6.55036e-04	
629	6.222800e-03	-3.94460e-07	-6.55075e-04	
630	6.232800e-03	-3.98502e-07	-6.55102e-04	
631	6.242800e-03	-4.00629e-07	-6.55118e-04	
632	6.252800e-03	-4.00821e-07	-6.55121e-04	
633	6.262800e-03	-3.99079e-07	-6.55113e-04	
634	6.272800e-03	-3.95417e-07	-6.55093e-04	

Index   time            v1#branch       v2#branch       
--------------------------------------------------------------------------------
635	6.282800e-03	-3.89865e-07	-6.55061e-04	
636	6.292800e-03	-3.82470e-07	-6.55017e-04	
637	6.302800e-03	-3.73293e-07	-6.54962e-04	
638	6.312800e-03	-3.62409e-07	-6.54895e-04	
639	6.322800e-03	-3.49906e-07	-6.54818e-04	
640	6.332800e-03	-3.35881e-07	-6.54730e-04	
641	6.342800e-03	-3.20445e-07	-6.54631e-04	
642	6.352800e-03	-3.03713e-07	-6.54523e-04	
643	6.362800e-03	-2.85810e-07	-6.54405e-04	
644	6.372800e-03	-2.66863e-07	-6.54278e-04	
645	6.382800e-03	-2.47005e-07	-6.54142e-04	
646	6.392800e-03	-2.26368e-07	-6.53999e-04	
647	6.402800e-03	-2.05088e-07	-6.53848e-04	
648	6.412800e-03	-1.83295e-07	-6.53690e-04	
649	6.422800e-03	-1.61120e-07	-6.53526e-04	
650	6.432800e-03	-1.38689e-07	-6.53356e-04	
651	6.442800e-03	-1.16123e-07	-6.53182e-04	
652	6.452800e-03	-9.35383e-08	-6.53003e-04	
653	6.462800e-03	-7.10433e-08	-6.52820e-04	
654	6.472800e-03	-4.87405e-08	-6.52635e-04	
655	6.482800e-03	-2.67252e-08	-6.52448e-04	
656	6.492800e-03	-5.08475e-09	-6.52260e-04	
657	6.502800e-03	1.610090e-08	-6.52071e-04	
658	6.512800e-03	3.675972e-08	-6.51882e-04	
659	6.522800e-03	5.682683e-08	-6.51694e-04	
660	6.532800e-03	7.624508e-08	-6.51508e-04	
661	6.542800e-03	9.496389e-08	-6.51324e-04	
662	6.552800e-03	1.129398e-07	-6.51143e-04	
663	6.562800e-03	1.301350e-07	-6.50966e-04	
664	6.572800e-03	1.465180e-07	-6.50794e-04	
665	6.582800e-03	1.620622e-07	-6.50627e-04	
666	6.592800e-03	1.767460e-07	-6.50465e-04	
667	6.602800e-03	1.905519e-07	-6.50310e-04	
668	6.612800e-03	2.034664e-07	-6.50162e-04	
669	6.622800e-03	2.154789e-07	-6.50022e-04	
670	6.632800e-03	2.265822e-07	-6.49890e-04	
671	6.642800e-03	2.367709e-07	-6.49767e-04	
672	6.652800e-03	2.460420e-07	-6.49653e-04	
673	6.662800e-03	2.543937e-07	-6.49549e-04	
674	6.672800e-03	2.618256e-07	-6.49454e-04	
675	6.682800e-03	2.683381e-07	-6.49371e-04	
676	6.692800e-03	2.739323e-07	-6.49297e-04	
677	6.702800e-03	2.786094e-07	-6.49235e-04	
678	6.712800e-03	2.823711e-07	-6.49185e-04	
679	6.722800e-03	2.852186e-07	-6.49145e-04	
680	6.732800e-03	2.871533e-07	-6.49118e-04	
681	6.742800e-03	2.881759e-07	-6.49102e-04	
682	6.752800e-03	2.882870e-07	-6.49098e-04	
683	6.762800e-03	2.874865e-07	-6.49106e-04	
684	6.772800e-03	2.857742e-07	-6.49125e-04	
685	6.782800e-03	2.831491e-07	-6.49157e-04	
686	6.792800e-03	2.796102e-07	-6.49200e-04	
687	6.802800e-03	2.751559e-07	-6.49254e-04	
688	6.812800e-03	2.697851e-07	-6.49320e-04	
689	6.822800e-03	2.634959e-07	-6.49396e-04	
690	6.832800e-03	2.562876e-07	-6.49483e-04	
691	6.842800e-03	2.481592e-07	-6.49581e-04	
692	6.852800e-03	2.391112e-07	-6.49688e-04	

Index   time            v1#branch       v2#branch       
--------------------------------------------------------------------------------
693	6.862800e-03	2.291446e-07	-6.49805e-04	
694	6.872800e-03	2.182624e-07	-6.49931e-04	
695	6.882800e-03	2.064690e-07	-6.50066e-04	
696	6.892800e-03	1.937716e-07	-6.50209e-04	
697	6.902800e-03	1.801796e-07	-6.50359e-04	
698	6.912800e-03	1.657060e-07	-6.50516e-04	
699	6.922800e-03	1.503671e-07	-6.50680e-04	
700	6.932800e-03	1.341836e-07	-6.50849e-04	
701	6.942800e-03	1.171809e-07	-6.51023e-04	
702	6.952800e-03	9.938946e-08	-6.51201e-04	
703	6.962800e-03	8.084543e-08	-6.51383e-04	
704	6.972800e-03	6.159130e-08	-6.51568e-04	
705	6.982800e-03	4.167577e-08	-6.51754e-04	
706	6.992800e-03	2.115493e-08	-6.51943e-04	
707	7.002800e-03	9.171075e-11	-6.52132e-04	
708	7.012800e-03	-2.14430e-08	-6.52321e-04	
709	7.022800e-03	-4.33712e-08	-6.52509e-04	
710	7.032800e-03	-6.56065e-08	-6.52695e-04	
711	7.042800e-03	-8.80557e-08	-6.52879e-04	
712	7.052800e-03	-1.10617e-07	-6.53060e-04	
713	7.062800e-03	-1.33184e-07	-6.53237e-04	
714	7.072800e-03	-1.55640e-07	-6.53410e-04	
715	7.082800e-03	-1.77866e-07	-6.53578e-04	
716	7.092800e-03	-1.99737e-07	-6.53740e-04	
717	7.102800e-03	-2.21122e-07	-6.53895e-04	
718	7.112800e-03	-2.41890e-07	-6.54043e-04	
719	7.122800e-03	-2.61908e-07	-6.54184e-04	
720	7.132800e-03	-2.81041e-07	-6.54316e-04	
721	7.142800e-03	-2.99156e-07	-6.54440e-04	
722	7.152800e-03	-3.16126e-07	-6.54554e-04	
723	7.162800e-03	-3.31824e-07	-6.54659e-04	
724	7.172800e-03	-3.46134e-07	-6.54753e-04	
725	7.182800e-03	-3.58943e-07	-6.54837e-04	
726	7.192800e-03	-3.70152e-07	-6.54910e-04	
727	7.202800e-03	-3.79670e-07	-6.54972e-04	
728	7.212800e-03	-3.87421e-07	-6.55023e-04	
729	7.222800e-03	-3.93341e-07	-6.55062e-04	
730	7.232800e-03	-3.97380e-07	-6.55090e-04	
731	7.242800e-03	-3.99505e-07	-6.55105e-04	
732	7.252800e-03	-3.99698e-07	-6.55109e-04	
733	7.262800e-03	-3.97958e-07	-6.55100e-04	
734	7.272800e-03	-3.94299e-07	-6.55080e-04	
735	7.282800e-03	-3.88753e-07	-6.55048e-04	
736	7.292800e-03	-3.81365e-07	-6.55005e-04	
737	7.302800e-03	-3.72197e-07	-6.54949e-04	
738	7.312800e-03	-3.61323e-07	-6.54883e-04	
739	7.322800e-03	-3.48830e-07	-6.54806e-04	
740	7.332800e-03	-3.34819e-07	-6.54717e-04	
741	7.342800e-03	-3.19396e-07	-6.54619e-04	
742	7.352800e-03	-3.02679e-07	-6.54511e-04	
743	7.362800e-03	-2.84792e-07	-6.54393e-04	
744	7.372800e-03	-2.65861e-07	-6.54266e-04	
745	7.382800e-03	-2.46021e-07	-6.54130e-04	
746	7.392800e-03	-2.25403e-07	-6.53986e-04	
747	7.402800e-03	-2.04141e-07	-6.53835e-04	
748	7.412800e-03	-1.82367e-07	-6.53678e-04	
749	7.422800e-03	-1.60212e-07	-6.53513e-04	
750	7.432800e-03	-1.37801e-07	-6.53344e-04	

Index   time            v1#branch       v2#branch       
--------------------------------------------------------------------------------
751	7.442800e-03	-1.15254e-07	-6.53169e-04	
752	7.452800e-03	-9.26890e-08	-6.52990e-04	
753	7.462800e-03	-7.02136e-08	-6.52808e-04	
754	7.472800e-03	-4.79302e-08	-6.52623e-04	
755	7.482800e-03	-2.59340e-08	-6.52436e-04	
756	7.492800e-03	-4.31232e-09	-6.52248e-04	
757	7.502800e-03	1.685497e-08	-6.52059e-04	
758	7.512800e-03	3.749590e-08	-6.51870e-04	
759	7.522800e-03	5.754565e-08	-6.51682e-04	
760	7.532800e-03	7.694711e-08	-6.51496e-04	
761	7.542800e-03	9.564976e-08	-6.51312e-04	
762	7.552800e-03	1.136101e-07	-6.51131e-04	
763	7.562800e-03	1.307905e-07	-6.50954e-04	
764	7.572800e-03	1.471594e-07	-6.50782e-04	
765	7.582800e-03	1.626902e-07	-6.50614e-04	
766	7.592800e-03	1.773613e-07	-6.50453e-04	
767	7.602800e-03	1.911553e-07	-6.50298e-04	
768	7.612800e-03	2.040587e-07	-6.50150e-04	
769	7.622800e-03	2.160609e-07	-6.50010e-04	
770	7.632800e-03	2.271546e-07	-6.49878e-04	
771	7.642800e-03	2.373346e-07	-6.49755e-04	
772	7.652800e-03	2.465976e-07	-6.49641e-04	
773	7.662800e-03	2.549421e-07	-6.49536e-04	
774	7.672800e-03	2.623676e-07	-6.49442e-04	
775	7.682800e-03	2.688744e-07	-6.49358e-04	
776	7.692800e-03	2.744637e-07	-6.49285e-04	
777	7.702800e-03	2.791367e-07	-6.49223e-04	
778	7.712800e-03	2.828951e-07	-6.49172e-04	
779	7.722800e-03	2.857401e-07	-6.49133e-04	
780	7.732800e-03	2.876730e-07	-6.49106e-04	
781	7.742800e-03	2.886945e-07	-6.49090e-04	
782	7.752800e-03	2.888054e-07	-6.49086e-04	
783	7.762800e-03	2.880054e-07	-6.49094e-04	
784	7.772800e-03	2.862944e-07	-6.49113e-04	
785	7.782800e-03	2.836713e-07	-6.49144e-04	
786	7.792800e-03	2.801352e-07	-6.49187e-04	
787	7.802800e-03	2.756846e-07	-6.49242e-04	
788	7.812800e-03	2.703181e-07	-6.49307e-04	
789	7.822800e-03	2.640341e-07	-6.49384e-04	
790	7.832800e-03	2.568316e-07	-6.49471e-04	
791	7.842800e-03	2.487099e-07	-6.49569e-04	
792	7.852800e-03	2.396693e-07	-6.49676e-04	
793	7.862800e-03	2.297109e-07	-6.49793e-04	
794	7.872800e-03	2.188376e-07	-6.49919e-04	
795	7.882800e-03	2.070540e-07	-6.50054e-04	
796	7.892800e-03	1.943671e-07	-6.50197e-04	
797	7.902800e-03	1.807863e-07	-6.50347e-04	
798	7.912800e-03	1.663246e-07	-6.50504e-04	
799	7.922800e-03	1.509983e-07	-6.50667e-04	
800	7.932800e-03	1.348283e-07	-6.50837e-04	
801	7.942800e-03	1.178395e-07	-6.51011e-04	
802	7.952800e-03	1.000628e-07	-6.51189e-04	
803	7.962800e-03	8.153414e-08	-6.51371e-04	
804	7.972800e-03	6.229591e-08	-6.51555e-04	
805	7.982800e-03	4.239684e-08	-6.51742e-04	
806	7.992800e-03	2.189295e-08	-6.51931e-04	
807	8.002800e-03	8.471141e-10	-6.52120e-04	
808	8.012800e-03	-2.06699e-08	-6.52308e-04	

Index   time            v1#branch       v2#branch       
--------------------------------------------------------------------------------
809	8.022800e-03	-4.25799e-08	-6.52496e-04	
810	8.032800e-03	-6.47970e-08	-6.52683e-04	
811	8.042800e-03	-8.72276e-08	-6.52867e-04	
812	8.052800e-03	-1.09771e-07	-6.53048e-04	
813	8.062800e-03	-1.32319e-07	-6.53225e-04	
814	8.072800e-03	-1.54756e-07	-6.53398e-04	
815	8.082800e-03	-1.76964e-07	-6.53566e-04	
816	8.092800e-03	-1.98817e-07	-6.53728e-04	
817	8.102800e-03	-2.20185e-07	-6.53883e-04	
818	8.112800e-03	-2.40936e-07	-6.54031e-04	
819	8.122800e-03	-2.60937e-07	-6.54172e-04	
820	8.132800e-03	-2.80055e-07	-6.54304e-04	
821	8.142800e-03	-2.98156e-07	-6.54428e-04	
822	8.152800e-03	-3.15112e-07	-6.54542e-04	
823	8.162800e-03	-3.30798e-07	-6.54647e-04	
824	8.172800e-03	-3.45095e-07	-6.54741e-04	
825	8.182800e-03	-3.57894e-07	-6.54825e-04	
826	8.192800e-03	-3.69094e-07	-6.54898e-04	
827	8.202800e-03	-3.78605e-07	-6.54960e-04	
828	8.212800e-03	-3.86350e-07	-6.55011e-04	
829	8.222800e-03	-3.92266e-07	-6.55050e-04	
830	8.232800e-03	-3.96302e-07	-6.55078e-04	
831	8.242800e-03	-3.98426e-07	-6.55093e-04	
832	8.252800e-03	-3.98619e-07	-6.55097e-04	
833	8.262800e-03	-3.96881e-07	-6.55088e-04	
834	8.272800e-03	-3.93226e-07	-6.55068e-04	
835	8.282800e-03	-3.87685e-07	-6.55036e-04	
836	8.292800e-03	-3.80304e-07	-6.54993e-04	
837	8.302800e-03	-3.71144e-07	-6.54937e-04	
838	8.312800e-03	-3.60279e-07	-6.54871e-04	
839	8.322800e-03	-3.47798e-07	-6.54794e-04	
840	8.332800e-03	-3.33798e-07	-6.54705e-04	
841	8.342800e-03	-3.18389e-07	-6.54607e-04	
842	8.352800e-03	-3.01686e-07	-6.54499e-04	
843	8.362800e-03	-2.83814e-07	-6.54381e-04	
844	8.372800e-03	-2.64900e-07	-6.54254e-04	
845	8.382800e-03	-2.45076e-07	-6.54118e-04	
846	8.392800e-03	-2.24476e-07	-6.53974e-04	
847	8.402800e-03	-2.03232e-07	-6.53823e-04	
848	8.412800e-03	-1.81477e-07	-6.53666e-04	
849	8.422800e-03	-1.59340e-07	-6.53502e-04	
850	8.432800e-03	-1.36947e-07	-6.53332e-04	
851	8.442800e-03	-1.14420e-07	-6.53157e-04	
852	8.452800e-03	-9.18736e-08	-6.52979e-04	
853	8.462800e-03	-6.94170e-08	-6.52796e-04	
854	8.472800e-03	-4.71522e-08	-6.52611e-04	
855	8.482800e-03	-2.51744e-08	-6.52424e-04	
856	8.492800e-03	-3.57072e-09	-6.52236e-04	
857	8.502800e-03	1.757894e-08	-6.52047e-04	
858	8.512800e-03	3.820270e-08	-6.51858e-04	
859	8.522800e-03	5.823579e-08	-6.51670e-04	
860	8.532800e-03	7.762114e-08	-6.51484e-04	
861	8.542800e-03	9.630827e-08	-6.51300e-04	
862	8.552800e-03	1.142537e-07	-6.51119e-04	
863	8.562800e-03	1.314199e-07	-6.50942e-04	
864	8.572800e-03	1.477752e-07	-6.50770e-04	
865	8.582800e-03	1.632931e-07	-6.50602e-04	
866	8.592800e-03	1.779521e-07	-6.50441e-04	

Index   time            v1#branch       v2#branch       
--------------------------------------------------------------------------------
867	8.602800e-03	1.917347e-07	-6.50286e-04	
868	8.612800e-03	2.046274e-07	-6.50138e-04	
869	8.622800e-03	2.166197e-07	-6.49998e-04	
870	8.632800e-03	2.277042e-07	-6.49866e-04	
871	8.642800e-03	2.378757e-07	-6.49743e-04	
872	8.652800e-03	2.471311e-07	-6.49629e-04	
873	8.662800e-03	2.554686e-07	-6.49525e-04	
874	8.672800e-03	2.628879e-07	-6.49430e-04	
875	8.682800e-03	2.693893e-07	-6.49347e-04	
876	8.692800e-03	2.749740e-07	-6.49273e-04	
877	8.702800e-03	2.796431e-07	-6.49211e-04	
878	8.712800e-03	2.833982e-07	-6.49161e-04	
879	8.722800e-03	2.862407e-07	-6.49121e-04	
880	8.732800e-03	2.881719e-07	-6.49094e-04	
881	8.742800e-03	2.891925e-07	-6.49078e-04	
882	8.752800e-03	2.893031e-07	-6.49074e-04	
883	8.762800e-03	2.885036e-07	-6.49082e-04	
884	8.772800e-03	2.867939e-07	-6.49101e-04	
885	8.782800e-03	2.841728e-07	-6.49133e-04	
886	8.792800e-03	2.806394e-07	-6.49176e-04	
887	8.802800e-03	2.761922e-07	-6.49230e-04	
888	8.812800e-03	2.708299e-07	-6.49296e-04	
889	8.822800e-03	2.645508e-07	-6.49372e-04	
890	8.832800e-03	2.573540e-07	-6.49459e-04	
891	8.842800e-03	2.492386e-07	-6.49557e-04	
892	8.852800e-03	2.402051e-07	-6.49664e-04	
893	8.862800e-03	2.302546e-07	-6.49781e-04	
894	8.872800e-03	2.193899e-07	-6.49908e-04	
895	8.882800e-03	2.076157e-07	-6.50042e-04	
896	8.892800e-03	1.949388e-07	-6.50185e-04	
897	8.902800e-03	1.813688e-07	-6.50335e-04	
898	8.912800e-03	1.669186e-07	-6.50492e-04	
899	8.922800e-03	1.516044e-07	-6.50656e-04	
900	8.932800e-03	1.354472e-07	-6.50825e-04	
901	8.942800e-03	1.184720e-07	-6.50999e-04	
902	8.952800e-03	1.007094e-07	-6.51177e-04	
903	8.962800e-03	8.219539e-08	-6.51359e-04	
904	8.972800e-03	6.297244e-08	-6.51544e-04	
905	8.982800e-03	4.308916e-08	-6.51731e-04	
906	8.992800e-03	2.260154e-08	-6.51919e-04	
907	9.002800e-03	1.572398e-09	-6.52108e-04	
908	9.012800e-03	-1.99275e-08	-6.52297e-04	
909	9.022800e-03	-4.18202e-08	-6.52485e-04	
910	9.032800e-03	-6.40197e-08	-6.52671e-04	
911	9.042800e-03	-8.64325e-08	-6.52855e-04	
912	9.052800e-03	-1.08958e-07	-6.53036e-04	
913	9.062800e-03	-1.31488e-07	-6.53214e-04	
914	9.072800e-03	-1.53908e-07	-6.53386e-04	
915	9.082800e-03	-1.76098e-07	-6.53554e-04	
916	9.092800e-03	-1.97934e-07	-6.53716e-04	
917	9.102800e-03	-2.19285e-07	-6.53871e-04	
918	9.112800e-03	-2.40020e-07	-6.54020e-04	
919	9.122800e-03	-2.60006e-07	-6.54160e-04	
920	9.132800e-03	-2.79108e-07	-6.54292e-04	
921	9.142800e-03	-2.97195e-07	-6.54416e-04	
922	9.152800e-03	-3.14138e-07	-6.54530e-04	
923	9.162800e-03	-3.29812e-07	-6.54635e-04	
924	9.172800e-03	-3.44098e-07	-6.54730e-04	

Index   time            v1#branch       v2#branch       
--------------------------------------------------------------------------------
925	9.182800e-03	-3.56888e-07	-6.54814e-04	
926	9.192800e-03	-3.68079e-07	-6.54887e-04	
927	9.202800e-03	-3.77583e-07	-6.54949e-04	
928	9.212800e-03	-3.85322e-07	-6.54999e-04	
929	9.222800e-03	-3.91233e-07	-6.55039e-04	
930	9.232800e-03	-3.95267e-07	-6.55066e-04	
931	9.242800e-03	-3.97390e-07	-6.55081e-04	
932	9.252800e-03	-3.97584e-07	-6.55085e-04	
933	9.262800e-03	-3.95848e-07	-6.55077e-04	
934	9.272800e-03	-3.92196e-07	-6.55057e-04	
935	9.282800e-03	-3.86660e-07	-6.55025e-04	
936	9.292800e-03	-3.79285e-07	-6.54981e-04	
937	9.302800e-03	-3.70133e-07	-6.54926e-04	
938	9.312800e-03	-3.59277e-07	-6.54859e-04	
939	9.322800e-03	-3.46807e-07	-6.54782e-04	
940	9.332800e-03	-3.32819e-07	-6.54694e-04	
941	9.342800e-03	-3.17422e-07	-6.54595e-04	
942	9.352800e-03	-3.00733e-07	-6.54487e-04	
943	9.362800e-03	-2.82876e-07	-6.54369e-04	
944	9.372800e-03	-2.63977e-07	-6.54242e-04	
945	9.382800e-03	-2.44170e-07	-6.54106e-04	
946	9.392800e-03	-2.23586e-07	-6.53963e-04	
947	9.402800e-03	-2.02359e-07	-6.53812e-04	
948	9.412800e-03	-1.80621e-07	-6.53654e-04	
949	9.422800e-03	-1.58503e-07	-6.53490e-04	
950	9.432800e-03	-1.36128e-07	-6.53320e-04	
951	9.442800e-03	-1.13619e-07	-6.53146e-04	
952	9.452800e-03	-9.10907e-08	-6.52967e-04	
953	9.462800e-03	-6.86521e-08	-6.52785e-04	
954	9.472800e-03	-4.64052e-08	-6.52600e-04	
955	9.482800e-03	-2.44450e-08	-6.52413e-04	
956	9.492800e-03	-2.85865e-09	-6.52224e-04	
957	9.502800e-03	1.827409e-08	-6.52035e-04	
958	9.512800e-03	3.888136e-08	-6.51846e-04	
959	9.522800e-03	5.889846e-08	-6.51658e-04	
960	9.532800e-03	7.826833e-08	-6.51472e-04	
961	9.542800e-03	9.694056e-08	-6.51288e-04	
962	9.552800e-03	1.148717e-07	-6.51108e-04	
963	9.562800e-03	1.320242e-07	-6.50931e-04	
964	9.572800e-03	1.483665e-07	-6.50758e-04	
965	9.582800e-03	1.638721e-07	-6.50591e-04	
966	9.592800e-03	1.785194e-07	-6.50430e-04	
967	9.602800e-03	1.922910e-07	-6.50275e-04	
968	9.612800e-03	2.051735e-07	-6.50127e-04	
969	9.622800e-03	2.171562e-07	-6.49987e-04	
970	9.632800e-03	2.282319e-07	-6.49855e-04	
971	9.642800e-03	2.383953e-07	-6.49732e-04	
972	9.652800e-03	2.476433e-07	-6.49618e-04	
973	9.662800e-03	2.559742e-07	-6.49513e-04	
974	9.672800e-03	2.633876e-07	-6.49419e-04	
975	9.682800e-03	2.698837e-07	-6.49335e-04	
976	9.692800e-03	2.754639e-07	-6.49262e-04	
977	9.702800e-03	2.801292e-07	-6.49200e-04	
978	9.712800e-03	2.838814e-07	-6.49149e-04	
979	9.722800e-03	2.867215e-07	-6.49110e-04	
980	9.732800e-03	2.886511e-07	-6.49082e-04	
981	9.742800e-03	2.896707e-07	-6.49067e-04	
982	9.752800e-03	2.897811e-07	-6.49063e-04	

Index   time            v1#branch       v2#branch       
--------------------------------------------------------------------------------
983	9.762800e-03	2.889821e-07	-6.49070e-04	
984	9.772800e-03	2.872735e-07	-6.49090e-04	
985	9.782800e-03	2.846543e-07	-6.49121e-04	
986	9.792800e-03	2.811235e-07	-6.49164e-04	
987	9.802800e-03	2.766796e-07	-6.49219e-04	
988	9.812800e-03	2.713213e-07	-6.49284e-04	
989	9.822800e-03	2.650469e-07	-6.49361e-04	
990	9.832800e-03	2.578555e-07	-6.49448e-04	
991	9.842800e-03	2.497463e-07	-6.49546e-04	
992	9.852800e-03	2.407197e-07	-6.49653e-04	
993	9.862800e-03	2.307767e-07	-6.49770e-04	
994	9.872800e-03	2.199203e-07	-6.49896e-04	
995	9.882800e-03	2.081550e-07	-6.50031e-04	
996	9.892800e-03	1.954878e-07	-6.50174e-04	
997	9.902800e-03	1.819281e-07	-6.50324e-04	
998	9.912800e-03	1.674889e-07	-6.50481e-04	
999	9.922800e-03	1.521864e-07	-6.50644e-04	
1000	9.932800e-03	1.360415e-07	-6.50813e-04	
1001	9.942800e-03	1.190793e-07	-6.50987e-04	
1002	9.952800e-03	1.013302e-07	-6.51166e-04	
1003	9.962800e-03	8.283034e-08	-6.51348e-04	
1004	9.972800e-03	6.362205e-08	-6.51532e-04	
1005	9.982800e-03	4.375394e-08	-6.51719e-04	
1006	9.992800e-03	2.328194e-08	-6.51907e-04	
1007	1.000000e-02	8.203134e-09	-6.52044e-04	
