* /home/saurabh/installer_main_workshop/esim-1.1.2/examples/bjt_frequency_response/bjt_frequency_response.cir
AC Analysis  Tue Jun 24 15:24:23  2025
--------------------------------------------------------------------------------
Index   frequency       v1#branch                       
--------------------------------------------------------------------------------
0	1.000000e+01	-5.26853e-04,	-9.36759e-04	
1	1.023293e+01	-5.34259e-04,	-9.56766e-04	
2	1.047129e+01	-5.41987e-04,	-9.77160e-04	
3	1.071519e+01	-5.50052e-04,	-9.97945e-04	
4	1.096478e+01	-5.58468e-04,	-1.01912e-03	
5	1.122018e+01	-5.67248e-04,	-1.04069e-03	
6	1.148154e+01	-5.76407e-04,	-1.06266e-03	
7	1.174898e+01	-5.85960e-04,	-1.08503e-03	
8	1.202264e+01	-5.95924e-04,	-1.10780e-03	
9	1.230269e+01	-6.06314e-04,	-1.13096e-03	
10	1.258925e+01	-6.17147e-04,	-1.15453e-03	
11	1.288250e+01	-6.28440e-04,	-1.17849e-03	
12	1.318257e+01	-6.40211e-04,	-1.20285e-03	
13	1.348963e+01	-6.52477e-04,	-1.22762e-03	
14	1.380384e+01	-6.65257e-04,	-1.25277e-03	
15	1.412538e+01	-6.78570e-04,	-1.27832e-03	
16	1.445440e+01	-6.92436e-04,	-1.30425e-03	
17	1.479108e+01	-7.06874e-04,	-1.33057e-03	
18	1.513561e+01	-7.21903e-04,	-1.35727e-03	
19	1.548817e+01	-7.37546e-04,	-1.38433e-03	
20	1.584893e+01	-7.53822e-04,	-1.41177e-03	
21	1.621810e+01	-7.70752e-04,	-1.43956e-03	
22	1.659587e+01	-7.88359e-04,	-1.46770e-03	
23	1.698244e+01	-8.06664e-04,	-1.49617e-03	
24	1.737801e+01	-8.25689e-04,	-1.52497e-03	
25	1.778279e+01	-8.45456e-04,	-1.55409e-03	
26	1.819701e+01	-8.65987e-04,	-1.58351e-03	
27	1.862087e+01	-8.87305e-04,	-1.61321e-03	
28	1.905461e+01	-9.09432e-04,	-1.64318e-03	
29	1.949845e+01	-9.32390e-04,	-1.67340e-03	
30	1.995262e+01	-9.56201e-04,	-1.70385e-03	
31	2.041738e+01	-9.80888e-04,	-1.73452e-03	
32	2.089296e+01	-1.00647e-03,	-1.76538e-03	
33	2.137962e+01	-1.03297e-03,	-1.79640e-03	
34	2.187762e+01	-1.06041e-03,	-1.82756e-03	
35	2.238721e+01	-1.08881e-03,	-1.85883e-03	
36	2.290868e+01	-1.11819e-03,	-1.89020e-03	
37	2.344229e+01	-1.14857e-03,	-1.92161e-03	
38	2.398833e+01	-1.17996e-03,	-1.95306e-03	
39	2.454709e+01	-1.21239e-03,	-1.98449e-03	
40	2.511886e+01	-1.24586e-03,	-2.01588e-03	
41	2.570396e+01	-1.28040e-03,	-2.04719e-03	
42	2.630268e+01	-1.31601e-03,	-2.07838e-03	
43	2.691535e+01	-1.35271e-03,	-2.10941e-03	
44	2.754229e+01	-1.39051e-03,	-2.14025e-03	
45	2.818383e+01	-1.42941e-03,	-2.17084e-03	
46	2.884032e+01	-1.46943e-03,	-2.20114e-03	
47	2.951209e+01	-1.51056e-03,	-2.23112e-03	
48	3.019952e+01	-1.55281e-03,	-2.26072e-03	
49	3.090295e+01	-1.59617e-03,	-2.28989e-03	
50	3.162278e+01	-1.64065e-03,	-2.31859e-03	
51	3.235937e+01	-1.68624e-03,	-2.34677e-03	
52	3.311311e+01	-1.73294e-03,	-2.37437e-03	
53	3.388442e+01	-1.78072e-03,	-2.40135e-03	
54	3.467369e+01	-1.82958e-03,	-2.42766e-03	

Index   frequency       v1#branch                       
--------------------------------------------------------------------------------
55	3.548134e+01	-1.87950e-03,	-2.45324e-03	
56	3.630781e+01	-1.93046e-03,	-2.47805e-03	
57	3.715352e+01	-1.98244e-03,	-2.50203e-03	
58	3.801894e+01	-2.03541e-03,	-2.52513e-03	
59	3.890451e+01	-2.08934e-03,	-2.54731e-03	
60	3.981072e+01	-2.14420e-03,	-2.56851e-03	
61	4.073803e+01	-2.19996e-03,	-2.58869e-03	
62	4.168694e+01	-2.25657e-03,	-2.60780e-03	
63	4.265795e+01	-2.31400e-03,	-2.62580e-03	
64	4.365158e+01	-2.37220e-03,	-2.64264e-03	
65	4.466836e+01	-2.43113e-03,	-2.65828e-03	
66	4.570882e+01	-2.49072e-03,	-2.67269e-03	
67	4.677351e+01	-2.55094e-03,	-2.68582e-03	
68	4.786301e+01	-2.61172e-03,	-2.69766e-03	
69	4.897788e+01	-2.67301e-03,	-2.70816e-03	
70	5.011872e+01	-2.73475e-03,	-2.71729e-03	
71	5.128614e+01	-2.79688e-03,	-2.72504e-03	
72	5.248075e+01	-2.85933e-03,	-2.73139e-03	
73	5.370318e+01	-2.92205e-03,	-2.73632e-03	
74	5.495409e+01	-2.98496e-03,	-2.73980e-03	
75	5.623413e+01	-3.04800e-03,	-2.74185e-03	
76	5.754399e+01	-3.11110e-03,	-2.74244e-03	
77	5.888437e+01	-3.17420e-03,	-2.74159e-03	
78	6.025596e+01	-3.23723e-03,	-2.73928e-03	
79	6.165950e+01	-3.30012e-03,	-2.73553e-03	
80	6.309573e+01	-3.36281e-03,	-2.73034e-03	
81	6.456542e+01	-3.42523e-03,	-2.72373e-03	
82	6.606934e+01	-3.48732e-03,	-2.71572e-03	
83	6.760830e+01	-3.54901e-03,	-2.70633e-03	
84	6.918310e+01	-3.61025e-03,	-2.69558e-03	
85	7.079458e+01	-3.67097e-03,	-2.68349e-03	
86	7.244360e+01	-3.73112e-03,	-2.67011e-03	
87	7.413102e+01	-3.79065e-03,	-2.65545e-03	
88	7.585776e+01	-3.84949e-03,	-2.63957e-03	
89	7.762471e+01	-3.90761e-03,	-2.62249e-03	
90	7.943282e+01	-3.96495e-03,	-2.60426e-03	
91	8.128305e+01	-4.02147e-03,	-2.58492e-03	
92	8.317638e+01	-4.07713e-03,	-2.56452e-03	
93	8.511380e+01	-4.13189e-03,	-2.54309e-03	
94	8.709636e+01	-4.18571e-03,	-2.52070e-03	
95	8.912509e+01	-4.23857e-03,	-2.49738e-03	
96	9.120108e+01	-4.29044e-03,	-2.47319e-03	
97	9.332543e+01	-4.34128e-03,	-2.44818e-03	
98	9.549926e+01	-4.39109e-03,	-2.42240e-03	
99	9.772372e+01	-4.43983e-03,	-2.39589e-03	
100	1.000000e+02	-4.48749e-03,	-2.36872e-03	
101	1.023293e+02	-4.53406e-03,	-2.34093e-03	
102	1.047129e+02	-4.57952e-03,	-2.31256e-03	
103	1.071519e+02	-4.62388e-03,	-2.28368e-03	
104	1.096478e+02	-4.66712e-03,	-2.25434e-03	
105	1.122018e+02	-4.70924e-03,	-2.22456e-03	
106	1.148154e+02	-4.75025e-03,	-2.19442e-03	
107	1.174898e+02	-4.79013e-03,	-2.16395e-03	
108	1.202264e+02	-4.82891e-03,	-2.13319e-03	
109	1.230269e+02	-4.86658e-03,	-2.10220e-03	
110	1.258925e+02	-4.90316e-03,	-2.07101e-03	
111	1.288250e+02	-4.93864e-03,	-2.03966e-03	
112	1.318257e+02	-4.97306e-03,	-2.00820e-03	

Index   frequency       v1#branch                       
--------------------------------------------------------------------------------
113	1.348963e+02	-5.00641e-03,	-1.97666e-03	
114	1.380384e+02	-5.03871e-03,	-1.94507e-03	
115	1.412538e+02	-5.06998e-03,	-1.91348e-03	
116	1.445440e+02	-5.10024e-03,	-1.88192e-03	
117	1.479108e+02	-5.12950e-03,	-1.85041e-03	
118	1.513561e+02	-5.15779e-03,	-1.81899e-03	
119	1.548817e+02	-5.18512e-03,	-1.78768e-03	
120	1.584893e+02	-5.21151e-03,	-1.75651e-03	
121	1.621810e+02	-5.23698e-03,	-1.72551e-03	
122	1.659587e+02	-5.26156e-03,	-1.69470e-03	
123	1.698244e+02	-5.28526e-03,	-1.66409e-03	
124	1.737801e+02	-5.30812e-03,	-1.63372e-03	
125	1.778279e+02	-5.33014e-03,	-1.60360e-03	
126	1.819701e+02	-5.35136e-03,	-1.57375e-03	
127	1.862087e+02	-5.37179e-03,	-1.54418e-03	
128	1.905461e+02	-5.39146e-03,	-1.51491e-03	
129	1.949845e+02	-5.41039e-03,	-1.48595e-03	
130	1.995262e+02	-5.42860e-03,	-1.45732e-03	
131	2.041738e+02	-5.44611e-03,	-1.42902e-03	
132	2.089296e+02	-5.46295e-03,	-1.40106e-03	
133	2.137962e+02	-5.47914e-03,	-1.37346e-03	
134	2.187762e+02	-5.49469e-03,	-1.34622e-03	
135	2.238721e+02	-5.50963e-03,	-1.31935e-03	
136	2.290868e+02	-5.52398e-03,	-1.29285e-03	
137	2.344229e+02	-5.53776e-03,	-1.26674e-03	
138	2.398833e+02	-5.55099e-03,	-1.24101e-03	
139	2.454709e+02	-5.56369e-03,	-1.21566e-03	
140	2.511886e+02	-5.57587e-03,	-1.19071e-03	
141	2.570396e+02	-5.58756e-03,	-1.16614e-03	
142	2.630268e+02	-5.59877e-03,	-1.14198e-03	
143	2.691535e+02	-5.60953e-03,	-1.11820e-03	
144	2.754229e+02	-5.61983e-03,	-1.09482e-03	
145	2.818383e+02	-5.62972e-03,	-1.07184e-03	
146	2.884032e+02	-5.63919e-03,	-1.04925e-03	
147	2.951209e+02	-5.64827e-03,	-1.02705e-03	
148	3.019952e+02	-5.65697e-03,	-1.00524e-03	
149	3.090295e+02	-5.66531e-03,	-9.83821e-04	
150	3.162278e+02	-5.67329e-03,	-9.62789e-04	
151	3.235937e+02	-5.68094e-03,	-9.42140e-04	
152	3.311311e+02	-5.68826e-03,	-9.21873e-04	
153	3.388442e+02	-5.69527e-03,	-9.01983e-04	
154	3.467369e+02	-5.70199e-03,	-8.82467e-04	
155	3.548134e+02	-5.70842e-03,	-8.63321e-04	
156	3.630781e+02	-5.71457e-03,	-8.44542e-04	
157	3.715352e+02	-5.72046e-03,	-8.26124e-04	
158	3.801894e+02	-5.72610e-03,	-8.08065e-04	
159	3.890451e+02	-5.73149e-03,	-7.90359e-04	
160	3.981072e+02	-5.73665e-03,	-7.73001e-04	
161	4.073803e+02	-5.74159e-03,	-7.55988e-04	
162	4.168694e+02	-5.74632e-03,	-7.39314e-04	
163	4.265795e+02	-5.75084e-03,	-7.22975e-04	
164	4.365158e+02	-5.75516e-03,	-7.06964e-04	
165	4.466836e+02	-5.75929e-03,	-6.91279e-04	
166	4.570882e+02	-5.76325e-03,	-6.75912e-04	
167	4.677351e+02	-5.76703e-03,	-6.60860e-04	
168	4.786301e+02	-5.77065e-03,	-6.46117e-04	
169	4.897788e+02	-5.77411e-03,	-6.31678e-04	
170	5.011872e+02	-5.77742e-03,	-6.17538e-04	

Index   frequency       v1#branch                       
--------------------------------------------------------------------------------
171	5.128614e+02	-5.78058e-03,	-6.03692e-04	
172	5.248075e+02	-5.78360e-03,	-5.90134e-04	
173	5.370318e+02	-5.78649e-03,	-5.76859e-04	
174	5.495409e+02	-5.78926e-03,	-5.63863e-04	
175	5.623413e+02	-5.79190e-03,	-5.51140e-04	
176	5.754399e+02	-5.79442e-03,	-5.38685e-04	
177	5.888437e+02	-5.79684e-03,	-5.26494e-04	
178	6.025596e+02	-5.79914e-03,	-5.14560e-04	
179	6.165950e+02	-5.80135e-03,	-5.02880e-04	
180	6.309573e+02	-5.80346e-03,	-4.91448e-04	
181	6.456542e+02	-5.80547e-03,	-4.80259e-04	
182	6.606934e+02	-5.80739e-03,	-4.69309e-04	
183	6.760830e+02	-5.80923e-03,	-4.58593e-04	
184	6.918310e+02	-5.81099e-03,	-4.48106e-04	
185	7.079458e+02	-5.81267e-03,	-4.37844e-04	
186	7.244360e+02	-5.81428e-03,	-4.27801e-04	
187	7.413102e+02	-5.81581e-03,	-4.17974e-04	
188	7.585776e+02	-5.81728e-03,	-4.08358e-04	
189	7.762471e+02	-5.81868e-03,	-3.98949e-04	
190	7.943282e+02	-5.82001e-03,	-3.89741e-04	
191	8.128305e+02	-5.82129e-03,	-3.80732e-04	
192	8.317638e+02	-5.82251e-03,	-3.71916e-04	
193	8.511380e+02	-5.82368e-03,	-3.63291e-04	
194	8.709636e+02	-5.82479e-03,	-3.54850e-04	
195	8.912509e+02	-5.82586e-03,	-3.46591e-04	
196	9.120108e+02	-5.82688e-03,	-3.38510e-04	
197	9.332543e+02	-5.82785e-03,	-3.30603e-04	
198	9.549926e+02	-5.82878e-03,	-3.22865e-04	
199	9.772372e+02	-5.82966e-03,	-3.15294e-04	
200	1.000000e+03	-5.83051e-03,	-3.07885e-04	
201	1.023293e+03	-5.83132e-03,	-3.00635e-04	
202	1.047129e+03	-5.83209e-03,	-2.93540e-04	
203	1.071519e+03	-5.83283e-03,	-2.86597e-04	
204	1.096478e+03	-5.83354e-03,	-2.79803e-04	
205	1.122018e+03	-5.83421e-03,	-2.73153e-04	
206	1.148154e+03	-5.83486e-03,	-2.66646e-04	
207	1.174898e+03	-5.83547e-03,	-2.60277e-04	
208	1.202264e+03	-5.83606e-03,	-2.54043e-04	
209	1.230269e+03	-5.83662e-03,	-2.47941e-04	
210	1.258925e+03	-5.83715e-03,	-2.41968e-04	
211	1.288250e+03	-5.83767e-03,	-2.36122e-04	
212	1.318257e+03	-5.83815e-03,	-2.30398e-04	
213	1.348963e+03	-5.83862e-03,	-2.24795e-04	
214	1.380384e+03	-5.83907e-03,	-2.19309e-04	
215	1.412538e+03	-5.83949e-03,	-2.13938e-04	
216	1.445440e+03	-5.83990e-03,	-2.08679e-04	
217	1.479108e+03	-5.84029e-03,	-2.03529e-04	
218	1.513561e+03	-5.84066e-03,	-1.98485e-04	
219	1.548817e+03	-5.84101e-03,	-1.93546e-04	
220	1.584893e+03	-5.84135e-03,	-1.88708e-04	
221	1.621810e+03	-5.84167e-03,	-1.83968e-04	
222	1.659587e+03	-5.84198e-03,	-1.79326e-04	
223	1.698244e+03	-5.84228e-03,	-1.74777e-04	
224	1.737801e+03	-5.84256e-03,	-1.70320e-04	
225	1.778279e+03	-5.84283e-03,	-1.65953e-04	
226	1.819701e+03	-5.84308e-03,	-1.61673e-04	
227	1.862087e+03	-5.84333e-03,	-1.57478e-04	
228	1.905461e+03	-5.84356e-03,	-1.53366e-04	

Index   frequency       v1#branch                       
--------------------------------------------------------------------------------
229	1.949845e+03	-5.84378e-03,	-1.49334e-04	
230	1.995262e+03	-5.84400e-03,	-1.45381e-04	
231	2.041738e+03	-5.84420e-03,	-1.41504e-04	
232	2.089296e+03	-5.84439e-03,	-1.37702e-04	
233	2.137962e+03	-5.84458e-03,	-1.33973e-04	
234	2.187762e+03	-5.84476e-03,	-1.30314e-04	
235	2.238721e+03	-5.84492e-03,	-1.26724e-04	
236	2.290868e+03	-5.84508e-03,	-1.23201e-04	
237	2.344229e+03	-5.84524e-03,	-1.19742e-04	
238	2.398833e+03	-5.84538e-03,	-1.16347e-04	
239	2.454709e+03	-5.84552e-03,	-1.13013e-04	
240	2.511886e+03	-5.84566e-03,	-1.09739e-04	
241	2.570396e+03	-5.84579e-03,	-1.06522e-04	
242	2.630268e+03	-5.84591e-03,	-1.03362e-04	
243	2.691535e+03	-5.84602e-03,	-1.00256e-04	
244	2.754229e+03	-5.84613e-03,	-9.72036e-05	
245	2.818383e+03	-5.84624e-03,	-9.42023e-05	
246	2.884032e+03	-5.84634e-03,	-9.12507e-05	
247	2.951209e+03	-5.84643e-03,	-8.83472e-05	
248	3.019952e+03	-5.84652e-03,	-8.54905e-05	
249	3.090295e+03	-5.84661e-03,	-8.26789e-05	
250	3.162278e+03	-5.84669e-03,	-7.99111e-05	
251	3.235937e+03	-5.84677e-03,	-7.71854e-05	
252	3.311311e+03	-5.84685e-03,	-7.45006e-05	
253	3.388442e+03	-5.84692e-03,	-7.18551e-05	
254	3.467369e+03	-5.84699e-03,	-6.92476e-05	
255	3.548134e+03	-5.84705e-03,	-6.66767e-05	
256	3.630781e+03	-5.84711e-03,	-6.41411e-05	
257	3.715352e+03	-5.84717e-03,	-6.16394e-05	
258	3.801894e+03	-5.84722e-03,	-5.91703e-05	
259	3.890451e+03	-5.84728e-03,	-5.67325e-05	
260	3.981072e+03	-5.84733e-03,	-5.43247e-05	
261	4.073803e+03	-5.84737e-03,	-5.19456e-05	
262	4.168694e+03	-5.84742e-03,	-4.95940e-05	
263	4.265795e+03	-5.84746e-03,	-4.72686e-05	
264	4.365158e+03	-5.84750e-03,	-4.49683e-05	
265	4.466836e+03	-5.84754e-03,	-4.26917e-05	
266	4.570882e+03	-5.84757e-03,	-4.04378e-05	
267	4.677351e+03	-5.84760e-03,	-3.82052e-05	
268	4.786301e+03	-5.84763e-03,	-3.59928e-05	
269	4.897788e+03	-5.84766e-03,	-3.37995e-05	
270	5.011872e+03	-5.84769e-03,	-3.16241e-05	
271	5.128614e+03	-5.84772e-03,	-2.94654e-05	
272	5.248075e+03	-5.84774e-03,	-2.73223e-05	
273	5.370318e+03	-5.84776e-03,	-2.51937e-05	
274	5.495409e+03	-5.84778e-03,	-2.30784e-05	
275	5.623413e+03	-5.84780e-03,	-2.09753e-05	
276	5.754399e+03	-5.84782e-03,	-1.88833e-05	
277	5.888437e+03	-5.84783e-03,	-1.68013e-05	
278	6.025596e+03	-5.84784e-03,	-1.47283e-05	
279	6.165950e+03	-5.84786e-03,	-1.26629e-05	
280	6.309573e+03	-5.84787e-03,	-1.06043e-05	
281	6.456542e+03	-5.84788e-03,	-8.55135e-06	
282	6.606934e+03	-5.84788e-03,	-6.50289e-06	
283	6.760830e+03	-5.84789e-03,	-4.45786e-06	
284	6.918310e+03	-5.84789e-03,	-2.41519e-06	
285	7.079458e+03	-5.84790e-03,	-3.73797e-07	
286	7.244360e+03	-5.84790e-03,	1.667402e-06	

Index   frequency       v1#branch                       
--------------------------------------------------------------------------------
287	7.413102e+03	-5.84790e-03,	3.709487e-06	
288	7.585776e+03	-5.84790e-03,	5.753540e-06	
289	7.762471e+03	-5.84790e-03,	7.800642e-06	
290	7.943282e+03	-5.84789e-03,	9.851878e-06	
291	8.128305e+03	-5.84789e-03,	1.190833e-05	
292	8.317638e+03	-5.84788e-03,	1.397110e-05	
293	8.511380e+03	-5.84787e-03,	1.604126e-05	
294	8.709636e+03	-5.84786e-03,	1.811992e-05	
295	8.912509e+03	-5.84785e-03,	2.020818e-05	
296	9.120108e+03	-5.84784e-03,	2.230714e-05	
297	9.332543e+03	-5.84782e-03,	2.441792e-05	
298	9.549926e+03	-5.84781e-03,	2.654163e-05	
299	9.772372e+03	-5.84779e-03,	2.867939e-05	
300	1.000000e+04	-5.84777e-03,	3.083234e-05	
301	1.023293e+04	-5.84775e-03,	3.300162e-05	
302	1.047129e+04	-5.84773e-03,	3.518837e-05	
303	1.071519e+04	-5.84770e-03,	3.739376e-05	
304	1.096478e+04	-5.84768e-03,	3.961894e-05	
305	1.122018e+04	-5.84765e-03,	4.186510e-05	
306	1.148154e+04	-5.84762e-03,	4.413342e-05	
307	1.174898e+04	-5.84759e-03,	4.642511e-05	
308	1.202264e+04	-5.84755e-03,	4.874138e-05	
309	1.230269e+04	-5.84752e-03,	5.108344e-05	
310	1.258925e+04	-5.84748e-03,	5.345255e-05	
311	1.288250e+04	-5.84744e-03,	5.584995e-05	
312	1.318257e+04	-5.84740e-03,	5.827691e-05	
313	1.348963e+04	-5.84735e-03,	6.073472e-05	
314	1.380384e+04	-5.84730e-03,	6.322466e-05	
315	1.412538e+04	-5.84725e-03,	6.574807e-05	
316	1.445440e+04	-5.84720e-03,	6.830626e-05	
317	1.479108e+04	-5.84714e-03,	7.090060e-05	
318	1.513561e+04	-5.84708e-03,	7.353245e-05	
319	1.548817e+04	-5.84702e-03,	7.620319e-05	
320	1.584893e+04	-5.84695e-03,	7.891425e-05	
321	1.621810e+04	-5.84689e-03,	8.166706e-05	
322	1.659587e+04	-5.84681e-03,	8.446305e-05	
323	1.698244e+04	-5.84674e-03,	8.730372e-05	
324	1.737801e+04	-5.84666e-03,	9.019055e-05	
325	1.778279e+04	-5.84657e-03,	9.312506e-05	
326	1.819701e+04	-5.84648e-03,	9.610882e-05	
327	1.862087e+04	-5.84639e-03,	9.914338e-05	
328	1.905461e+04	-5.84629e-03,	1.022303e-04	
329	1.949845e+04	-5.84619e-03,	1.053713e-04	
330	1.995262e+04	-5.84608e-03,	1.085680e-04	
331	2.041738e+04	-5.84597e-03,	1.118220e-04	
332	2.089296e+04	-5.84585e-03,	1.151352e-04	
333	2.137962e+04	-5.84573e-03,	1.185091e-04	
334	2.187762e+04	-5.84560e-03,	1.219456e-04	
335	2.238721e+04	-5.84546e-03,	1.254465e-04	
336	2.290868e+04	-5.84532e-03,	1.290136e-04	
337	2.344229e+04	-5.84517e-03,	1.326489e-04	
338	2.398833e+04	-5.84501e-03,	1.363541e-04	
339	2.454709e+04	-5.84485e-03,	1.401313e-04	
340	2.511886e+04	-5.84467e-03,	1.439824e-04	
341	2.570396e+04	-5.84449e-03,	1.479095e-04	
342	2.630268e+04	-5.84430e-03,	1.519145e-04	
343	2.691535e+04	-5.84411e-03,	1.559997e-04	
344	2.754229e+04	-5.84390e-03,	1.601670e-04	

Index   frequency       v1#branch                       
--------------------------------------------------------------------------------
345	2.818383e+04	-5.84368e-03,	1.644188e-04	
346	2.884032e+04	-5.84345e-03,	1.687572e-04	
347	2.951209e+04	-5.84321e-03,	1.731844e-04	
348	3.019952e+04	-5.84296e-03,	1.777028e-04	
349	3.090295e+04	-5.84270e-03,	1.823147e-04	
350	3.162278e+04	-5.84243e-03,	1.870226e-04	
351	3.235937e+04	-5.84214e-03,	1.918288e-04	
352	3.311311e+04	-5.84184e-03,	1.967359e-04	
353	3.388442e+04	-5.84152e-03,	2.017463e-04	
354	3.467369e+04	-5.84119e-03,	2.068628e-04	
355	3.548134e+04	-5.84085e-03,	2.120878e-04	
356	3.630781e+04	-5.84049e-03,	2.174242e-04	
357	3.715352e+04	-5.84011e-03,	2.228747e-04	
358	3.801894e+04	-5.83971e-03,	2.284420e-04	
359	3.890451e+04	-5.83930e-03,	2.341291e-04	
360	3.981072e+04	-5.83886e-03,	2.399389e-04	
361	4.073803e+04	-5.83841e-03,	2.458742e-04	
362	4.168694e+04	-5.83793e-03,	2.519382e-04	
363	4.265795e+04	-5.83743e-03,	2.581340e-04	
364	4.365158e+04	-5.83691e-03,	2.644647e-04	
365	4.466836e+04	-5.83636e-03,	2.709335e-04	
366	4.570882e+04	-5.83579e-03,	2.775437e-04	
367	4.677351e+04	-5.83519e-03,	2.842986e-04	
368	4.786301e+04	-5.83456e-03,	2.912017e-04	
369	4.897788e+04	-5.83390e-03,	2.982565e-04	
370	5.011872e+04	-5.83321e-03,	3.054664e-04	
371	5.128614e+04	-5.83249e-03,	3.128351e-04	
372	5.248075e+04	-5.83173e-03,	3.203663e-04	
373	5.370318e+04	-5.83094e-03,	3.280637e-04	
374	5.495409e+04	-5.83012e-03,	3.359312e-04	
375	5.623413e+04	-5.82925e-03,	3.439726e-04	
376	5.754399e+04	-5.82834e-03,	3.521919e-04	
377	5.888437e+04	-5.82739e-03,	3.605932e-04	
378	6.025596e+04	-5.82640e-03,	3.691805e-04	
379	6.165950e+04	-5.82536e-03,	3.779581e-04	
380	6.309573e+04	-5.82427e-03,	3.869302e-04	
381	6.456542e+04	-5.82313e-03,	3.961011e-04	
382	6.606934e+04	-5.82194e-03,	4.054754e-04	
383	6.760830e+04	-5.82069e-03,	4.150574e-04	
384	6.918310e+04	-5.81938e-03,	4.248517e-04	
385	7.079458e+04	-5.81801e-03,	4.348630e-04	
386	7.244360e+04	-5.81658e-03,	4.450960e-04	
387	7.413102e+04	-5.81508e-03,	4.555554e-04	
388	7.585776e+04	-5.81351e-03,	4.662463e-04	
389	7.762471e+04	-5.81187e-03,	4.771735e-04	
390	7.943282e+04	-5.81015e-03,	4.883420e-04	
391	8.128305e+04	-5.80835e-03,	4.997569e-04	
392	8.317638e+04	-5.80647e-03,	5.114235e-04	
393	8.511380e+04	-5.80450e-03,	5.233469e-04	
394	8.709636e+04	-5.80244e-03,	5.355325e-04	
395	8.912509e+04	-5.80028e-03,	5.479856e-04	
396	9.120108e+04	-5.79802e-03,	5.607118e-04	
397	9.332543e+04	-5.79566e-03,	5.737164e-04	
398	9.549926e+04	-5.79319e-03,	5.870051e-04	
399	9.772372e+04	-5.79060e-03,	6.005835e-04	
400	1.000000e+05	-5.78790e-03,	6.144573e-04	
401	1.023293e+05	-5.78507e-03,	6.286323e-04	
402	1.047129e+05	-5.78210e-03,	6.431141e-04	

Index   frequency       v1#branch                       
--------------------------------------------------------------------------------
403	1.071519e+05	-5.77901e-03,	6.579088e-04	
404	1.096478e+05	-5.77577e-03,	6.730221e-04	
405	1.122018e+05	-5.77238e-03,	6.884598e-04	
406	1.148154e+05	-5.76883e-03,	7.042281e-04	
407	1.174898e+05	-5.76512e-03,	7.203328e-04	
408	1.202264e+05	-5.76124e-03,	7.367798e-04	
409	1.230269e+05	-5.75718e-03,	7.535752e-04	
410	1.258925e+05	-5.75294e-03,	7.707249e-04	
411	1.288250e+05	-5.74851e-03,	7.882348e-04	
412	1.318257e+05	-5.74387e-03,	8.061110e-04	
413	1.348963e+05	-5.73902e-03,	8.243592e-04	
414	1.380384e+05	-5.73395e-03,	8.429854e-04	
415	1.412538e+05	-5.72864e-03,	8.619953e-04	
416	1.445440e+05	-5.72310e-03,	8.813947e-04	
417	1.479108e+05	-5.71731e-03,	9.011892e-04	
418	1.513561e+05	-5.71126e-03,	9.213844e-04	
419	1.548817e+05	-5.70493e-03,	9.419857e-04	
420	1.584893e+05	-5.69832e-03,	9.629984e-04	
421	1.621810e+05	-5.69141e-03,	9.844276e-04	
422	1.659587e+05	-5.68420e-03,	1.006278e-03	
423	1.698244e+05	-5.67666e-03,	1.028555e-03	
424	1.737801e+05	-5.66878e-03,	1.051263e-03	
425	1.778279e+05	-5.66056e-03,	1.074406e-03	
426	1.819701e+05	-5.65197e-03,	1.097988e-03	
427	1.862087e+05	-5.64300e-03,	1.122013e-03	
428	1.905461e+05	-5.63363e-03,	1.146484e-03	
429	1.949845e+05	-5.62386e-03,	1.171405e-03	
430	1.995262e+05	-5.61365e-03,	1.196778e-03	
431	2.041738e+05	-5.60300e-03,	1.222605e-03	
432	2.089296e+05	-5.59189e-03,	1.248888e-03	
433	2.137962e+05	-5.58030e-03,	1.275629e-03	
434	2.187762e+05	-5.56821e-03,	1.302828e-03	
435	2.238721e+05	-5.55560e-03,	1.330486e-03	
436	2.290868e+05	-5.54245e-03,	1.358601e-03	
437	2.344229e+05	-5.52874e-03,	1.387173e-03	
438	2.398833e+05	-5.51445e-03,	1.416201e-03	
439	2.454709e+05	-5.49956e-03,	1.445681e-03	
440	2.511886e+05	-5.48404e-03,	1.475610e-03	
441	2.570396e+05	-5.46788e-03,	1.505984e-03	
442	2.630268e+05	-5.45105e-03,	1.536797e-03	
443	2.691535e+05	-5.43352e-03,	1.568045e-03	
444	2.754229e+05	-5.41528e-03,	1.599719e-03	
445	2.818383e+05	-5.39630e-03,	1.631811e-03	
446	2.884032e+05	-5.37654e-03,	1.664312e-03	
447	2.951209e+05	-5.35600e-03,	1.697212e-03	
448	3.019952e+05	-5.33464e-03,	1.730498e-03	
449	3.090295e+05	-5.31244e-03,	1.764157e-03	
450	3.162278e+05	-5.28937e-03,	1.798175e-03	
451	3.235937e+05	-5.26541e-03,	1.832536e-03	
452	3.311311e+05	-5.24052e-03,	1.867223e-03	
453	3.388442e+05	-5.21469e-03,	1.902216e-03	
454	3.467369e+05	-5.18789e-03,	1.937494e-03	
455	3.548134e+05	-5.16008e-03,	1.973036e-03	
456	3.630781e+05	-5.13126e-03,	2.008818e-03	
457	3.715352e+05	-5.10138e-03,	2.044812e-03	
458	3.801894e+05	-5.07043e-03,	2.080994e-03	
459	3.890451e+05	-5.03837e-03,	2.117331e-03	
460	3.981072e+05	-5.00520e-03,	2.153794e-03	

Index   frequency       v1#branch                       
--------------------------------------------------------------------------------
461	4.073803e+05	-4.97088e-03,	2.190349e-03	
462	4.168694e+05	-4.93538e-03,	2.226962e-03	
463	4.265795e+05	-4.89870e-03,	2.263594e-03	
464	4.365158e+05	-4.86081e-03,	2.300207e-03	
465	4.466836e+05	-4.82170e-03,	2.336761e-03	
466	4.570882e+05	-4.78133e-03,	2.373212e-03	
467	4.677351e+05	-4.73971e-03,	2.409516e-03	
468	4.786301e+05	-4.69681e-03,	2.445626e-03	
469	4.897788e+05	-4.65263e-03,	2.481494e-03	
470	5.011872e+05	-4.60714e-03,	2.517070e-03	
471	5.128614e+05	-4.56036e-03,	2.552303e-03	
472	5.248075e+05	-4.51227e-03,	2.587139e-03	
473	5.370318e+05	-4.46286e-03,	2.621523e-03	
474	5.495409e+05	-4.41214e-03,	2.655400e-03	
475	5.623413e+05	-4.36012e-03,	2.688714e-03	
476	5.754399e+05	-4.30679e-03,	2.721404e-03	
477	5.888437e+05	-4.25217e-03,	2.753414e-03	
478	6.025596e+05	-4.19627e-03,	2.784683e-03	
479	6.165950e+05	-4.13910e-03,	2.815152e-03	
480	6.309573e+05	-4.08069e-03,	2.844759e-03	
481	6.456542e+05	-4.02106e-03,	2.873446e-03	
482	6.606934e+05	-3.96023e-03,	2.901151e-03	
483	6.760830e+05	-3.89823e-03,	2.927817e-03	
484	6.918310e+05	-3.83510e-03,	2.953383e-03	
485	7.079458e+05	-3.77088e-03,	2.977792e-03	
486	7.244360e+05	-3.70560e-03,	3.000988e-03	
487	7.413102e+05	-3.63932e-03,	3.022917e-03	
488	7.585776e+05	-3.57207e-03,	3.043524e-03	
489	7.762471e+05	-3.50392e-03,	3.062760e-03	
490	7.943282e+05	-3.43492e-03,	3.080575e-03	
491	8.128305e+05	-3.36512e-03,	3.096925e-03	
492	8.317638e+05	-3.29458e-03,	3.111766e-03	
493	8.511380e+05	-3.22338e-03,	3.125058e-03	
494	8.709636e+05	-3.15158e-03,	3.136766e-03	
495	8.912509e+05	-3.07925e-03,	3.146856e-03	
496	9.120108e+05	-3.00646e-03,	3.155300e-03	
497	9.332543e+05	-2.93328e-03,	3.162073e-03	
498	9.549926e+05	-2.85979e-03,	3.167155e-03	
499	9.772372e+05	-2.78607e-03,	3.170528e-03	
500	1.000000e+06	-2.71220e-03,	3.172181e-03	
501	1.023293e+06	-2.63825e-03,	3.172107e-03	
502	1.047129e+06	-2.56429e-03,	3.170302e-03	
503	1.071519e+06	-2.49042e-03,	3.166767e-03	
504	1.096478e+06	-2.41671e-03,	3.161509e-03	
505	1.122018e+06	-2.34324e-03,	3.154538e-03	
506	1.148154e+06	-2.27008e-03,	3.145868e-03	
507	1.174898e+06	-2.19731e-03,	3.135520e-03	
508	1.202264e+06	-2.12501e-03,	3.123515e-03	
509	1.230269e+06	-2.05324e-03,	3.109882e-03	
510	1.258925e+06	-1.98208e-03,	3.094651e-03	
511	1.288250e+06	-1.91160e-03,	3.077857e-03	
512	1.318257e+06	-1.84185e-03,	3.059539e-03	
513	1.348963e+06	-1.77291e-03,	3.039738e-03	
514	1.380384e+06	-1.70483e-03,	3.018497e-03	
515	1.412538e+06	-1.63767e-03,	2.995865e-03	
516	1.445440e+06	-1.57148e-03,	2.971891e-03	
517	1.479108e+06	-1.50631e-03,	2.946627e-03	
518	1.513561e+06	-1.44221e-03,	2.920125e-03	

Index   frequency       v1#branch                       
--------------------------------------------------------------------------------
519	1.548817e+06	-1.37922e-03,	2.892443e-03	
520	1.584893e+06	-1.31737e-03,	2.863635e-03	
521	1.621810e+06	-1.25671e-03,	2.833760e-03	
522	1.659587e+06	-1.19726e-03,	2.802876e-03	
523	1.698244e+06	-1.13906e-03,	2.771042e-03	
524	1.737801e+06	-1.08212e-03,	2.738317e-03	
525	1.778279e+06	-1.02647e-03,	2.704762e-03	
526	1.819701e+06	-9.72116e-04,	2.670434e-03	
527	1.862087e+06	-9.19085e-04,	2.635394e-03	
528	1.905461e+06	-8.67382e-04,	2.599698e-03	
529	1.949845e+06	-8.17015e-04,	2.563404e-03	
530	1.995262e+06	-7.67988e-04,	2.526570e-03	
531	2.041738e+06	-7.20303e-04,	2.489249e-03	
532	2.089296e+06	-6.73959e-04,	2.451497e-03	
533	2.137962e+06	-6.28953e-04,	2.413366e-03	
534	2.187762e+06	-5.85278e-04,	2.374906e-03	
535	2.238721e+06	-5.42926e-04,	2.336168e-03	
536	2.290868e+06	-5.01887e-04,	2.297200e-03	
537	2.344229e+06	-4.62149e-04,	2.258048e-03	
538	2.398833e+06	-4.23698e-04,	2.218756e-03	
539	2.454709e+06	-3.86519e-04,	2.179366e-03	
540	2.511886e+06	-3.50594e-04,	2.139920e-03	
541	2.570396e+06	-3.15905e-04,	2.100457e-03	
542	2.630268e+06	-2.82434e-04,	2.061013e-03	
543	2.691535e+06	-2.50159e-04,	2.021623e-03	
544	2.754229e+06	-2.19059e-04,	1.982321e-03	
545	2.818383e+06	-1.89113e-04,	1.943138e-03	
546	2.884032e+06	-1.60298e-04,	1.904103e-03	
547	2.951209e+06	-1.32591e-04,	1.865245e-03	
548	3.019952e+06	-1.05969e-04,	1.826590e-03	
549	3.090295e+06	-8.04069e-05,	1.788161e-03	
550	3.162278e+06	-5.58821e-05,	1.749982e-03	
551	3.235937e+06	-3.23701e-05,	1.712074e-03	
552	3.311311e+06	-9.84695e-06,	1.674456e-03	
553	3.388442e+06	1.171134e-05,	1.637147e-03	
554	3.467369e+06	3.232866e-05,	1.600163e-03	
555	3.548134e+06	5.202868e-05,	1.563520e-03	
556	3.630781e+06	7.083486e-05,	1.527232e-03	
557	3.715352e+06	8.877037e-05,	1.491312e-03	
558	3.801894e+06	1.058581e-04,	1.455772e-03	
559	3.890451e+06	1.221204e-04,	1.420622e-03	
560	3.981072e+06	1.375794e-04,	1.385872e-03	
561	4.073803e+06	1.522569e-04,	1.351530e-03	
562	4.168694e+06	1.661740e-04,	1.317606e-03	
563	4.265795e+06	1.793513e-04,	1.284105e-03	
564	4.365158e+06	1.918094e-04,	1.251034e-03	
565	4.466836e+06	2.035678e-04,	1.218399e-03	
566	4.570882e+06	2.146459e-04,	1.186204e-03	
567	4.677351e+06	2.250625e-04,	1.154453e-03	
568	4.786301e+06	2.348358e-04,	1.123151e-03	
569	4.897788e+06	2.439838e-04,	1.092301e-03	
570	5.011872e+06	2.525237e-04,	1.061905e-03	
571	5.128614e+06	2.604723e-04,	1.031966e-03	
572	5.248075e+06	2.678462e-04,	1.002486e-03	
573	5.370318e+06	2.746612e-04,	9.734663e-04	
574	5.495409e+06	2.809329e-04,	9.449087e-04	
575	5.623413e+06	2.866763e-04,	9.168141e-04	
576	5.754399e+06	2.919063e-04,	8.891837e-04	

Index   frequency       v1#branch                       
--------------------------------------------------------------------------------
577	5.888437e+06	2.966371e-04,	8.620182e-04	
578	6.025596e+06	3.008829e-04,	8.353181e-04	
579	6.165950e+06	3.046572e-04,	8.090840e-04	
580	6.309573e+06	3.079734e-04,	7.833161e-04	
581	6.456542e+06	3.108448e-04,	7.580148e-04	
582	6.606934e+06	3.132841e-04,	7.331802e-04	
583	6.760830e+06	3.153040e-04,	7.088123e-04	
584	6.918310e+06	3.169170e-04,	6.849112e-04	
585	7.079458e+06	3.181353e-04,	6.614768e-04	
586	7.244360e+06	3.189710e-04,	6.385090e-04	
587	7.413102e+06	3.194363e-04,	6.160078e-04	
588	7.585776e+06	3.195428e-04,	5.939727e-04	
589	7.762471e+06	3.193025e-04,	5.724037e-04	
590	7.943282e+06	3.187271e-04,	5.513003e-04	
591	8.128305e+06	3.178284e-04,	5.306621e-04	
592	8.317638e+06	3.166179e-04,	5.104886e-04	
593	8.511380e+06	3.151074e-04,	4.907793e-04	
594	8.709636e+06	3.133084e-04,	4.715333e-04	
595	8.912509e+06	3.112327e-04,	4.527499e-04	
596	9.120108e+06	3.088920e-04,	4.344281e-04	
597	9.332543e+06	3.062980e-04,	4.165668e-04	
598	9.549926e+06	3.034623e-04,	3.991646e-04	
599	9.772372e+06	3.003968e-04,	3.822199e-04	
600	1.000000e+07	2.971132e-04,	3.657312e-04	
601	1.023293e+07	2.936233e-04,	3.496963e-04	
602	1.047129e+07	2.899389e-04,	3.341132e-04	
603	1.071519e+07	2.860719e-04,	3.189794e-04	
604	1.096478e+07	2.820340e-04,	3.042920e-04	
605	1.122018e+07	2.778370e-04,	2.900480e-04	
606	1.148154e+07	2.734926e-04,	2.762442e-04	
607	1.174898e+07	2.690127e-04,	2.628767e-04	
608	1.202264e+07	2.644086e-04,	2.499417e-04	
609	1.230269e+07	2.596920e-04,	2.374347e-04	
610	1.258925e+07	2.548742e-04,	2.253511e-04	
611	1.288250e+07	2.499665e-04,	2.136859e-04	
612	1.318257e+07	2.449799e-04,	2.024337e-04	
613	1.348963e+07	2.399254e-04,	1.915889e-04	
614	1.380384e+07	2.348136e-04,	1.811453e-04	
615	1.412538e+07	2.296550e-04,	1.710966e-04	
616	1.445440e+07	2.244598e-04,	1.614361e-04	
617	1.479108e+07	2.192378e-04,	1.521569e-04	
618	1.513561e+07	2.139987e-04,	1.432516e-04	
619	1.548817e+07	2.087518e-04,	1.347127e-04	
620	1.584893e+07	2.035059e-04,	1.265323e-04	
621	1.621810e+07	1.982697e-04,	1.187024e-04	
622	1.659587e+07	1.930514e-04,	1.112147e-04	
623	1.698244e+07	1.878588e-04,	1.040606e-04	
624	1.737801e+07	1.826993e-04,	9.723168e-05	
625	1.778279e+07	1.775800e-04,	9.071895e-05	
626	1.819701e+07	1.725075e-04,	8.451352e-05	
627	1.862087e+07	1.674880e-04,	7.860634e-05	
628	1.905461e+07	1.625273e-04,	7.298831e-05	
629	1.949845e+07	1.576306e-04,	6.765026e-05	
630	1.995262e+07	1.528030e-04,	6.258298e-05	
631	2.041738e+07	1.480490e-04,	5.777729e-05	
632	2.089296e+07	1.433727e-04,	5.322401e-05	
633	2.137962e+07	1.387778e-04,	4.891399e-05	
634	2.187762e+07	1.342675e-04,	4.483818e-05	

Index   frequency       v1#branch                       
--------------------------------------------------------------------------------
635	2.238721e+07	1.298450e-04,	4.098757e-05	
636	2.290868e+07	1.255126e-04,	3.735330e-05	
637	2.344229e+07	1.212726e-04,	3.392660e-05	
638	2.398833e+07	1.171268e-04,	3.069885e-05	
639	2.454709e+07	1.130768e-04,	2.766157e-05	
640	2.511886e+07	1.091238e-04,	2.480648e-05	
641	2.570396e+07	1.052686e-04,	2.212544e-05	
642	2.630268e+07	1.015118e-04,	1.961053e-05	
643	2.691535e+07	9.785379e-05,	1.725402e-05	
644	2.754229e+07	9.429465e-05,	1.504839e-05	
645	2.818383e+07	9.083423e-05,	1.298633e-05	
646	2.884032e+07	8.747213e-05,	1.106077e-05	
647	2.951209e+07	8.420779e-05,	9.264829e-06	
648	3.019952e+07	8.104042e-05,	7.591892e-06	
649	3.090295e+07	7.796910e-05,	6.035554e-06	
650	3.162278e+07	7.499272e-05,	4.589647e-06	
651	3.235937e+07	7.211004e-05,	3.248231e-06	
652	3.311311e+07	6.931970e-05,	2.005600e-06	
653	3.388442e+07	6.662020e-05,	8.562743e-07	
654	3.467369e+07	6.400997e-05,	-2.04999e-07	
655	3.548134e+07	6.148733e-05,	-1.18325e-06	
656	3.630781e+07	5.905053e-05,	-2.08329e-06	
657	3.715352e+07	5.669775e-05,	-2.90972e-06	
658	3.801894e+07	5.442712e-05,	-3.66692e-06	
659	3.890451e+07	5.223674e-05,	-4.35907e-06	
660	3.981072e+07	5.012464e-05,	-4.99015e-06	
661	4.073803e+07	4.808884e-05,	-5.56395e-06	
662	4.168694e+07	4.612736e-05,	-6.08408e-06	
663	4.265795e+07	4.423817e-05,	-6.55394e-06	
664	4.365158e+07	4.241927e-05,	-6.97678e-06	
665	4.466836e+07	4.066863e-05,	-7.35566e-06	
666	4.570882e+07	3.898425e-05,	-7.69351e-06	
667	4.677351e+07	3.736415e-05,	-7.99307e-06	
668	4.786301e+07	3.580633e-05,	-8.25693e-06	
669	4.897788e+07	3.430883e-05,	-8.48757e-06	
670	5.011872e+07	3.286974e-05,	-8.68729e-06	
671	5.128614e+07	3.148713e-05,	-8.85828e-06	
672	5.248075e+07	3.015914e-05,	-9.00261e-06	
673	5.370318e+07	2.888392e-05,	-9.12221e-06	
674	5.495409e+07	2.765966e-05,	-9.21891e-06	
675	5.623413e+07	2.648460e-05,	-9.29443e-06	
676	5.754399e+07	2.535700e-05,	-9.35037e-06	
677	5.888437e+07	2.427518e-05,	-9.38825e-06	
678	6.025596e+07	2.323747e-05,	-9.40950e-06	
679	6.165950e+07	2.224228e-05,	-9.41544e-06	
680	6.309573e+07	2.128804e-05,	-9.40733e-06	
681	6.456542e+07	2.037322e-05,	-9.38633e-06	
682	6.606934e+07	1.949634e-05,	-9.35354e-06	
683	6.760830e+07	1.865596e-05,	-9.30997e-06	
684	6.918310e+07	1.785069e-05,	-9.25659e-06	
685	7.079458e+07	1.707917e-05,	-9.19429e-06	
686	7.244360e+07	1.634011e-05,	-9.12390e-06	
687	7.413102e+07	1.563221e-05,	-9.04620e-06	
688	7.585776e+07	1.495427e-05,	-8.96191e-06	
689	7.762471e+07	1.430509e-05,	-8.87171e-06	
690	7.943282e+07	1.368353e-05,	-8.77622e-06	
691	8.128305e+07	1.308848e-05,	-8.67602e-06	
692	8.317638e+07	1.251886e-05,	-8.57167e-06	

Index   frequency       v1#branch                       
--------------------------------------------------------------------------------
693	8.511380e+07	1.197366e-05,	-8.46365e-06	
694	8.709636e+07	1.145187e-05,	-8.35245e-06	
695	8.912509e+07	1.095255e-05,	-8.23848e-06	
696	9.120108e+07	1.047475e-05,	-8.12216e-06	
697	9.332543e+07	1.001760e-05,	-8.00385e-06	
698	9.549926e+07	9.580242e-06,	-7.88389e-06	
699	9.772372e+07	9.161849e-06,	-7.76260e-06	
700	1.000000e+08	8.761631e-06,	-7.64027e-06	

* /home/saurabh/installer_main_workshop/esim-1.1.2/examples/bjt_frequency_response/bjt_frequency_response.cir
AC Analysis  Tue Jun 24 15:24:23  2025
--------------------------------------------------------------------------------
Index   frequency       v2#branch                       
--------------------------------------------------------------------------------
0	1.000000e+01	-1.42639e-05,	-6.87077e-06	
1	1.023293e+01	-1.43168e-05,	-7.01505e-06	
2	1.047129e+01	-1.43721e-05,	-7.16220e-06	
3	1.071519e+01	-1.44299e-05,	-7.31222e-06	
4	1.096478e+01	-1.44901e-05,	-7.46514e-06	
5	1.122018e+01	-1.45530e-05,	-7.62097e-06	
6	1.148154e+01	-1.46186e-05,	-7.77974e-06	
7	1.174898e+01	-1.46871e-05,	-7.94144e-06	
8	1.202264e+01	-1.47585e-05,	-8.10609e-06	
9	1.230269e+01	-1.48330e-05,	-8.27369e-06	
10	1.258925e+01	-1.49107e-05,	-8.44425e-06	
11	1.288250e+01	-1.49917e-05,	-8.61776e-06	
12	1.318257e+01	-1.50762e-05,	-8.79420e-06	
13	1.348963e+01	-1.51642e-05,	-8.97359e-06	
14	1.380384e+01	-1.52559e-05,	-9.15589e-06	
15	1.412538e+01	-1.53515e-05,	-9.34108e-06	
16	1.445440e+01	-1.54510e-05,	-9.52915e-06	
17	1.479108e+01	-1.55547e-05,	-9.72005e-06	
18	1.513561e+01	-1.56626e-05,	-9.91376e-06	
19	1.548817e+01	-1.57749e-05,	-1.01102e-05	
20	1.584893e+01	-1.58918e-05,	-1.03094e-05	
21	1.621810e+01	-1.60134e-05,	-1.05112e-05	
22	1.659587e+01	-1.61399e-05,	-1.07157e-05	
23	1.698244e+01	-1.62714e-05,	-1.09226e-05	
24	1.737801e+01	-1.64080e-05,	-1.11319e-05	
25	1.778279e+01	-1.65500e-05,	-1.13437e-05	
26	1.819701e+01	-1.66975e-05,	-1.15576e-05	
27	1.862087e+01	-1.68507e-05,	-1.17737e-05	
28	1.905461e+01	-1.70097e-05,	-1.19919e-05	
29	1.949845e+01	-1.71747e-05,	-1.22119e-05	
30	1.995262e+01	-1.73458e-05,	-1.24337e-05	
31	2.041738e+01	-1.75232e-05,	-1.26571e-05	
32	2.089296e+01	-1.77070e-05,	-1.28820e-05	
33	2.137962e+01	-1.78975e-05,	-1.31082e-05	
34	2.187762e+01	-1.80947e-05,	-1.33355e-05	
35	2.238721e+01	-1.82988e-05,	-1.35637e-05	
36	2.290868e+01	-1.85099e-05,	-1.37927e-05	
37	2.344229e+01	-1.87282e-05,	-1.40221e-05	
38	2.398833e+01	-1.89539e-05,	-1.42519e-05	
39	2.454709e+01	-1.91869e-05,	-1.44817e-05	
40	2.511886e+01	-1.94275e-05,	-1.47113e-05	
41	2.570396e+01	-1.96757e-05,	-1.49404e-05	
42	2.630268e+01	-1.99317e-05,	-1.51688e-05	
43	2.691535e+01	-2.01955e-05,	-1.53962e-05	
44	2.754229e+01	-2.04672e-05,	-1.56222e-05	
45	2.818383e+01	-2.07468e-05,	-1.58467e-05	
46	2.884032e+01	-2.10344e-05,	-1.60692e-05	
47	2.951209e+01	-2.13301e-05,	-1.62895e-05	
48	3.019952e+01	-2.16338e-05,	-1.65072e-05	
49	3.090295e+01	-2.19455e-05,	-1.67220e-05	
50	3.162278e+01	-2.22652e-05,	-1.69335e-05	
51	3.235937e+01	-2.25930e-05,	-1.71415e-05	
52	3.311311e+01	-2.29286e-05,	-1.73454e-05	
53	3.388442e+01	-2.32721e-05,	-1.75450e-05	
54	3.467369e+01	-2.36233e-05,	-1.77399e-05	

Index   frequency       v2#branch                       
--------------------------------------------------------------------------------
55	3.548134e+01	-2.39821e-05,	-1.79298e-05	
56	3.630781e+01	-2.43485e-05,	-1.81142e-05	
57	3.715352e+01	-2.47221e-05,	-1.82928e-05	
58	3.801894e+01	-2.51029e-05,	-1.84653e-05	
59	3.890451e+01	-2.54906e-05,	-1.86313e-05	
60	3.981072e+01	-2.58850e-05,	-1.87905e-05	
61	4.073803e+01	-2.62858e-05,	-1.89425e-05	
62	4.168694e+01	-2.66927e-05,	-1.90870e-05	
63	4.265795e+01	-2.71056e-05,	-1.92236e-05	
64	4.365158e+01	-2.75239e-05,	-1.93522e-05	
65	4.466836e+01	-2.79475e-05,	-1.94723e-05	
66	4.570882e+01	-2.83759e-05,	-1.95837e-05	
67	4.677351e+01	-2.88088e-05,	-1.96862e-05	
68	4.786301e+01	-2.92458e-05,	-1.97795e-05	
69	4.897788e+01	-2.96864e-05,	-1.98634e-05	
70	5.011872e+01	-3.01302e-05,	-1.99377e-05	
71	5.128614e+01	-3.05768e-05,	-2.00023e-05	
72	5.248075e+01	-3.10258e-05,	-2.00571e-05	
73	5.370318e+01	-3.14766e-05,	-2.01018e-05	
74	5.495409e+01	-3.19288e-05,	-2.01364e-05	
75	5.623413e+01	-3.23820e-05,	-2.01609e-05	
76	5.754399e+01	-3.28356e-05,	-2.01751e-05	
77	5.888437e+01	-3.32892e-05,	-2.01792e-05	
78	6.025596e+01	-3.37423e-05,	-2.01732e-05	
79	6.165950e+01	-3.41945e-05,	-2.01569e-05	
80	6.309573e+01	-3.46451e-05,	-2.01307e-05	
81	6.456542e+01	-3.50938e-05,	-2.00945e-05	
82	6.606934e+01	-3.55402e-05,	-2.00485e-05	
83	6.760830e+01	-3.59837e-05,	-1.99928e-05	
84	6.918310e+01	-3.64239e-05,	-1.99276e-05	
85	7.079458e+01	-3.68604e-05,	-1.98531e-05	
86	7.244360e+01	-3.72928e-05,	-1.97696e-05	
87	7.413102e+01	-3.77207e-05,	-1.96773e-05	
88	7.585776e+01	-3.81438e-05,	-1.95765e-05	
89	7.762471e+01	-3.85615e-05,	-1.94673e-05	
90	7.943282e+01	-3.89737e-05,	-1.93503e-05	
91	8.128305e+01	-3.93801e-05,	-1.92255e-05	
92	8.317638e+01	-3.97802e-05,	-1.90935e-05	
93	8.511380e+01	-4.01739e-05,	-1.89545e-05	
94	8.709636e+01	-4.05608e-05,	-1.88089e-05	
95	8.912509e+01	-4.09408e-05,	-1.86570e-05	
96	9.120108e+01	-4.13137e-05,	-1.84992e-05	
97	9.332543e+01	-4.16792e-05,	-1.83358e-05	
98	9.549926e+01	-4.20372e-05,	-1.81673e-05	
99	9.772372e+01	-4.23876e-05,	-1.79941e-05	
100	1.000000e+02	-4.27302e-05,	-1.78164e-05	
101	1.023293e+02	-4.30650e-05,	-1.76347e-05	
102	1.047129e+02	-4.33918e-05,	-1.74493e-05	
103	1.071519e+02	-4.37107e-05,	-1.72607e-05	
104	1.096478e+02	-4.40216e-05,	-1.70691e-05	
105	1.122018e+02	-4.43244e-05,	-1.68749e-05	
106	1.148154e+02	-4.46191e-05,	-1.66785e-05	
107	1.174898e+02	-4.49059e-05,	-1.64803e-05	
108	1.202264e+02	-4.51847e-05,	-1.62805e-05	
109	1.230269e+02	-4.54555e-05,	-1.60795e-05	
110	1.258925e+02	-4.57184e-05,	-1.58776e-05	
111	1.288250e+02	-4.59735e-05,	-1.56751e-05	
112	1.318257e+02	-4.62209e-05,	-1.54723e-05	

Index   frequency       v2#branch                       
--------------------------------------------------------------------------------
113	1.348963e+02	-4.64607e-05,	-1.52694e-05	
114	1.380384e+02	-4.66929e-05,	-1.50669e-05	
115	1.412538e+02	-4.69177e-05,	-1.48648e-05	
116	1.445440e+02	-4.71352e-05,	-1.46635e-05	
117	1.479108e+02	-4.73456e-05,	-1.44633e-05	
118	1.513561e+02	-4.75490e-05,	-1.42642e-05	
119	1.548817e+02	-4.77454e-05,	-1.40667e-05	
120	1.584893e+02	-4.79351e-05,	-1.38707e-05	
121	1.621810e+02	-4.81183e-05,	-1.36767e-05	
122	1.659587e+02	-4.82950e-05,	-1.34846e-05	
123	1.698244e+02	-4.84654e-05,	-1.32948e-05	
124	1.737801e+02	-4.86297e-05,	-1.31074e-05	
125	1.778279e+02	-4.87880e-05,	-1.29224e-05	
126	1.819701e+02	-4.89406e-05,	-1.27401e-05	
127	1.862087e+02	-4.90874e-05,	-1.25607e-05	
128	1.905461e+02	-4.92289e-05,	-1.23841e-05	
129	1.949845e+02	-4.93649e-05,	-1.22106e-05	
130	1.995262e+02	-4.94959e-05,	-1.20402e-05	
131	2.041738e+02	-4.96218e-05,	-1.18730e-05	
132	2.089296e+02	-4.97429e-05,	-1.17092e-05	
133	2.137962e+02	-4.98592e-05,	-1.15488e-05	
134	2.187762e+02	-4.99711e-05,	-1.13919e-05	
135	2.238721e+02	-5.00785e-05,	-1.12385e-05	
136	2.290868e+02	-5.01817e-05,	-1.10888e-05	
137	2.344229e+02	-5.02808e-05,	-1.09427e-05	
138	2.398833e+02	-5.03759e-05,	-1.08004e-05	
139	2.454709e+02	-5.04672e-05,	-1.06618e-05	
140	2.511886e+02	-5.05548e-05,	-1.05271e-05	
141	2.570396e+02	-5.06388e-05,	-1.03963e-05	
142	2.630268e+02	-5.07195e-05,	-1.02693e-05	
143	2.691535e+02	-5.07968e-05,	-1.01463e-05	
144	2.754229e+02	-5.08709e-05,	-1.00272e-05	
145	2.818383e+02	-5.09420e-05,	-9.91210e-06	
146	2.884032e+02	-5.10101e-05,	-9.80101e-06	
147	2.951209e+02	-5.10754e-05,	-9.69393e-06	
148	3.019952e+02	-5.11380e-05,	-9.59089e-06	
149	3.090295e+02	-5.11979e-05,	-9.49190e-06	
150	3.162278e+02	-5.12554e-05,	-9.39698e-06	
151	3.235937e+02	-5.13104e-05,	-9.30612e-06	
152	3.311311e+02	-5.13631e-05,	-9.21934e-06	
153	3.388442e+02	-5.14135e-05,	-9.13666e-06	
154	3.467369e+02	-5.14618e-05,	-9.05806e-06	
155	3.548134e+02	-5.15081e-05,	-8.98357e-06	
156	3.630781e+02	-5.15524e-05,	-8.91319e-06	
157	3.715352e+02	-5.15948e-05,	-8.84691e-06	
158	3.801894e+02	-5.16353e-05,	-8.78475e-06	
159	3.890451e+02	-5.16742e-05,	-8.72671e-06	
160	3.981072e+02	-5.17113e-05,	-8.67279e-06	
161	4.073803e+02	-5.17469e-05,	-8.62299e-06	
162	4.168694e+02	-5.17809e-05,	-8.57732e-06	
163	4.265795e+02	-5.18134e-05,	-8.53579e-06	
164	4.365158e+02	-5.18446e-05,	-8.49840e-06	
165	4.466836e+02	-5.18744e-05,	-8.46514e-06	
166	4.570882e+02	-5.19029e-05,	-8.43604e-06	
167	4.677351e+02	-5.19302e-05,	-8.41110e-06	
168	4.786301e+02	-5.19562e-05,	-8.39031e-06	
169	4.897788e+02	-5.19812e-05,	-8.37370e-06	
170	5.011872e+02	-5.20050e-05,	-8.36127e-06	

Index   frequency       v2#branch                       
--------------------------------------------------------------------------------
171	5.128614e+02	-5.20279e-05,	-8.35303e-06	
172	5.248075e+02	-5.20497e-05,	-8.34899e-06	
173	5.370318e+02	-5.20706e-05,	-8.34917e-06	
174	5.495409e+02	-5.20905e-05,	-8.35357e-06	
175	5.623413e+02	-5.21096e-05,	-8.36222e-06	
176	5.754399e+02	-5.21279e-05,	-8.37513e-06	
177	5.888437e+02	-5.21454e-05,	-8.39232e-06	
178	6.025596e+02	-5.21621e-05,	-8.41381e-06	
179	6.165950e+02	-5.21781e-05,	-8.43962e-06	
180	6.309573e+02	-5.21933e-05,	-8.46977e-06	
181	6.456542e+02	-5.22080e-05,	-8.50429e-06	
182	6.606934e+02	-5.22219e-05,	-8.54320e-06	
183	6.760830e+02	-5.22353e-05,	-8.58653e-06	
184	6.918310e+02	-5.22481e-05,	-8.63432e-06	
185	7.079458e+02	-5.22604e-05,	-8.68659e-06	
186	7.244360e+02	-5.22721e-05,	-8.74338e-06	
187	7.413102e+02	-5.22833e-05,	-8.80472e-06	
188	7.585776e+02	-5.22940e-05,	-8.87066e-06	
189	7.762471e+02	-5.23043e-05,	-8.94122e-06	
190	7.943282e+02	-5.23141e-05,	-9.01646e-06	
191	8.128305e+02	-5.23235e-05,	-9.09642e-06	
192	8.317638e+02	-5.23325e-05,	-9.18114e-06	
193	8.511380e+02	-5.23412e-05,	-9.27068e-06	
194	8.709636e+02	-5.23494e-05,	-9.36508e-06	
195	8.912509e+02	-5.23574e-05,	-9.46440e-06	
196	9.120108e+02	-5.23650e-05,	-9.56869e-06	
197	9.332543e+02	-5.23722e-05,	-9.67802e-06	
198	9.549926e+02	-5.23792e-05,	-9.79244e-06	
199	9.772372e+02	-5.23859e-05,	-9.91201e-06	
200	1.000000e+03	-5.23923e-05,	-1.00368e-05	
201	1.023293e+03	-5.23985e-05,	-1.01669e-05	
202	1.047129e+03	-5.24044e-05,	-1.03023e-05	
203	1.071519e+03	-5.24101e-05,	-1.04432e-05	
204	1.096478e+03	-5.24156e-05,	-1.05896e-05	
205	1.122018e+03	-5.24209e-05,	-1.07416e-05	
206	1.148154e+03	-5.24260e-05,	-1.08993e-05	
207	1.174898e+03	-5.24308e-05,	-1.10627e-05	
208	1.202264e+03	-5.24355e-05,	-1.12319e-05	
209	1.230269e+03	-5.24401e-05,	-1.14071e-05	
210	1.258925e+03	-5.24445e-05,	-1.15884e-05	
211	1.288250e+03	-5.24487e-05,	-1.17757e-05	
212	1.318257e+03	-5.24528e-05,	-1.19693e-05	
213	1.348963e+03	-5.24568e-05,	-1.21692e-05	
214	1.380384e+03	-5.24606e-05,	-1.23756e-05	
215	1.412538e+03	-5.24644e-05,	-1.25885e-05	
216	1.445440e+03	-5.24680e-05,	-1.28081e-05	
217	1.479108e+03	-5.24715e-05,	-1.30344e-05	
218	1.513561e+03	-5.24749e-05,	-1.32677e-05	
219	1.548817e+03	-5.24783e-05,	-1.35080e-05	
220	1.584893e+03	-5.24816e-05,	-1.37554e-05	
221	1.621810e+03	-5.24848e-05,	-1.40101e-05	
222	1.659587e+03	-5.24879e-05,	-1.42722e-05	
223	1.698244e+03	-5.24910e-05,	-1.45419e-05	
224	1.737801e+03	-5.24941e-05,	-1.48193e-05	
225	1.778279e+03	-5.24970e-05,	-1.51046e-05	
226	1.819701e+03	-5.25000e-05,	-1.53979e-05	
227	1.862087e+03	-5.25029e-05,	-1.56993e-05	
228	1.905461e+03	-5.25058e-05,	-1.60090e-05	

Index   frequency       v2#branch                       
--------------------------------------------------------------------------------
229	1.949845e+03	-5.25087e-05,	-1.63272e-05	
230	1.995262e+03	-5.25116e-05,	-1.66541e-05	
231	2.041738e+03	-5.25144e-05,	-1.69898e-05	
232	2.089296e+03	-5.25173e-05,	-1.73345e-05	
233	2.137962e+03	-5.25202e-05,	-1.76884e-05	
234	2.187762e+03	-5.25231e-05,	-1.80516e-05	
235	2.238721e+03	-5.25260e-05,	-1.84245e-05	
236	2.290868e+03	-5.25289e-05,	-1.88071e-05	
237	2.344229e+03	-5.25318e-05,	-1.91996e-05	
238	2.398833e+03	-5.25348e-05,	-1.96024e-05	
239	2.454709e+03	-5.25379e-05,	-2.00155e-05	
240	2.511886e+03	-5.25410e-05,	-2.04392e-05	
241	2.570396e+03	-5.25441e-05,	-2.08738e-05	
242	2.630268e+03	-5.25473e-05,	-2.13195e-05	
243	2.691535e+03	-5.25506e-05,	-2.17764e-05	
244	2.754229e+03	-5.25539e-05,	-2.22449e-05	
245	2.818383e+03	-5.25573e-05,	-2.27252e-05	
246	2.884032e+03	-5.25609e-05,	-2.32175e-05	
247	2.951209e+03	-5.25645e-05,	-2.37221e-05	
248	3.019952e+03	-5.25682e-05,	-2.42394e-05	
249	3.090295e+03	-5.25720e-05,	-2.47694e-05	
250	3.162278e+03	-5.25760e-05,	-2.53126e-05	
251	3.235937e+03	-5.25801e-05,	-2.58692e-05	
252	3.311311e+03	-5.25843e-05,	-2.64395e-05	
253	3.388442e+03	-5.25887e-05,	-2.70239e-05	
254	3.467369e+03	-5.25932e-05,	-2.76226e-05	
255	3.548134e+03	-5.25979e-05,	-2.82359e-05	
256	3.630781e+03	-5.26028e-05,	-2.88641e-05	
257	3.715352e+03	-5.26079e-05,	-2.95077e-05	
258	3.801894e+03	-5.26131e-05,	-3.01670e-05	
259	3.890451e+03	-5.26186e-05,	-3.08422e-05	
260	3.981072e+03	-5.26243e-05,	-3.15337e-05	
261	4.073803e+03	-5.26302e-05,	-3.22420e-05	
262	4.168694e+03	-5.26364e-05,	-3.29674e-05	
263	4.265795e+03	-5.26428e-05,	-3.37103e-05	
264	4.365158e+03	-5.26495e-05,	-3.44710e-05	
265	4.466836e+03	-5.26565e-05,	-3.52500e-05	
266	4.570882e+03	-5.26638e-05,	-3.60477e-05	
267	4.677351e+03	-5.26714e-05,	-3.68645e-05	
268	4.786301e+03	-5.26793e-05,	-3.77008e-05	
269	4.897788e+03	-5.26876e-05,	-3.85572e-05	
270	5.011872e+03	-5.26963e-05,	-3.94339e-05	
271	5.128614e+03	-5.27053e-05,	-4.03316e-05	
272	5.248075e+03	-5.27148e-05,	-4.12506e-05	
273	5.370318e+03	-5.27246e-05,	-4.21916e-05	
274	5.495409e+03	-5.27349e-05,	-4.31548e-05	
275	5.623413e+03	-5.27457e-05,	-4.41410e-05	
276	5.754399e+03	-5.27570e-05,	-4.51506e-05	
277	5.888437e+03	-5.27688e-05,	-4.61840e-05	
278	6.025596e+03	-5.27811e-05,	-4.72420e-05	
279	6.165950e+03	-5.27940e-05,	-4.83250e-05	
280	6.309573e+03	-5.28074e-05,	-4.94337e-05	
281	6.456542e+03	-5.28215e-05,	-5.05685e-05	
282	6.606934e+03	-5.28363e-05,	-5.17301e-05	
283	6.760830e+03	-5.28517e-05,	-5.29192e-05	
284	6.918310e+03	-5.28679e-05,	-5.41363e-05	
285	7.079458e+03	-5.28848e-05,	-5.53821e-05	
286	7.244360e+03	-5.29025e-05,	-5.66572e-05	

Index   frequency       v2#branch                       
--------------------------------------------------------------------------------
287	7.413102e+03	-5.29210e-05,	-5.79624e-05	
288	7.585776e+03	-5.29403e-05,	-5.92983e-05	
289	7.762471e+03	-5.29606e-05,	-6.06656e-05	
290	7.943282e+03	-5.29818e-05,	-6.20651e-05	
291	8.128305e+03	-5.30040e-05,	-6.34975e-05	
292	8.317638e+03	-5.30273e-05,	-6.49635e-05	
293	8.511380e+03	-5.30516e-05,	-6.64639e-05	
294	8.709636e+03	-5.30771e-05,	-6.79996e-05	
295	8.912509e+03	-5.31037e-05,	-6.95713e-05	
296	9.120108e+03	-5.31316e-05,	-7.11799e-05	
297	9.332543e+03	-5.31609e-05,	-7.28262e-05	
298	9.549926e+03	-5.31914e-05,	-7.45110e-05	
299	9.772372e+03	-5.32235e-05,	-7.62354e-05	
300	1.000000e+04	-5.32570e-05,	-7.80001e-05	
301	1.023293e+04	-5.32921e-05,	-7.98062e-05	
302	1.047129e+04	-5.33289e-05,	-8.16546e-05	
303	1.071519e+04	-5.33673e-05,	-8.35462e-05	
304	1.096478e+04	-5.34076e-05,	-8.54820e-05	
305	1.122018e+04	-5.34498e-05,	-8.74632e-05	
306	1.148154e+04	-5.34940e-05,	-8.94907e-05	
307	1.174898e+04	-5.35402e-05,	-9.15656e-05	
308	1.202264e+04	-5.35886e-05,	-9.36889e-05	
309	1.230269e+04	-5.36393e-05,	-9.58620e-05	
310	1.258925e+04	-5.36924e-05,	-9.80857e-05	
311	1.288250e+04	-5.37479e-05,	-1.00361e-04	
312	1.318257e+04	-5.38061e-05,	-1.02690e-04	
313	1.348963e+04	-5.38671e-05,	-1.05074e-04	
314	1.380384e+04	-5.39308e-05,	-1.07512e-04	
315	1.412538e+04	-5.39976e-05,	-1.10008e-04	
316	1.445440e+04	-5.40676e-05,	-1.12562e-04	
317	1.479108e+04	-5.41408e-05,	-1.15176e-04	
318	1.513561e+04	-5.42175e-05,	-1.17851e-04	
319	1.548817e+04	-5.42978e-05,	-1.20588e-04	
320	1.584893e+04	-5.43818e-05,	-1.23388e-04	
321	1.621810e+04	-5.44699e-05,	-1.26254e-04	
322	1.659587e+04	-5.45620e-05,	-1.29187e-04	
323	1.698244e+04	-5.46585e-05,	-1.32189e-04	
324	1.737801e+04	-5.47596e-05,	-1.35260e-04	
325	1.778279e+04	-5.48654e-05,	-1.38403e-04	
326	1.819701e+04	-5.49762e-05,	-1.41619e-04	
327	1.862087e+04	-5.50922e-05,	-1.44910e-04	
328	1.905461e+04	-5.52137e-05,	-1.48277e-04	
329	1.949845e+04	-5.53408e-05,	-1.51723e-04	
330	1.995262e+04	-5.54740e-05,	-1.55249e-04	
331	2.041738e+04	-5.56135e-05,	-1.58857e-04	
332	2.089296e+04	-5.57595e-05,	-1.62549e-04	
333	2.137962e+04	-5.59124e-05,	-1.66328e-04	
334	2.187762e+04	-5.60724e-05,	-1.70194e-04	
335	2.238721e+04	-5.62401e-05,	-1.74149e-04	
336	2.290868e+04	-5.64156e-05,	-1.78197e-04	
337	2.344229e+04	-5.65993e-05,	-1.82339e-04	
338	2.398833e+04	-5.67918e-05,	-1.86578e-04	
339	2.454709e+04	-5.69932e-05,	-1.90914e-04	
340	2.511886e+04	-5.72042e-05,	-1.95352e-04	
341	2.570396e+04	-5.74251e-05,	-1.99893e-04	
342	2.630268e+04	-5.76564e-05,	-2.04539e-04	
343	2.691535e+04	-5.78986e-05,	-2.09293e-04	
344	2.754229e+04	-5.81521e-05,	-2.14157e-04	

Index   frequency       v2#branch                       
--------------------------------------------------------------------------------
345	2.818383e+04	-5.84176e-05,	-2.19134e-04	
346	2.884032e+04	-5.86956e-05,	-2.24227e-04	
347	2.951209e+04	-5.89867e-05,	-2.29438e-04	
348	3.019952e+04	-5.92915e-05,	-2.34770e-04	
349	3.090295e+04	-5.96106e-05,	-2.40225e-04	
350	3.162278e+04	-5.99447e-05,	-2.45807e-04	
351	3.235937e+04	-6.02945e-05,	-2.51518e-04	
352	3.311311e+04	-6.06608e-05,	-2.57362e-04	
353	3.388442e+04	-6.10443e-05,	-2.63341e-04	
354	3.467369e+04	-6.14459e-05,	-2.69458e-04	
355	3.548134e+04	-6.18663e-05,	-2.75717e-04	
356	3.630781e+04	-6.23065e-05,	-2.82121e-04	
357	3.715352e+04	-6.27674e-05,	-2.88673e-04	
358	3.801894e+04	-6.32499e-05,	-2.95376e-04	
359	3.890451e+04	-6.37551e-05,	-3.02235e-04	
360	3.981072e+04	-6.42841e-05,	-3.09251e-04	
361	4.073803e+04	-6.48379e-05,	-3.16430e-04	
362	4.168694e+04	-6.54177e-05,	-3.23775e-04	
363	4.265795e+04	-6.60248e-05,	-3.31289e-04	
364	4.365158e+04	-6.66604e-05,	-3.38976e-04	
365	4.466836e+04	-6.73258e-05,	-3.46840e-04	
366	4.570882e+04	-6.80224e-05,	-3.54886e-04	
367	4.677351e+04	-6.87518e-05,	-3.63117e-04	
368	4.786301e+04	-6.95153e-05,	-3.71537e-04	
369	4.897788e+04	-7.03147e-05,	-3.80151e-04	
370	5.011872e+04	-7.11516e-05,	-3.88963e-04	
371	5.128614e+04	-7.20278e-05,	-3.97977e-04	
372	5.248075e+04	-7.29450e-05,	-4.07198e-04	
373	5.370318e+04	-7.39053e-05,	-4.16631e-04	
374	5.495409e+04	-7.49105e-05,	-4.26280e-04	
375	5.623413e+04	-7.59628e-05,	-4.36149e-04	
376	5.754399e+04	-7.70644e-05,	-4.46245e-04	
377	5.888437e+04	-7.82176e-05,	-4.56572e-04	
378	6.025596e+04	-7.94248e-05,	-4.67134e-04	
379	6.165950e+04	-8.06885e-05,	-4.77937e-04	
380	6.309573e+04	-8.20113e-05,	-4.88987e-04	
381	6.456542e+04	-8.33959e-05,	-5.00288e-04	
382	6.606934e+04	-8.48453e-05,	-5.11846e-04	
383	6.760830e+04	-8.63624e-05,	-5.23667e-04	
384	6.918310e+04	-8.79504e-05,	-5.35757e-04	
385	7.079458e+04	-8.96125e-05,	-5.48120e-04	
386	7.244360e+04	-9.13522e-05,	-5.60763e-04	
387	7.413102e+04	-9.31731e-05,	-5.73692e-04	
388	7.585776e+04	-9.50789e-05,	-5.86913e-04	
389	7.762471e+04	-9.70734e-05,	-6.00432e-04	
390	7.943282e+04	-9.91609e-05,	-6.14255e-04	
391	8.128305e+04	-1.01346e-04,	-6.28388e-04	
392	8.317638e+04	-1.03632e-04,	-6.42839e-04	
393	8.511380e+04	-1.06024e-04,	-6.57613e-04	
394	8.709636e+04	-1.08528e-04,	-6.72717e-04	
395	8.912509e+04	-1.11148e-04,	-6.88158e-04	
396	9.120108e+04	-1.13890e-04,	-7.03942e-04	
397	9.332543e+04	-1.16759e-04,	-7.20078e-04	
398	9.549926e+04	-1.19761e-04,	-7.36570e-04	
399	9.772372e+04	-1.22901e-04,	-7.53427e-04	
400	1.000000e+05	-1.26187e-04,	-7.70655e-04	
401	1.023293e+05	-1.29625e-04,	-7.88263e-04	
402	1.047129e+05	-1.33222e-04,	-8.06256e-04	

Index   frequency       v2#branch                       
--------------------------------------------------------------------------------
403	1.071519e+05	-1.36984e-04,	-8.24642e-04	
404	1.096478e+05	-1.40920e-04,	-8.43429e-04	
405	1.122018e+05	-1.45038e-04,	-8.62625e-04	
406	1.148154e+05	-1.49344e-04,	-8.82235e-04	
407	1.174898e+05	-1.53849e-04,	-9.02269e-04	
408	1.202264e+05	-1.58560e-04,	-9.22733e-04	
409	1.230269e+05	-1.63486e-04,	-9.43635e-04	
410	1.258925e+05	-1.68639e-04,	-9.64982e-04	
411	1.288250e+05	-1.74027e-04,	-9.86783e-04	
412	1.318257e+05	-1.79660e-04,	-1.00904e-03	
413	1.348963e+05	-1.85551e-04,	-1.03177e-03	
414	1.380384e+05	-1.91709e-04,	-1.05498e-03	
415	1.412538e+05	-1.98147e-04,	-1.07866e-03	
416	1.445440e+05	-2.04877e-04,	-1.10284e-03	
417	1.479108e+05	-2.11911e-04,	-1.12752e-03	
418	1.513561e+05	-2.19264e-04,	-1.15270e-03	
419	1.548817e+05	-2.26947e-04,	-1.17839e-03	
420	1.584893e+05	-2.34976e-04,	-1.20459e-03	
421	1.621810e+05	-2.43366e-04,	-1.23133e-03	
422	1.659587e+05	-2.52131e-04,	-1.25859e-03	
423	1.698244e+05	-2.61288e-04,	-1.28639e-03	
424	1.737801e+05	-2.70853e-04,	-1.31474e-03	
425	1.778279e+05	-2.80843e-04,	-1.34363e-03	
426	1.819701e+05	-2.91275e-04,	-1.37308e-03	
427	1.862087e+05	-3.02169e-04,	-1.40309e-03	
428	1.905461e+05	-3.13543e-04,	-1.43366e-03	
429	1.949845e+05	-3.25416e-04,	-1.46480e-03	
430	1.995262e+05	-3.37809e-04,	-1.49651e-03	
431	2.041738e+05	-3.50742e-04,	-1.52879e-03	
432	2.089296e+05	-3.64238e-04,	-1.56166e-03	
433	2.137962e+05	-3.78317e-04,	-1.59510e-03	
434	2.187762e+05	-3.93004e-04,	-1.62913e-03	
435	2.238721e+05	-4.08322e-04,	-1.66373e-03	
436	2.290868e+05	-4.24295e-04,	-1.69892e-03	
437	2.344229e+05	-4.40947e-04,	-1.73470e-03	
438	2.398833e+05	-4.58305e-04,	-1.77105e-03	
439	2.454709e+05	-4.76394e-04,	-1.80798e-03	
440	2.511886e+05	-4.95241e-04,	-1.84548e-03	
441	2.570396e+05	-5.14874e-04,	-1.88355e-03	
442	2.630268e+05	-5.35321e-04,	-1.92219e-03	
443	2.691535e+05	-5.56610e-04,	-1.96138e-03	
444	2.754229e+05	-5.78771e-04,	-2.00112e-03	
445	2.818383e+05	-6.01833e-04,	-2.04141e-03	
446	2.884032e+05	-6.25827e-04,	-2.08222e-03	
447	2.951209e+05	-6.50782e-04,	-2.12355e-03	
448	3.019952e+05	-6.76730e-04,	-2.16538e-03	
449	3.090295e+05	-7.03703e-04,	-2.20771e-03	
450	3.162278e+05	-7.31731e-04,	-2.25050e-03	
451	3.235937e+05	-7.60846e-04,	-2.29375e-03	
452	3.311311e+05	-7.91081e-04,	-2.33743e-03	
453	3.388442e+05	-8.22467e-04,	-2.38152e-03	
454	3.467369e+05	-8.55035e-04,	-2.42600e-03	
455	3.548134e+05	-8.88819e-04,	-2.47084e-03	
456	3.630781e+05	-9.23848e-04,	-2.51601e-03	
457	3.715352e+05	-9.60154e-04,	-2.56149e-03	
458	3.801894e+05	-9.97768e-04,	-2.60723e-03	
459	3.890451e+05	-1.03672e-03,	-2.65321e-03	
460	3.981072e+05	-1.07704e-03,	-2.69939e-03	

Index   frequency       v2#branch                       
--------------------------------------------------------------------------------
461	4.073803e+05	-1.11875e-03,	-2.74572e-03	
462	4.168694e+05	-1.16188e-03,	-2.79218e-03	
463	4.265795e+05	-1.20646e-03,	-2.83870e-03	
464	4.365158e+05	-1.25252e-03,	-2.88526e-03	
465	4.466836e+05	-1.30007e-03,	-2.93179e-03	
466	4.570882e+05	-1.34913e-03,	-2.97826e-03	
467	4.677351e+05	-1.39973e-03,	-3.02460e-03	
468	4.786301e+05	-1.45189e-03,	-3.07076e-03	
469	4.897788e+05	-1.50561e-03,	-3.11668e-03	
470	5.011872e+05	-1.56090e-03,	-3.16231e-03	
471	5.128614e+05	-1.61779e-03,	-3.20758e-03	
472	5.248075e+05	-1.67628e-03,	-3.25243e-03	
473	5.370318e+05	-1.73636e-03,	-3.29679e-03	
474	5.495409e+05	-1.79804e-03,	-3.34061e-03	
475	5.623413e+05	-1.86132e-03,	-3.38380e-03	
476	5.754399e+05	-1.92619e-03,	-3.42631e-03	
477	5.888437e+05	-1.99263e-03,	-3.46806e-03	
478	6.025596e+05	-2.06065e-03,	-3.50898e-03	
479	6.165950e+05	-2.13020e-03,	-3.54900e-03	
480	6.309573e+05	-2.20128e-03,	-3.58805e-03	
481	6.456542e+05	-2.27386e-03,	-3.62606e-03	
482	6.606934e+05	-2.34790e-03,	-3.66296e-03	
483	6.760830e+05	-2.42337e-03,	-3.69867e-03	
484	6.918310e+05	-2.50022e-03,	-3.73313e-03	
485	7.079458e+05	-2.57843e-03,	-3.76626e-03	
486	7.244360e+05	-2.65792e-03,	-3.79802e-03	
487	7.413102e+05	-2.73866e-03,	-3.82831e-03	
488	7.585776e+05	-2.82058e-03,	-3.85710e-03	
489	7.762471e+05	-2.90362e-03,	-3.88431e-03	
490	7.943282e+05	-2.98772e-03,	-3.90989e-03	
491	8.128305e+05	-3.07280e-03,	-3.93378e-03	
492	8.317638e+05	-3.15880e-03,	-3.95594e-03	
493	8.511380e+05	-3.24563e-03,	-3.97632e-03	
494	8.709636e+05	-3.33321e-03,	-3.99487e-03	
495	8.912509e+05	-3.42147e-03,	-4.01157e-03	
496	9.120108e+05	-3.51031e-03,	-4.02637e-03	
497	9.332543e+05	-3.59965e-03,	-4.03926e-03	
498	9.549926e+05	-3.68939e-03,	-4.05019e-03	
499	9.772372e+05	-3.77946e-03,	-4.05917e-03	
500	1.000000e+06	-3.86974e-03,	-4.06618e-03	
501	1.023293e+06	-3.96016e-03,	-4.07120e-03	
502	1.047129e+06	-4.05061e-03,	-4.07424e-03	
503	1.071519e+06	-4.14100e-03,	-4.07531e-03	
504	1.096478e+06	-4.23125e-03,	-4.07440e-03	
505	1.122018e+06	-4.32125e-03,	-4.07154e-03	
506	1.148154e+06	-4.41091e-03,	-4.06675e-03	
507	1.174898e+06	-4.50015e-03,	-4.06005e-03	
508	1.202264e+06	-4.58888e-03,	-4.05148e-03	
509	1.230269e+06	-4.67700e-03,	-4.04106e-03	
510	1.258925e+06	-4.76445e-03,	-4.02884e-03	
511	1.288250e+06	-4.85114e-03,	-4.01487e-03	
512	1.318257e+06	-4.93699e-03,	-3.99918e-03	
513	1.348963e+06	-5.02193e-03,	-3.98185e-03	
514	1.380384e+06	-5.10589e-03,	-3.96291e-03	
515	1.412538e+06	-5.18880e-03,	-3.94244e-03	
516	1.445440e+06	-5.27061e-03,	-3.92048e-03	
517	1.479108e+06	-5.35126e-03,	-3.89712e-03	
518	1.513561e+06	-5.43070e-03,	-3.87242e-03	

Index   frequency       v2#branch                       
--------------------------------------------------------------------------------
519	1.548817e+06	-5.50887e-03,	-3.84644e-03	
520	1.584893e+06	-5.58573e-03,	-3.81926e-03	
521	1.621810e+06	-5.66125e-03,	-3.79095e-03	
522	1.659587e+06	-5.73540e-03,	-3.76158e-03	
523	1.698244e+06	-5.80813e-03,	-3.73123e-03	
524	1.737801e+06	-5.87943e-03,	-3.69997e-03	
525	1.778279e+06	-5.94928e-03,	-3.66788e-03	
526	1.819701e+06	-6.01766e-03,	-3.63503e-03	
527	1.862087e+06	-6.08456e-03,	-3.60149e-03	
528	1.905461e+06	-6.14996e-03,	-3.56734e-03	
529	1.949845e+06	-6.21388e-03,	-3.53265e-03	
530	1.995262e+06	-6.27630e-03,	-3.49749e-03	
531	2.041738e+06	-6.33722e-03,	-3.46193e-03	
532	2.089296e+06	-6.39667e-03,	-3.42604e-03	
533	2.137962e+06	-6.45464e-03,	-3.38988e-03	
534	2.187762e+06	-6.51115e-03,	-3.35351e-03	
535	2.238721e+06	-6.56622e-03,	-3.31700e-03	
536	2.290868e+06	-6.61987e-03,	-3.28042e-03	
537	2.344229e+06	-6.67211e-03,	-3.24380e-03	
538	2.398833e+06	-6.72297e-03,	-3.20722e-03	
539	2.454709e+06	-6.77248e-03,	-3.17072e-03	
540	2.511886e+06	-6.82067e-03,	-3.13436e-03	
541	2.570396e+06	-6.86756e-03,	-3.09818e-03	
542	2.630268e+06	-6.91318e-03,	-3.06222e-03	
543	2.691535e+06	-6.95758e-03,	-3.02654e-03	
544	2.754229e+06	-7.00078e-03,	-2.99117e-03	
545	2.818383e+06	-7.04282e-03,	-2.95614e-03	
546	2.884032e+06	-7.08373e-03,	-2.92150e-03	
547	2.951209e+06	-7.12356e-03,	-2.88728e-03	
548	3.019952e+06	-7.16233e-03,	-2.85351e-03	
549	3.090295e+06	-7.20010e-03,	-2.82021e-03	
550	3.162278e+06	-7.23689e-03,	-2.78741e-03	
551	3.235937e+06	-7.27275e-03,	-2.75514e-03	
552	3.311311e+06	-7.30771e-03,	-2.72342e-03	
553	3.388442e+06	-7.34182e-03,	-2.69226e-03	
554	3.467369e+06	-7.37511e-03,	-2.66168e-03	
555	3.548134e+06	-7.40763e-03,	-2.63171e-03	
556	3.630781e+06	-7.43942e-03,	-2.60234e-03	
557	3.715352e+06	-7.47051e-03,	-2.57359e-03	
558	3.801894e+06	-7.50094e-03,	-2.54547e-03	
559	3.890451e+06	-7.53075e-03,	-2.51798e-03	
560	3.981072e+06	-7.55998e-03,	-2.49114e-03	
561	4.073803e+06	-7.58867e-03,	-2.46494e-03	
562	4.168694e+06	-7.61685e-03,	-2.43939e-03	
563	4.265795e+06	-7.64456e-03,	-2.41448e-03	
564	4.365158e+06	-7.67184e-03,	-2.39021e-03	
565	4.466836e+06	-7.69873e-03,	-2.36658e-03	
566	4.570882e+06	-7.72525e-03,	-2.34359e-03	
567	4.677351e+06	-7.75144e-03,	-2.32122e-03	
568	4.786301e+06	-7.77734e-03,	-2.29947e-03	
569	4.897788e+06	-7.80297e-03,	-2.27833e-03	
570	5.011872e+06	-7.82837e-03,	-2.25779e-03	
571	5.128614e+06	-7.85357e-03,	-2.23783e-03	
572	5.248075e+06	-7.87859e-03,	-2.21845e-03	
573	5.370318e+06	-7.90347e-03,	-2.19962e-03	
574	5.495409e+06	-7.92823e-03,	-2.18133e-03	
575	5.623413e+06	-7.95290e-03,	-2.16357e-03	
576	5.754399e+06	-7.97750e-03,	-2.14632e-03	

Index   frequency       v2#branch                       
--------------------------------------------------------------------------------
577	5.888437e+06	-8.00206e-03,	-2.12955e-03	
578	6.025596e+06	-8.02660e-03,	-2.11324e-03	
579	6.165950e+06	-8.05114e-03,	-2.09738e-03	
580	6.309573e+06	-8.07570e-03,	-2.08195e-03	
581	6.456542e+06	-8.10030e-03,	-2.06691e-03	
582	6.606934e+06	-8.12495e-03,	-2.05225e-03	
583	6.760830e+06	-8.14968e-03,	-2.03794e-03	
584	6.918310e+06	-8.17448e-03,	-2.02396e-03	
585	7.079458e+06	-8.19939e-03,	-2.01028e-03	
586	7.244360e+06	-8.22440e-03,	-1.99688e-03	
587	7.413102e+06	-8.24954e-03,	-1.98373e-03	
588	7.585776e+06	-8.27479e-03,	-1.97080e-03	
589	7.762471e+06	-8.30018e-03,	-1.95806e-03	
590	7.943282e+06	-8.32570e-03,	-1.94549e-03	
591	8.128305e+06	-8.35137e-03,	-1.93307e-03	
592	8.317638e+06	-8.37717e-03,	-1.92076e-03	
593	8.511380e+06	-8.40311e-03,	-1.90855e-03	
594	8.709636e+06	-8.42919e-03,	-1.89639e-03	
595	8.912509e+06	-8.45540e-03,	-1.88427e-03	
596	9.120108e+06	-8.48174e-03,	-1.87217e-03	
597	9.332543e+06	-8.50821e-03,	-1.86005e-03	
598	9.549926e+06	-8.53478e-03,	-1.84790e-03	
599	9.772372e+06	-8.56146e-03,	-1.83568e-03	
600	1.000000e+07	-8.58823e-03,	-1.82339e-03	
601	1.023293e+07	-8.61509e-03,	-1.81099e-03	
602	1.047129e+07	-8.64200e-03,	-1.79846e-03	
603	1.071519e+07	-8.66897e-03,	-1.78580e-03	
604	1.096478e+07	-8.69597e-03,	-1.77297e-03	
605	1.122018e+07	-8.72299e-03,	-1.75997e-03	
606	1.148154e+07	-8.75001e-03,	-1.74677e-03	
607	1.174898e+07	-8.77701e-03,	-1.73337e-03	
608	1.202264e+07	-8.80397e-03,	-1.71976e-03	
609	1.230269e+07	-8.83087e-03,	-1.70591e-03	
610	1.258925e+07	-8.85769e-03,	-1.69182e-03	
611	1.288250e+07	-8.88441e-03,	-1.67749e-03	
612	1.318257e+07	-8.91101e-03,	-1.66291e-03	
613	1.348963e+07	-8.93747e-03,	-1.64808e-03	
614	1.380384e+07	-8.96376e-03,	-1.63298e-03	
615	1.412538e+07	-8.98987e-03,	-1.61763e-03	
616	1.445440e+07	-9.01577e-03,	-1.60202e-03	
617	1.479108e+07	-9.04144e-03,	-1.58614e-03	
618	1.513561e+07	-9.06686e-03,	-1.57002e-03	
619	1.548817e+07	-9.09202e-03,	-1.55364e-03	
620	1.584893e+07	-9.11689e-03,	-1.53702e-03	
621	1.621810e+07	-9.14146e-03,	-1.52017e-03	
622	1.659587e+07	-9.16570e-03,	-1.50308e-03	
623	1.698244e+07	-9.18961e-03,	-1.48577e-03	
624	1.737801e+07	-9.21316e-03,	-1.46826e-03	
625	1.778279e+07	-9.23634e-03,	-1.45054e-03	
626	1.819701e+07	-9.25914e-03,	-1.43264e-03	
627	1.862087e+07	-9.28154e-03,	-1.41457e-03	
628	1.905461e+07	-9.30354e-03,	-1.39634e-03	
629	1.949845e+07	-9.32512e-03,	-1.37796e-03	
630	1.995262e+07	-9.34627e-03,	-1.35945e-03	
631	2.041738e+07	-9.36699e-03,	-1.34082e-03	
632	2.089296e+07	-9.38726e-03,	-1.32210e-03	
633	2.137962e+07	-9.40709e-03,	-1.30328e-03	
634	2.187762e+07	-9.42646e-03,	-1.28440e-03	

Index   frequency       v2#branch                       
--------------------------------------------------------------------------------
635	2.238721e+07	-9.44537e-03,	-1.26546e-03	
636	2.290868e+07	-9.46383e-03,	-1.24648e-03	
637	2.344229e+07	-9.48182e-03,	-1.22747e-03	
638	2.398833e+07	-9.49935e-03,	-1.20846e-03	
639	2.454709e+07	-9.51642e-03,	-1.18945e-03	
640	2.511886e+07	-9.53302e-03,	-1.17046e-03	
641	2.570396e+07	-9.54917e-03,	-1.15150e-03	
642	2.630268e+07	-9.56486e-03,	-1.13260e-03	
643	2.691535e+07	-9.58009e-03,	-1.11375e-03	
644	2.754229e+07	-9.59488e-03,	-1.09498e-03	
645	2.818383e+07	-9.60922e-03,	-1.07630e-03	
646	2.884032e+07	-9.62313e-03,	-1.05771e-03	
647	2.951209e+07	-9.63660e-03,	-1.03924e-03	
648	3.019952e+07	-9.64964e-03,	-1.02089e-03	
649	3.090295e+07	-9.66226e-03,	-1.00267e-03	
650	3.162278e+07	-9.67447e-03,	-9.84591e-04	
651	3.235937e+07	-9.68628e-03,	-9.66665e-04	
652	3.311311e+07	-9.69768e-03,	-9.48898e-04	
653	3.388442e+07	-9.70870e-03,	-9.31300e-04	
654	3.467369e+07	-9.71934e-03,	-9.13878e-04	
655	3.548134e+07	-9.72961e-03,	-8.96638e-04	
656	3.630781e+07	-9.73952e-03,	-8.79588e-04	
657	3.715352e+07	-9.74907e-03,	-8.62733e-04	
658	3.801894e+07	-9.75827e-03,	-8.46078e-04	
659	3.890451e+07	-9.76715e-03,	-8.29630e-04	
660	3.981072e+07	-9.77569e-03,	-8.13391e-04	
661	4.073803e+07	-9.78392e-03,	-7.97366e-04	
662	4.168694e+07	-9.79184e-03,	-7.81559e-04	
663	4.265795e+07	-9.79946e-03,	-7.65972e-04	
664	4.365158e+07	-9.80679e-03,	-7.50608e-04	
665	4.466836e+07	-9.81384e-03,	-7.35470e-04	
666	4.570882e+07	-9.82062e-03,	-7.20558e-04	
667	4.677351e+07	-9.82713e-03,	-7.05875e-04	
668	4.786301e+07	-9.83339e-03,	-6.91422e-04	
669	4.897788e+07	-9.83940e-03,	-6.77199e-04	
670	5.011872e+07	-9.84518e-03,	-6.63207e-04	
671	5.128614e+07	-9.85072e-03,	-6.49445e-04	
672	5.248075e+07	-9.85604e-03,	-6.35915e-04	
673	5.370318e+07	-9.86115e-03,	-6.22614e-04	
674	5.495409e+07	-9.86605e-03,	-6.09544e-04	
675	5.623413e+07	-9.87075e-03,	-5.96702e-04	
676	5.754399e+07	-9.87526e-03,	-5.84087e-04	
677	5.888437e+07	-9.87958e-03,	-5.71700e-04	
678	6.025596e+07	-9.88373e-03,	-5.59537e-04	
679	6.165950e+07	-9.88770e-03,	-5.47597e-04	
680	6.309573e+07	-9.89151e-03,	-5.35878e-04	
681	6.456542e+07	-9.89516e-03,	-5.24379e-04	
682	6.606934e+07	-9.89866e-03,	-5.13097e-04	
683	6.760830e+07	-9.90201e-03,	-5.02031e-04	
684	6.918310e+07	-9.90522e-03,	-4.91177e-04	
685	7.079458e+07	-9.90830e-03,	-4.80533e-04	
686	7.244360e+07	-9.91124e-03,	-4.70098e-04	
687	7.413102e+07	-9.91406e-03,	-4.59867e-04	
688	7.585776e+07	-9.91676e-03,	-4.49840e-04	
689	7.762471e+07	-9.91934e-03,	-4.40012e-04	
690	7.943282e+07	-9.92182e-03,	-4.30381e-04	
691	8.128305e+07	-9.92418e-03,	-4.20945e-04	
692	8.317638e+07	-9.92645e-03,	-4.11700e-04	

Index   frequency       v2#branch                       
--------------------------------------------------------------------------------
693	8.511380e+07	-9.92862e-03,	-4.02644e-04	
694	8.709636e+07	-9.93069e-03,	-3.93773e-04	
695	8.912509e+07	-9.93268e-03,	-3.85085e-04	
696	9.120108e+07	-9.93458e-03,	-3.76577e-04	
697	9.332543e+07	-9.93639e-03,	-3.68246e-04	
698	9.549926e+07	-9.93813e-03,	-3.60089e-04	
699	9.772372e+07	-9.93979e-03,	-3.52103e-04	
700	1.000000e+08	-9.94138e-03,	-3.44285e-04	
