* c:\users\mamat\onedrive\desktop\ajay_esim\final_project_files\device_modelling\2n5401\bjt_ce_config\bjt_ce_config.cir
DC transfer characteristic  Tue Jun 24 16:02:59  2025
--------------------------------------------------------------------------------
Index   v-sweep         v1#branch       v2#branch       v_u_ic1#branch  
--------------------------------------------------------------------------------
0	0.000000e+00	-8.00129e-31	1.086975e-30	-1.08697e-30	
1	5.000000e-02	6.134210e-14	-1.91856e-13	1.918556e-13	
2	1.000000e-01	3.743672e-13	-9.17920e-13	9.179196e-13	
3	1.500000e-01	2.080844e-12	-3.87090e-12	3.870905e-12	
4	2.000000e-01	1.357879e-11	-2.02757e-11	2.027573e-11	
5	2.500000e-01	9.274440e-11	-1.20049e-10	1.200491e-10	
6	3.000000e-01	6.394885e-10	-7.56808e-10	7.568076e-10	
7	3.500000e-01	4.414120e-09	-4.94363e-09	4.943631e-09	
8	4.000000e-01	3.032859e-08	-3.29504e-08	3.295044e-08	
9	4.500000e-01	2.016063e-07	-2.20050e-07	2.200495e-07	
10	5.000000e-01	1.111294e-06	-1.38789e-06	1.387886e-06	
11	5.500000e-01	3.342287e-06	-7.03231e-06	7.032307e-06	
12	6.000000e-01	5.017001e-06	-2.37058e-05	2.370582e-05	
13	6.500000e-01	5.641750e-06	-5.23160e-05	5.231602e-05	
14	7.000000e-01	5.892701e-06	-8.81765e-05	8.817647e-05	
15	7.500000e-01	6.013179e-06	-1.28011e-04	1.280107e-04	
16	8.000000e-01	6.088540e-06	-1.70061e-04	1.700610e-04	
17	8.500000e-01	6.134046e-06	-2.13710e-04	2.137102e-04	
18	9.000000e-01	6.167098e-06	-2.58350e-04	2.583496e-04	
19	9.500000e-01	6.193380e-06	-3.03692e-04	3.036921e-04	
20	1.000000e+00	6.214861e-06	-3.49573e-04	3.495726e-04	
21	1.050000e+00	6.233004e-06	-3.95873e-04	3.958730e-04	
22	1.100000e+00	6.248791e-06	-4.42509e-04	4.425085e-04	
23	1.150000e+00	6.262856e-06	-4.89417e-04	4.894173e-04	
24	1.200000e+00	6.275625e-06	-5.36553e-04	5.365530e-04	
25	1.250000e+00	6.287394e-06	-5.83880e-04	5.838798e-04	
26	1.300000e+00	6.298378e-06	-6.31370e-04	6.313696e-04	
27	1.350000e+00	6.308734e-06	-6.79000e-04	6.790002e-04	
28	1.400000e+00	6.318577e-06	-7.26753e-04	7.267534e-04	
29	1.450000e+00	6.327999e-06	-7.74614e-04	7.746143e-04	
30	1.500000e+00	6.337069e-06	-8.22571e-04	8.225707e-04	
31	1.550000e+00	6.345841e-06	-8.70612e-04	8.706122e-04	
32	1.600000e+00	6.354361e-06	-9.18730e-04	9.187299e-04	
33	1.650000e+00	6.362661e-06	-9.66917e-04	9.669165e-04	
34	1.700000e+00	6.370773e-06	-1.01517e-03	1.015165e-03	
35	1.750000e+00	6.378719e-06	-1.06347e-03	1.063471e-03	
36	1.800000e+00	6.386520e-06	-1.11183e-03	1.111829e-03	
37	1.850000e+00	6.394191e-06	-1.16023e-03	1.160234e-03	
38	1.900000e+00	6.401747e-06	-1.20868e-03	1.208683e-03	
39	1.950000e+00	6.409199e-06	-1.25717e-03	1.257173e-03	
40	2.000000e+00	6.416558e-06	-1.30570e-03	1.305700e-03	
41	2.050000e+00	6.423833e-06	-1.35426e-03	1.354262e-03	
42	2.100000e+00	6.431031e-06	-1.40286e-03	1.402856e-03	
43	2.150000e+00	6.438158e-06	-1.45148e-03	1.451481e-03	
44	2.200000e+00	6.445220e-06	-1.50013e-03	1.500134e-03	
45	2.250000e+00	6.452223e-06	-1.54881e-03	1.548814e-03	
46	2.300000e+00	6.459170e-06	-1.59752e-03	1.597519e-03	
47	2.350000e+00	6.466066e-06	-1.64625e-03	1.646247e-03	
48	2.400000e+00	6.472915e-06	-1.69500e-03	1.694997e-03	
49	2.450000e+00	6.479718e-06	-1.74377e-03	1.743769e-03	
50	2.500000e+00	6.486480e-06	-1.79256e-03	1.792560e-03	
51	2.550000e+00	6.493201e-06	-1.84137e-03	1.841370e-03	
52	2.600000e+00	6.499886e-06	-1.89020e-03	1.890197e-03	
53	2.650000e+00	6.506535e-06	-1.93904e-03	1.939042e-03	
54	2.700000e+00	6.513151e-06	-1.98790e-03	1.987903e-03	

Index   v-sweep         v1#branch       v2#branch       v_u_ic1#branch  
--------------------------------------------------------------------------------
55	2.750000e+00	6.519736e-06	-2.03678e-03	2.036779e-03	
56	2.800000e+00	6.526289e-06	-2.08567e-03	2.085670e-03	
57	2.850000e+00	6.532814e-06	-2.13457e-03	2.134574e-03	
58	2.900000e+00	6.539312e-06	-2.18349e-03	2.183492e-03	
59	2.950000e+00	6.545783e-06	-2.23242e-03	2.232423e-03	
60	3.000000e+00	6.552228e-06	-2.28137e-03	2.281366e-03	
61	3.050000e+00	6.558649e-06	-2.33032e-03	2.330321e-03	
62	3.100000e+00	6.565047e-06	-2.37929e-03	2.379287e-03	
63	3.150000e+00	6.571421e-06	-2.42826e-03	2.428263e-03	
64	3.200000e+00	6.577774e-06	-2.47725e-03	2.477250e-03	
65	3.250000e+00	6.584106e-06	-2.52625e-03	2.526247e-03	
66	3.300000e+00	6.590417e-06	-2.57525e-03	2.575254e-03	
67	3.350000e+00	6.596708e-06	-2.62427e-03	2.624270e-03	
68	3.400000e+00	6.602979e-06	-2.67329e-03	2.673294e-03	
69	3.450000e+00	6.609232e-06	-2.72233e-03	2.722327e-03	
70	3.500000e+00	6.615467e-06	-2.77137e-03	2.771369e-03	
71	3.550000e+00	6.621683e-06	-2.82042e-03	2.820418e-03	
72	3.600000e+00	6.627883e-06	-2.86948e-03	2.869475e-03	
73	3.650000e+00	6.634065e-06	-2.91854e-03	2.918540e-03	
74	3.700000e+00	6.640230e-06	-2.96761e-03	2.967611e-03	
75	3.750000e+00	6.646379e-06	-3.01669e-03	3.016690e-03	
76	3.800000e+00	6.652513e-06	-3.06578e-03	3.065776e-03	
77	3.850000e+00	6.658631e-06	-3.11487e-03	3.114868e-03	
78	3.900000e+00	6.664733e-06	-3.16397e-03	3.163966e-03	
79	3.950000e+00	6.670821e-06	-3.21307e-03	3.213070e-03	
80	4.000000e+00	6.676893e-06	-3.26218e-03	3.262181e-03	
81	4.050000e+00	6.682952e-06	-3.31130e-03	3.311297e-03	
82	4.100000e+00	6.688996e-06	-3.36042e-03	3.360419e-03	
83	4.150000e+00	6.695026e-06	-3.40955e-03	3.409546e-03	
84	4.200000e+00	6.701043e-06	-3.45868e-03	3.458679e-03	
85	4.250000e+00	6.707046e-06	-3.50782e-03	3.507816e-03	
86	4.300000e+00	6.713035e-06	-3.55696e-03	3.556959e-03	
87	4.350000e+00	6.719012e-06	-3.60611e-03	3.606106e-03	
88	4.400000e+00	6.724976e-06	-3.65526e-03	3.655259e-03	
89	4.450000e+00	6.730927e-06	-3.70442e-03	3.704416e-03	
90	4.500000e+00	6.736865e-06	-3.75358e-03	3.753577e-03	
91	4.550000e+00	6.742791e-06	-3.80274e-03	3.802743e-03	
92	4.600000e+00	6.748705e-06	-3.85191e-03	3.851913e-03	
93	4.650000e+00	6.754607e-06	-3.90109e-03	3.901087e-03	
94	4.700000e+00	6.760497e-06	-3.95027e-03	3.950265e-03	
95	4.750000e+00	6.766375e-06	-3.99945e-03	3.999448e-03	
96	4.800000e+00	6.772241e-06	-4.04863e-03	4.048634e-03	
97	4.850000e+00	6.778096e-06	-4.09782e-03	4.097824e-03	
98	4.900000e+00	6.783939e-06	-4.14702e-03	4.147017e-03	
99	4.950000e+00	6.789772e-06	-4.19621e-03	4.196214e-03	
100	5.000000e+00	6.795593e-06	-4.24542e-03	4.245415e-03	
101	5.050000e+00	6.801403e-06	-4.29462e-03	4.294619e-03	
102	5.100000e+00	6.807202e-06	-4.34383e-03	4.343827e-03	
103	5.150000e+00	6.812990e-06	-4.39304e-03	4.393037e-03	
104	5.200000e+00	6.818768e-06	-4.44225e-03	4.442251e-03	
105	5.250000e+00	6.824535e-06	-4.49147e-03	4.491468e-03	
106	5.300000e+00	6.830291e-06	-4.54069e-03	4.540689e-03	
107	5.350000e+00	6.836038e-06	-4.58991e-03	4.589912e-03	
108	5.400000e+00	6.841773e-06	-4.63914e-03	4.639138e-03	
109	5.450000e+00	6.847499e-06	-4.68837e-03	4.688367e-03	
110	5.500000e+00	6.853214e-06	-4.73760e-03	4.737599e-03	
111	5.550000e+00	6.858920e-06	-4.78683e-03	4.786833e-03	
112	5.600000e+00	6.864615e-06	-4.83607e-03	4.836070e-03	

Index   v-sweep         v1#branch       v2#branch       v_u_ic1#branch  
--------------------------------------------------------------------------------
113	5.650000e+00	6.870301e-06	-4.88531e-03	4.885310e-03	
114	5.700000e+00	6.875977e-06	-4.93455e-03	4.934553e-03	
115	5.750000e+00	6.881643e-06	-4.98380e-03	4.983798e-03	
116	5.800000e+00	6.887299e-06	-5.03305e-03	5.033046e-03	
117	5.850000e+00	6.892946e-06	-5.08230e-03	5.082296e-03	
118	5.900000e+00	6.898583e-06	-5.13155e-03	5.131548e-03	
119	5.950000e+00	6.904211e-06	-5.18080e-03	5.180803e-03	
120	6.000000e+00	6.909829e-06	-5.23006e-03	5.230060e-03	
121	6.050000e+00	6.915439e-06	-5.27932e-03	5.279319e-03	
122	6.100000e+00	6.921039e-06	-5.32858e-03	5.328581e-03	
123	6.150000e+00	6.926629e-06	-5.37784e-03	5.377845e-03	
124	6.200000e+00	6.932211e-06	-5.42711e-03	5.427111e-03	
125	6.250000e+00	6.937784e-06	-5.47638e-03	5.476379e-03	
126	6.300000e+00	6.943347e-06	-5.52565e-03	5.525649e-03	
127	6.350000e+00	6.948902e-06	-5.57492e-03	5.574921e-03	
128	6.400000e+00	6.954448e-06	-5.62419e-03	5.624195e-03	
129	6.450000e+00	6.959985e-06	-5.67347e-03	5.673471e-03	
130	6.500000e+00	6.965513e-06	-5.72275e-03	5.722749e-03	
131	6.550000e+00	6.971033e-06	-5.77203e-03	5.772029e-03	
132	6.600000e+00	6.976544e-06	-5.82131e-03	5.821311e-03	
133	6.650000e+00	6.982047e-06	-5.87059e-03	5.870595e-03	
134	6.700000e+00	6.987540e-06	-5.91988e-03	5.919880e-03	
135	6.750000e+00	6.993026e-06	-5.96917e-03	5.969167e-03	
136	6.800000e+00	6.998503e-06	-6.01846e-03	6.018456e-03	
137	6.850000e+00	7.003971e-06	-6.06775e-03	6.067747e-03	
138	6.900000e+00	7.009432e-06	-6.11704e-03	6.117039e-03	
139	6.950000e+00	7.014884e-06	-6.16633e-03	6.166334e-03	
140	7.000000e+00	7.020327e-06	-6.21563e-03	6.215629e-03	
141	7.050000e+00	7.025763e-06	-6.26493e-03	6.264927e-03	
142	7.100000e+00	7.031190e-06	-6.31423e-03	6.314225e-03	
143	7.150000e+00	7.036609e-06	-6.36353e-03	6.363526e-03	
144	7.200000e+00	7.042021e-06	-6.41283e-03	6.412828e-03	
145	7.250000e+00	7.047424e-06	-6.46213e-03	6.462132e-03	
146	7.300000e+00	7.052819e-06	-6.51144e-03	6.511437e-03	
147	7.350000e+00	7.058207e-06	-6.56074e-03	6.560743e-03	
148	7.400000e+00	7.063586e-06	-6.61005e-03	6.610051e-03	
149	7.450000e+00	7.068958e-06	-6.65936e-03	6.659360e-03	
150	7.500000e+00	7.074321e-06	-6.70867e-03	6.708671e-03	
151	7.550000e+00	7.079677e-06	-6.75798e-03	6.757983e-03	
152	7.600000e+00	7.085026e-06	-6.80730e-03	6.807297e-03	
153	7.650000e+00	7.090366e-06	-6.85661e-03	6.856612e-03	
154	7.700000e+00	7.095699e-06	-6.90593e-03	6.905928e-03	
155	7.750000e+00	7.101025e-06	-6.95525e-03	6.955245e-03	
156	7.800000e+00	7.106343e-06	-7.00456e-03	7.004564e-03	
157	7.850000e+00	7.111653e-06	-7.05388e-03	7.053884e-03	
158	7.900000e+00	7.116956e-06	-7.10321e-03	7.103206e-03	
159	7.950000e+00	7.122251e-06	-7.15253e-03	7.152528e-03	
160	8.000000e+00	7.127539e-06	-7.20185e-03	7.201852e-03	
161	8.050000e+00	7.132820e-06	-7.25118e-03	7.251177e-03	
162	8.100000e+00	7.138093e-06	-7.30050e-03	7.300503e-03	
163	8.150000e+00	7.143359e-06	-7.34983e-03	7.349831e-03	
164	8.200000e+00	7.148618e-06	-7.39916e-03	7.399159e-03	
165	8.250000e+00	7.153869e-06	-7.44849e-03	7.448489e-03	
166	8.300000e+00	7.159113e-06	-7.49782e-03	7.497820e-03	
167	8.350000e+00	7.164350e-06	-7.54715e-03	7.547152e-03	
168	8.400000e+00	7.169580e-06	-7.59648e-03	7.596485e-03	
169	8.450000e+00	7.174803e-06	-7.64582e-03	7.645819e-03	
170	8.500000e+00	7.180019e-06	-7.69515e-03	7.695154e-03	

Index   v-sweep         v1#branch       v2#branch       v_u_ic1#branch  
--------------------------------------------------------------------------------
171	8.550000e+00	7.185227e-06	-7.74449e-03	7.744490e-03	
172	8.600000e+00	7.190429e-06	-7.79383e-03	7.793827e-03	
173	8.650000e+00	7.195624e-06	-7.84317e-03	7.843166e-03	
174	8.700000e+00	7.200811e-06	-7.89250e-03	7.892505e-03	
175	8.750000e+00	7.205992e-06	-7.94185e-03	7.941845e-03	
176	8.800000e+00	7.211166e-06	-7.99119e-03	7.991187e-03	
177	8.850000e+00	7.216333e-06	-8.04053e-03	8.040529e-03	
178	8.900000e+00	7.221493e-06	-8.08987e-03	8.089872e-03	
179	8.950000e+00	7.226647e-06	-8.13922e-03	8.139216e-03	
180	9.000000e+00	7.231794e-06	-8.18856e-03	8.188561e-03	
181	9.050000e+00	7.236934e-06	-8.23791e-03	8.237907e-03	
182	9.100000e+00	7.242067e-06	-8.28725e-03	8.287255e-03	
183	9.150000e+00	7.247193e-06	-8.33660e-03	8.336602e-03	
184	9.200000e+00	7.252313e-06	-8.38595e-03	8.385951e-03	
185	9.250000e+00	7.257427e-06	-8.43530e-03	8.435301e-03	
186	9.300000e+00	7.262533e-06	-8.48465e-03	8.484652e-03	
187	9.350000e+00	7.267633e-06	-8.53400e-03	8.534003e-03	
188	9.400000e+00	7.272727e-06	-8.58336e-03	8.583355e-03	
189	9.450000e+00	7.277814e-06	-8.63271e-03	8.632709e-03	
190	9.500000e+00	7.282895e-06	-8.68206e-03	8.682063e-03	
191	9.550000e+00	7.287969e-06	-8.73142e-03	8.731417e-03	
192	9.600000e+00	7.293036e-06	-8.78077e-03	8.780773e-03	
193	9.650000e+00	7.298098e-06	-8.83013e-03	8.830130e-03	
194	9.700000e+00	7.303153e-06	-8.87949e-03	8.879487e-03	
195	9.750000e+00	7.308201e-06	-8.92885e-03	8.928845e-03	
196	9.800000e+00	7.313243e-06	-8.97820e-03	8.978204e-03	
197	9.850000e+00	7.318279e-06	-9.02756e-03	9.027564e-03	
198	9.900000e+00	7.323309e-06	-9.07692e-03	9.076924e-03	
199	9.950000e+00	7.328332e-06	-9.12629e-03	9.126285e-03	
200	1.000000e+01	7.333349e-06	-9.17565e-03	9.175647e-03	
201	0.000000e+00	-5.02838e-12	5.005867e-12	-5.00587e-12	
202	5.000000e-02	-5.02197e-12	4.825353e-12	-4.82535e-12	
203	1.000000e-01	-5.98232e-12	4.362315e-12	-4.36231e-12	
204	1.500000e-01	-1.22902e-11	3.065808e-12	-3.06581e-12	
205	2.000000e-01	-5.61594e-11	-1.89105e-12	1.891048e-12	
206	2.500000e-01	-3.59492e-10	-2.25477e-11	2.254769e-11	
207	3.000000e-01	-2.45512e-09	-1.12558e-10	1.125577e-10	
208	3.500000e-01	-1.69312e-08	-5.22172e-10	5.221720e-10	
209	4.000000e-01	-1.16920e-07	-2.48903e-09	2.489027e-09	
210	4.500000e-01	-8.07299e-07	-1.25571e-08	1.255710e-08	
211	5.000000e-01	-5.56420e-06	-6.76579e-08	6.765788e-08	
212	5.500000e-01	-3.79415e-05	-3.85696e-07	3.856960e-07	
213	6.000000e-01	-2.43441e-04	-2.19990e-06	2.199896e-06	
214	6.500000e-01	-1.20781e-03	-1.03081e-05	1.030806e-05	
215	7.000000e-01	-3.61074e-03	-3.08274e-05	3.082745e-05	
216	7.500000e-01	-4.89076e-03	-7.13747e-05	7.137473e-05	
217	8.000000e-01	-4.91468e-03	-1.19675e-04	1.196755e-04	
218	8.500000e-01	-4.92613e-03	-1.68088e-04	1.680876e-04	
219	9.000000e-01	-4.93351e-03	-2.16562e-04	2.165615e-04	
220	9.500000e-01	-4.93887e-03	-2.65083e-04	2.650831e-04	
221	1.000000e+00	-4.94304e-03	-3.13645e-04	3.136449e-04	
222	1.050000e+00	-4.94637e-03	-3.62243e-04	3.622427e-04	
223	1.100000e+00	-4.94914e-03	-4.10873e-04	4.108728e-04	
224	1.150000e+00	-4.95149e-03	-4.59533e-04	4.595326e-04	
225	1.200000e+00	-4.95351e-03	-5.08220e-04	5.082198e-04	
226	1.250000e+00	-4.95528e-03	-5.56933e-04	5.569325e-04	
227	1.300000e+00	-4.95684e-03	-6.05669e-04	6.056690e-04	
228	1.350000e+00	-4.95824e-03	-6.54428e-04	6.544279e-04	

Index   v-sweep         v1#branch       v2#branch       v_u_ic1#branch  
--------------------------------------------------------------------------------
229	1.400000e+00	-4.95949e-03	-7.03208e-04	7.032077e-04	
230	1.450000e+00	-4.96062e-03	-7.52007e-04	7.520073e-04	
231	1.500000e+00	-4.96164e-03	-8.00826e-04	8.008256e-04	
232	1.550000e+00	-4.96258e-03	-8.49662e-04	8.496616e-04	
233	1.600000e+00	-4.96344e-03	-8.98514e-04	8.985143e-04	
234	1.650000e+00	-4.96423e-03	-9.47383e-04	9.473830e-04	
235	1.700000e+00	-4.96497e-03	-9.96267e-04	9.962669e-04	
236	1.750000e+00	-4.96565e-03	-1.04517e-03	1.045165e-03	
237	1.800000e+00	-4.96628e-03	-1.09408e-03	1.094077e-03	
238	1.850000e+00	-4.96687e-03	-1.14300e-03	1.143002e-03	
239	1.900000e+00	-4.96742e-03	-1.19194e-03	1.191940e-03	
240	1.950000e+00	-4.96794e-03	-1.24089e-03	1.240890e-03	
241	2.000000e+00	-4.96842e-03	-1.28985e-03	1.289851e-03	
242	2.050000e+00	-4.96888e-03	-1.33882e-03	1.338823e-03	
243	2.100000e+00	-4.96931e-03	-1.38781e-03	1.387806e-03	
244	2.150000e+00	-4.96972e-03	-1.43680e-03	1.436799e-03	
245	2.200000e+00	-4.97011e-03	-1.48580e-03	1.485802e-03	
246	2.250000e+00	-4.97047e-03	-1.53481e-03	1.534814e-03	
247	2.300000e+00	-4.97082e-03	-1.58384e-03	1.583836e-03	
248	2.350000e+00	-4.97115e-03	-1.63287e-03	1.632866e-03	
249	2.400000e+00	-4.97146e-03	-1.68190e-03	1.681904e-03	
250	2.450000e+00	-4.97176e-03	-1.73095e-03	1.730951e-03	
251	2.500000e+00	-4.97205e-03	-1.78001e-03	1.780005e-03	
252	2.550000e+00	-4.97232e-03	-1.82907e-03	1.829067e-03	
253	2.600000e+00	-4.97258e-03	-1.87814e-03	1.878136e-03	
254	2.650000e+00	-4.97283e-03	-1.92721e-03	1.927213e-03	
255	2.700000e+00	-4.97307e-03	-1.97630e-03	1.976296e-03	
256	2.750000e+00	-4.97330e-03	-2.02539e-03	2.025386e-03	
257	2.800000e+00	-4.97352e-03	-2.07448e-03	2.074482e-03	
258	2.850000e+00	-4.97373e-03	-2.12358e-03	2.123585e-03	
259	2.900000e+00	-4.97393e-03	-2.17269e-03	2.172693e-03	
260	2.950000e+00	-4.97413e-03	-2.22181e-03	2.221808e-03	
261	3.000000e+00	-4.97431e-03	-2.27093e-03	2.270928e-03	
262	3.050000e+00	-4.97449e-03	-2.32005e-03	2.320054e-03	
263	3.100000e+00	-4.97467e-03	-2.36918e-03	2.369185e-03	
264	3.150000e+00	-4.97484e-03	-2.41832e-03	2.418321e-03	
265	3.200000e+00	-4.97500e-03	-2.46746e-03	2.467462e-03	
266	3.250000e+00	-4.97515e-03	-2.51661e-03	2.516608e-03	
267	3.300000e+00	-4.97531e-03	-2.56576e-03	2.565759e-03	
268	3.350000e+00	-4.97545e-03	-2.61491e-03	2.614915e-03	
269	3.400000e+00	-4.97559e-03	-2.66408e-03	2.664075e-03	
270	3.450000e+00	-4.97573e-03	-2.71324e-03	2.713240e-03	
271	3.500000e+00	-4.97586e-03	-2.76241e-03	2.762409e-03	
272	3.550000e+00	-4.97599e-03	-2.81158e-03	2.811582e-03	
273	3.600000e+00	-4.97611e-03	-2.86076e-03	2.860759e-03	
274	3.650000e+00	-4.97623e-03	-2.90994e-03	2.909940e-03	
275	3.700000e+00	-4.97635e-03	-2.95913e-03	2.959125e-03	
276	3.750000e+00	-4.97646e-03	-3.00831e-03	3.008314e-03	
277	3.800000e+00	-4.97657e-03	-3.05751e-03	3.057507e-03	
278	3.850000e+00	-4.97668e-03	-3.10670e-03	3.106703e-03	
279	3.900000e+00	-4.97678e-03	-3.15590e-03	3.155903e-03	
280	3.950000e+00	-4.97688e-03	-3.20511e-03	3.205107e-03	
281	4.000000e+00	-4.97698e-03	-3.25431e-03	3.254313e-03	
282	4.050000e+00	-4.97708e-03	-3.30352e-03	3.303523e-03	
283	4.100000e+00	-4.97717e-03	-3.35274e-03	3.352736e-03	
284	4.150000e+00	-4.97726e-03	-3.40195e-03	3.401953e-03	
285	4.200000e+00	-4.97735e-03	-3.45117e-03	3.451172e-03	
286	4.250000e+00	-4.97743e-03	-3.50039e-03	3.500395e-03	

Index   v-sweep         v1#branch       v2#branch       v_u_ic1#branch  
--------------------------------------------------------------------------------
287	4.300000e+00	-4.97752e-03	-3.54962e-03	3.549620e-03	
288	4.350000e+00	-4.97760e-03	-3.59885e-03	3.598849e-03	
289	4.400000e+00	-4.97768e-03	-3.64808e-03	3.648080e-03	
290	4.450000e+00	-4.97775e-03	-3.69731e-03	3.697314e-03	
291	4.500000e+00	-4.97783e-03	-3.74655e-03	3.746551e-03	
292	4.550000e+00	-4.97790e-03	-3.79579e-03	3.795790e-03	
293	4.600000e+00	-4.97797e-03	-3.84503e-03	3.845032e-03	
294	4.650000e+00	-4.97804e-03	-3.89428e-03	3.894277e-03	
295	4.700000e+00	-4.97811e-03	-3.94352e-03	3.943524e-03	
296	4.750000e+00	-4.97818e-03	-3.99277e-03	3.992774e-03	
297	4.800000e+00	-4.97824e-03	-4.04203e-03	4.042026e-03	
298	4.850000e+00	-4.97831e-03	-4.09128e-03	4.091280e-03	
299	4.900000e+00	-4.97837e-03	-4.14054e-03	4.140537e-03	
300	4.950000e+00	-4.97843e-03	-4.18980e-03	4.189796e-03	
301	5.000000e+00	-4.97849e-03	-4.23906e-03	4.239057e-03	
302	5.050000e+00	-4.97855e-03	-4.28832e-03	4.288320e-03	
303	5.100000e+00	-4.97860e-03	-4.33759e-03	4.337586e-03	
304	5.150000e+00	-4.97866e-03	-4.38685e-03	4.386854e-03	
305	5.200000e+00	-4.97871e-03	-4.43612e-03	4.436124e-03	
306	5.250000e+00	-4.97876e-03	-4.48540e-03	4.485395e-03	
307	5.300000e+00	-4.97882e-03	-4.53467e-03	4.534669e-03	
308	5.350000e+00	-4.97887e-03	-4.58395e-03	4.583945e-03	
309	5.400000e+00	-4.97892e-03	-4.63322e-03	4.633223e-03	
310	5.450000e+00	-4.97896e-03	-4.68250e-03	4.682503e-03	
311	5.500000e+00	-4.97901e-03	-4.73178e-03	4.731784e-03	
312	5.550000e+00	-4.97906e-03	-4.78107e-03	4.781068e-03	
313	5.600000e+00	-4.97910e-03	-4.83035e-03	4.830353e-03	
314	5.650000e+00	-4.97915e-03	-4.87964e-03	4.879640e-03	
315	5.700000e+00	-4.97919e-03	-4.92893e-03	4.928929e-03	
316	5.750000e+00	-4.97924e-03	-4.97822e-03	4.978219e-03	
317	5.800000e+00	-4.97928e-03	-5.02751e-03	5.027512e-03	
318	5.850000e+00	-4.97932e-03	-5.07681e-03	5.076805e-03	
319	5.900000e+00	-4.97936e-03	-5.12610e-03	5.126101e-03	
320	5.950000e+00	-4.97940e-03	-5.17540e-03	5.175398e-03	
321	6.000000e+00	-4.97944e-03	-5.22470e-03	5.224697e-03	
322	6.050000e+00	-4.97948e-03	-5.27400e-03	5.273997e-03	
323	6.100000e+00	-4.97951e-03	-5.32330e-03	5.323299e-03	
324	6.150000e+00	-4.97955e-03	-5.37260e-03	5.372603e-03	
325	6.200000e+00	-4.97959e-03	-5.42191e-03	5.421908e-03	
326	6.250000e+00	-4.97962e-03	-5.47121e-03	5.471214e-03	
327	6.300000e+00	-4.97966e-03	-5.52052e-03	5.520522e-03	
328	6.350000e+00	-4.97969e-03	-5.56983e-03	5.569831e-03	
329	6.400000e+00	-4.97972e-03	-5.61914e-03	5.619142e-03	
330	6.450000e+00	-4.97976e-03	-5.66845e-03	5.668454e-03	
331	6.500000e+00	-4.97979e-03	-5.71777e-03	5.717767e-03	
332	6.550000e+00	-4.97982e-03	-5.76708e-03	5.767082e-03	
333	6.600000e+00	-4.97985e-03	-5.81640e-03	5.816398e-03	
334	6.650000e+00	-4.97988e-03	-5.86572e-03	5.865716e-03	
335	6.700000e+00	-4.97991e-03	-5.91503e-03	5.915034e-03	
336	6.750000e+00	-4.97994e-03	-5.96435e-03	5.964354e-03	
337	6.800000e+00	-4.97997e-03	-6.01368e-03	6.013676e-03	
338	6.850000e+00	-4.98000e-03	-6.06300e-03	6.062998e-03	
339	6.900000e+00	-4.98003e-03	-6.11232e-03	6.112322e-03	
340	6.950000e+00	-4.98005e-03	-6.16165e-03	6.161647e-03	
341	7.000000e+00	-4.98008e-03	-6.21097e-03	6.210973e-03	
342	7.050000e+00	-4.98011e-03	-6.26030e-03	6.260301e-03	
343	7.100000e+00	-4.98013e-03	-6.30963e-03	6.309629e-03	
344	7.150000e+00	-4.98016e-03	-6.35896e-03	6.358959e-03	

Index   v-sweep         v1#branch       v2#branch       v_u_ic1#branch  
--------------------------------------------------------------------------------
345	7.200000e+00	-4.98018e-03	-6.40829e-03	6.408289e-03	
346	7.250000e+00	-4.98021e-03	-6.45762e-03	6.457621e-03	
347	7.300000e+00	-4.98023e-03	-6.50695e-03	6.506954e-03	
348	7.350000e+00	-4.98026e-03	-6.55629e-03	6.556288e-03	
349	7.400000e+00	-4.98028e-03	-6.60562e-03	6.605624e-03	
350	7.450000e+00	-4.98030e-03	-6.65496e-03	6.654960e-03	
351	7.500000e+00	-4.98033e-03	-6.70430e-03	6.704297e-03	
352	7.550000e+00	-4.98035e-03	-6.75364e-03	6.753635e-03	
353	7.600000e+00	-4.98037e-03	-6.80297e-03	6.802975e-03	
354	7.650000e+00	-4.98039e-03	-6.85232e-03	6.852315e-03	
355	7.700000e+00	-4.98041e-03	-6.90166e-03	6.901656e-03	
356	7.750000e+00	-4.98043e-03	-6.95100e-03	6.950999e-03	
357	7.800000e+00	-4.98046e-03	-7.00034e-03	7.000342e-03	
358	7.850000e+00	-4.98048e-03	-7.04969e-03	7.049686e-03	
359	7.900000e+00	-4.98050e-03	-7.09903e-03	7.099031e-03	
360	7.950000e+00	-4.98052e-03	-7.14838e-03	7.148378e-03	
361	8.000000e+00	-4.98053e-03	-7.19772e-03	7.197725e-03	
362	8.050000e+00	-4.98055e-03	-7.24707e-03	7.247073e-03	
363	8.100000e+00	-4.98057e-03	-7.29642e-03	7.296421e-03	
364	8.150000e+00	-4.98059e-03	-7.34577e-03	7.345771e-03	
365	8.200000e+00	-4.98061e-03	-7.39512e-03	7.395122e-03	
366	8.250000e+00	-4.98063e-03	-7.44447e-03	7.444473e-03	
367	8.300000e+00	-4.98064e-03	-7.49383e-03	7.493826e-03	
368	8.350000e+00	-4.98066e-03	-7.54318e-03	7.543179e-03	
369	8.400000e+00	-4.98068e-03	-7.59253e-03	7.592533e-03	
370	8.450000e+00	-4.98070e-03	-7.64189e-03	7.641888e-03	
371	8.500000e+00	-4.98071e-03	-7.69124e-03	7.691244e-03	
372	8.550000e+00	-4.98073e-03	-7.74060e-03	7.740600e-03	
373	8.600000e+00	-4.98075e-03	-7.78996e-03	7.789958e-03	
374	8.650000e+00	-4.98076e-03	-7.83932e-03	7.839316e-03	
375	8.700000e+00	-4.98078e-03	-7.88867e-03	7.888675e-03	
376	8.750000e+00	-4.98079e-03	-7.93803e-03	7.938035e-03	
377	8.800000e+00	-4.98081e-03	-7.98740e-03	7.987395e-03	
378	8.850000e+00	-4.98082e-03	-8.03676e-03	8.036756e-03	
379	8.900000e+00	-4.98084e-03	-8.08612e-03	8.086118e-03	
380	8.950000e+00	-4.98085e-03	-8.13548e-03	8.135481e-03	
381	9.000000e+00	-4.98087e-03	-8.18484e-03	8.184845e-03	
382	9.050000e+00	-4.98088e-03	-8.23421e-03	8.234209e-03	
383	9.100000e+00	-4.98089e-03	-8.28357e-03	8.283574e-03	
384	9.150000e+00	-4.98091e-03	-8.33294e-03	8.332939e-03	
385	9.200000e+00	-4.98092e-03	-8.38231e-03	8.382306e-03	
386	9.250000e+00	-4.98093e-03	-8.43167e-03	8.431673e-03	
387	9.300000e+00	-4.98095e-03	-8.48104e-03	8.481041e-03	
388	9.350000e+00	-4.98096e-03	-8.53041e-03	8.530409e-03	
389	9.400000e+00	-4.98097e-03	-8.57978e-03	8.579778e-03	
390	9.450000e+00	-4.98099e-03	-8.62915e-03	8.629148e-03	
391	9.500000e+00	-4.98100e-03	-8.67852e-03	8.678519e-03	
392	9.550000e+00	-4.98101e-03	-8.72789e-03	8.727890e-03	
393	9.600000e+00	-4.98102e-03	-8.77726e-03	8.777262e-03	
394	9.650000e+00	-4.98103e-03	-8.82663e-03	8.826634e-03	
395	9.700000e+00	-4.98105e-03	-8.87601e-03	8.876007e-03	
396	9.750000e+00	-4.98106e-03	-8.92538e-03	8.925381e-03	
397	9.800000e+00	-4.98107e-03	-8.97476e-03	8.974755e-03	
398	9.850000e+00	-4.98108e-03	-9.02413e-03	9.024130e-03	
399	9.900000e+00	-4.98109e-03	-9.07351e-03	9.073506e-03	
400	9.950000e+00	-4.98110e-03	-9.12288e-03	9.122882e-03	
401	1.000000e+01	-4.98111e-03	-9.17226e-03	9.172259e-03	
402	0.000000e+00	-1.00294e-11	1.000587e-11	-1.00059e-11	

Index   v-sweep         v1#branch       v2#branch       v_u_ic1#branch  
--------------------------------------------------------------------------------
403	5.000000e-02	-1.00251e-11	9.825353e-12	-9.82535e-12	
404	1.000000e-01	-1.10339e-11	9.362314e-12	-9.36231e-12	
405	1.500000e-01	-1.76448e-11	8.065806e-12	-8.06581e-12	
406	2.000000e-01	-6.36096e-11	3.108951e-12	-3.10895e-12	
407	2.500000e-01	-3.81425e-10	-1.75477e-11	1.754770e-11	
408	3.000000e-01	-2.57715e-09	-1.07558e-10	1.075577e-10	
409	3.500000e-01	-1.77450e-08	-5.17172e-10	5.171721e-10	
410	4.000000e-01	-1.22514e-07	-2.48403e-09	2.484027e-09	
411	4.500000e-01	-8.45913e-07	-1.25521e-08	1.255210e-08	
412	5.000000e-01	-5.83044e-06	-6.76529e-08	6.765289e-08	
413	5.500000e-01	-3.97578e-05	-3.85691e-07	3.856910e-07	
414	6.000000e-01	-2.55100e-04	-2.19989e-06	2.199892e-06	
415	6.500000e-01	-1.26568e-03	-1.03081e-05	1.030806e-05	
416	7.000000e-01	-3.78004e-03	-3.07990e-05	3.079903e-05	
417	7.500000e-01	-7.34404e-03	-6.19775e-05	6.197746e-05	
418	8.000000e-01	-9.85059e-03	-1.02766e-04	1.027656e-04	
419	8.500000e-01	-9.88471e-03	-1.51614e-04	1.516136e-04	
420	9.000000e-01	-9.89850e-03	-2.00532e-04	2.005322e-04	
421	9.500000e-01	-9.90712e-03	-2.49477e-04	2.494771e-04	
422	1.000000e+00	-9.91334e-03	-2.98440e-04	2.984399e-04	
423	1.050000e+00	-9.91821e-03	-3.47417e-04	3.474171e-04	
424	1.100000e+00	-9.92211e-03	-3.96407e-04	3.964070e-04	
425	1.150000e+00	-9.92538e-03	-4.45408e-04	4.454083e-04	
426	1.200000e+00	-9.92818e-03	-4.94420e-04	4.944202e-04	
427	1.250000e+00	-9.93062e-03	-5.43442e-04	5.434419e-04	
428	1.300000e+00	-9.93278e-03	-5.92473e-04	5.924730e-04	
429	1.350000e+00	-9.93470e-03	-6.41513e-04	6.415130e-04	
430	1.400000e+00	-9.93642e-03	-6.90562e-04	6.905615e-04	
431	1.450000e+00	-9.93799e-03	-7.39618e-04	7.396181e-04	
432	1.500000e+00	-9.93941e-03	-7.88682e-04	7.886825e-04	
433	1.550000e+00	-9.94072e-03	-8.37754e-04	8.377543e-04	
434	1.600000e+00	-9.94192e-03	-8.86833e-04	8.868334e-04	
435	1.650000e+00	-9.94304e-03	-9.35919e-04	9.359194e-04	
436	1.700000e+00	-9.94407e-03	-9.85012e-04	9.850121e-04	
437	1.750000e+00	-9.94504e-03	-1.03411e-03	1.034111e-03	
438	1.800000e+00	-9.94594e-03	-1.08322e-03	1.083217e-03	
439	1.850000e+00	-9.94679e-03	-1.13233e-03	1.132328e-03	
440	1.900000e+00	-9.94758e-03	-1.18145e-03	1.181446e-03	
441	1.950000e+00	-9.94833e-03	-1.23057e-03	1.230569e-03	
442	2.000000e+00	-9.94903e-03	-1.27970e-03	1.279697e-03	
443	2.050000e+00	-9.94970e-03	-1.32883e-03	1.328831e-03	
444	2.100000e+00	-9.95033e-03	-1.37797e-03	1.377970e-03	
445	2.150000e+00	-9.95094e-03	-1.42711e-03	1.427114e-03	
446	2.200000e+00	-9.95151e-03	-1.47626e-03	1.476263e-03	
447	2.250000e+00	-9.95205e-03	-1.52542e-03	1.525417e-03	
448	2.300000e+00	-9.95257e-03	-1.57458e-03	1.574576e-03	
449	2.350000e+00	-9.95306e-03	-1.62374e-03	1.623739e-03	
450	2.400000e+00	-9.95353e-03	-1.67291e-03	1.672906e-03	
451	2.450000e+00	-9.95399e-03	-1.72208e-03	1.722078e-03	
452	2.500000e+00	-9.95442e-03	-1.77125e-03	1.771253e-03	
453	2.550000e+00	-9.95484e-03	-1.82043e-03	1.820433e-03	
454	2.600000e+00	-9.95523e-03	-1.86962e-03	1.869617e-03	
455	2.650000e+00	-9.95562e-03	-1.91880e-03	1.918805e-03	
456	2.700000e+00	-9.95598e-03	-1.96800e-03	1.967996e-03	
457	2.750000e+00	-9.95634e-03	-2.01719e-03	2.017192e-03	
458	2.800000e+00	-9.95668e-03	-2.06639e-03	2.066390e-03	
459	2.850000e+00	-9.95701e-03	-2.11559e-03	2.115593e-03	
460	2.900000e+00	-9.95733e-03	-2.16480e-03	2.164798e-03	

Index   v-sweep         v1#branch       v2#branch       v_u_ic1#branch  
--------------------------------------------------------------------------------
461	2.950000e+00	-9.95763e-03	-2.21401e-03	2.214007e-03	
462	3.000000e+00	-9.95793e-03	-2.26322e-03	2.263220e-03	
463	3.050000e+00	-9.95821e-03	-2.31244e-03	2.312435e-03	
464	3.100000e+00	-9.95849e-03	-2.36165e-03	2.361654e-03	
465	3.150000e+00	-9.95876e-03	-2.41088e-03	2.410876e-03	
466	3.200000e+00	-9.95901e-03	-2.46010e-03	2.460100e-03	
467	3.250000e+00	-9.95926e-03	-2.50933e-03	2.509328e-03	
468	3.300000e+00	-9.95951e-03	-2.55856e-03	2.558558e-03	
469	3.350000e+00	-9.95974e-03	-2.60779e-03	2.607792e-03	
470	3.400000e+00	-9.95997e-03	-2.65703e-03	2.657028e-03	
471	3.450000e+00	-9.96019e-03	-2.70627e-03	2.706267e-03	
472	3.500000e+00	-9.96041e-03	-2.75551e-03	2.755508e-03	
473	3.550000e+00	-9.96062e-03	-2.80475e-03	2.804752e-03	
474	3.600000e+00	-9.96082e-03	-2.85400e-03	2.853999e-03	
475	3.650000e+00	-9.96102e-03	-2.90325e-03	2.903248e-03	
476	3.700000e+00	-9.96121e-03	-2.95250e-03	2.952499e-03	
477	3.750000e+00	-9.96140e-03	-3.00175e-03	3.001753e-03	
478	3.800000e+00	-9.96158e-03	-3.05101e-03	3.051010e-03	
479	3.850000e+00	-9.96175e-03	-3.10027e-03	3.100268e-03	
480	3.900000e+00	-9.96193e-03	-3.14953e-03	3.149529e-03	
481	3.950000e+00	-9.96210e-03	-3.19879e-03	3.198792e-03	
482	4.000000e+00	-9.96226e-03	-3.24806e-03	3.248057e-03	
483	4.050000e+00	-9.96242e-03	-3.29732e-03	3.297324e-03	
484	4.100000e+00	-9.96257e-03	-3.34659e-03	3.346594e-03	
485	4.150000e+00	-9.96273e-03	-3.39587e-03	3.395865e-03	
486	4.200000e+00	-9.96287e-03	-3.44514e-03	3.445139e-03	
487	4.250000e+00	-9.96302e-03	-3.49441e-03	3.494415e-03	
488	4.300000e+00	-9.96316e-03	-3.54369e-03	3.543692e-03	
489	4.350000e+00	-9.96330e-03	-3.59297e-03	3.592971e-03	
490	4.400000e+00	-9.96343e-03	-3.64225e-03	3.642253e-03	
491	4.450000e+00	-9.96357e-03	-3.69154e-03	3.691536e-03	
492	4.500000e+00	-9.96369e-03	-3.74082e-03	3.740821e-03	
493	4.550000e+00	-9.96382e-03	-3.79011e-03	3.790108e-03	
494	4.600000e+00	-9.96394e-03	-3.83940e-03	3.839396e-03	
495	4.650000e+00	-9.96406e-03	-3.88869e-03	3.888687e-03	
496	4.700000e+00	-9.96418e-03	-3.93798e-03	3.937979e-03	
497	4.750000e+00	-9.96430e-03	-3.98727e-03	3.987272e-03	
498	4.800000e+00	-9.96441e-03	-4.03657e-03	4.036568e-03	
499	4.850000e+00	-9.96452e-03	-4.08586e-03	4.085865e-03	
500	4.900000e+00	-9.96463e-03	-4.13516e-03	4.135163e-03	
501	4.950000e+00	-9.96473e-03	-4.18446e-03	4.184463e-03	
502	5.000000e+00	-9.96484e-03	-4.23377e-03	4.233765e-03	
503	5.050000e+00	-9.96494e-03	-4.28307e-03	4.283068e-03	
504	5.100000e+00	-9.96504e-03	-4.33237e-03	4.332373e-03	
505	5.150000e+00	-9.96514e-03	-4.38168e-03	4.381680e-03	
506	5.200000e+00	-9.96523e-03	-4.43099e-03	4.430987e-03	
507	5.250000e+00	-9.96533e-03	-4.48030e-03	4.480296e-03	
508	5.300000e+00	-9.96542e-03	-4.52961e-03	4.529607e-03	
509	5.350000e+00	-9.96551e-03	-4.57892e-03	4.578919e-03	
510	5.400000e+00	-9.96560e-03	-4.62823e-03	4.628232e-03	
511	5.450000e+00	-9.96568e-03	-4.67755e-03	4.677547e-03	
512	5.500000e+00	-9.96577e-03	-4.72686e-03	4.726863e-03	
513	5.550000e+00	-9.96585e-03	-4.77618e-03	4.776181e-03	
514	5.600000e+00	-9.96594e-03	-4.82550e-03	4.825499e-03	
515	5.650000e+00	-9.96602e-03	-4.87482e-03	4.874819e-03	
516	5.700000e+00	-9.96610e-03	-4.92414e-03	4.924140e-03	
517	5.750000e+00	-9.96617e-03	-4.97346e-03	4.973463e-03	
518	5.800000e+00	-9.96625e-03	-5.02279e-03	5.022787e-03	

Index   v-sweep         v1#branch       v2#branch       v_u_ic1#branch  
--------------------------------------------------------------------------------
519	5.850000e+00	-9.96633e-03	-5.07211e-03	5.072112e-03	
520	5.900000e+00	-9.96640e-03	-5.12144e-03	5.121438e-03	
521	5.950000e+00	-9.96647e-03	-5.17076e-03	5.170765e-03	
522	6.000000e+00	-9.96654e-03	-5.22009e-03	5.220093e-03	
523	6.050000e+00	-9.96661e-03	-5.26942e-03	5.269423e-03	
524	6.100000e+00	-9.96668e-03	-5.31875e-03	5.318754e-03	
525	6.150000e+00	-9.96675e-03	-5.36809e-03	5.368086e-03	
526	6.200000e+00	-9.96682e-03	-5.41742e-03	5.417419e-03	
527	6.250000e+00	-9.96688e-03	-5.46675e-03	5.466753e-03	
528	6.300000e+00	-9.96695e-03	-5.51609e-03	5.516088e-03	
529	6.350000e+00	-9.96701e-03	-5.56542e-03	5.565424e-03	
530	6.400000e+00	-9.96707e-03	-5.61476e-03	5.614761e-03	
531	6.450000e+00	-9.96713e-03	-5.66410e-03	5.664100e-03	
532	6.500000e+00	-9.96719e-03	-5.71344e-03	5.713439e-03	
533	6.550000e+00	-9.96725e-03	-5.76278e-03	5.762779e-03	
534	6.600000e+00	-9.96731e-03	-5.81212e-03	5.812121e-03	
535	6.650000e+00	-9.96737e-03	-5.86146e-03	5.861463e-03	
536	6.700000e+00	-9.96743e-03	-5.91081e-03	5.910807e-03	
537	6.750000e+00	-9.96748e-03	-5.96015e-03	5.960151e-03	
538	6.800000e+00	-9.96754e-03	-6.00950e-03	6.009496e-03	
539	6.850000e+00	-9.96759e-03	-6.05884e-03	6.058842e-03	
540	6.900000e+00	-9.96764e-03	-6.10819e-03	6.108189e-03	
541	6.950000e+00	-9.96770e-03	-6.15754e-03	6.157537e-03	
542	7.000000e+00	-9.96775e-03	-6.20689e-03	6.206886e-03	
543	7.050000e+00	-9.96780e-03	-6.25624e-03	6.256236e-03	
544	7.100000e+00	-9.96785e-03	-6.30559e-03	6.305587e-03	
545	7.150000e+00	-9.96790e-03	-6.35494e-03	6.354938e-03	
546	7.200000e+00	-9.96795e-03	-6.40429e-03	6.404291e-03	
547	7.250000e+00	-9.96799e-03	-6.45364e-03	6.453644e-03	
548	7.300000e+00	-9.96804e-03	-6.50300e-03	6.502998e-03	
549	7.350000e+00	-9.96809e-03	-6.55235e-03	6.552353e-03	
550	7.400000e+00	-9.96813e-03	-6.60171e-03	6.601709e-03	
551	7.450000e+00	-9.96818e-03	-6.65107e-03	6.651066e-03	
552	7.500000e+00	-9.96822e-03	-6.70042e-03	6.700423e-03	
553	7.550000e+00	-9.96827e-03	-6.74978e-03	6.749781e-03	
554	7.600000e+00	-9.96831e-03	-6.79914e-03	6.799140e-03	
555	7.650000e+00	-9.96835e-03	-6.84850e-03	6.848500e-03	
556	7.700000e+00	-9.96840e-03	-6.89786e-03	6.897861e-03	
557	7.750000e+00	-9.96844e-03	-6.94722e-03	6.947222e-03	
558	7.800000e+00	-9.96848e-03	-6.99658e-03	6.996584e-03	
559	7.850000e+00	-9.96852e-03	-7.04595e-03	7.045947e-03	
560	7.900000e+00	-9.96856e-03	-7.09531e-03	7.095311e-03	
561	7.950000e+00	-9.96860e-03	-7.14468e-03	7.144675e-03	
562	8.000000e+00	-9.96864e-03	-7.19404e-03	7.194040e-03	
563	8.050000e+00	-9.96868e-03	-7.24341e-03	7.243406e-03	
564	8.100000e+00	-9.96871e-03	-7.29277e-03	7.292772e-03	
565	8.150000e+00	-9.96875e-03	-7.34214e-03	7.342140e-03	
566	8.200000e+00	-9.96879e-03	-7.39151e-03	7.391507e-03	
567	8.250000e+00	-9.96882e-03	-7.44088e-03	7.440876e-03	
568	8.300000e+00	-9.96886e-03	-7.49025e-03	7.490245e-03	
569	8.350000e+00	-9.96890e-03	-7.53962e-03	7.539615e-03	
570	8.400000e+00	-9.96893e-03	-7.58899e-03	7.588986e-03	
571	8.450000e+00	-9.96896e-03	-7.63836e-03	7.638357e-03	
572	8.500000e+00	-9.96900e-03	-7.68773e-03	7.687729e-03	
573	8.550000e+00	-9.96903e-03	-7.73710e-03	7.737102e-03	
574	8.600000e+00	-9.96907e-03	-7.78647e-03	7.786475e-03	
575	8.650000e+00	-9.96910e-03	-7.83585e-03	7.835849e-03	
576	8.700000e+00	-9.96913e-03	-7.88522e-03	7.885223e-03	

Index   v-sweep         v1#branch       v2#branch       v_u_ic1#branch  
--------------------------------------------------------------------------------
577	8.750000e+00	-9.96916e-03	-7.93460e-03	7.934598e-03	
578	8.800000e+00	-9.96919e-03	-7.98397e-03	7.983974e-03	
579	8.850000e+00	-9.96923e-03	-8.03335e-03	8.033350e-03	
580	8.900000e+00	-9.96926e-03	-8.08273e-03	8.082727e-03	
581	8.950000e+00	-9.96929e-03	-8.13210e-03	8.132105e-03	
582	9.000000e+00	-9.96932e-03	-8.18148e-03	8.181483e-03	
583	9.050000e+00	-9.96935e-03	-8.23086e-03	8.230862e-03	
584	9.100000e+00	-9.96938e-03	-8.28024e-03	8.280241e-03	
585	9.150000e+00	-9.96940e-03	-8.32962e-03	8.329621e-03	
586	9.200000e+00	-9.96943e-03	-8.37900e-03	8.379001e-03	
587	9.250000e+00	-9.96946e-03	-8.42838e-03	8.428382e-03	
588	9.300000e+00	-9.96949e-03	-8.47776e-03	8.477764e-03	
589	9.350000e+00	-9.96952e-03	-8.52715e-03	8.527146e-03	
590	9.400000e+00	-9.96954e-03	-8.57653e-03	8.576529e-03	
591	9.450000e+00	-9.96957e-03	-8.62591e-03	8.625912e-03	
592	9.500000e+00	-9.96960e-03	-8.67530e-03	8.675296e-03	
593	9.550000e+00	-9.96962e-03	-8.72468e-03	8.724680e-03	
594	9.600000e+00	-9.96965e-03	-8.77406e-03	8.774065e-03	
595	9.650000e+00	-9.96967e-03	-8.82345e-03	8.823450e-03	
596	9.700000e+00	-9.96970e-03	-8.87284e-03	8.872836e-03	
597	9.750000e+00	-9.96973e-03	-8.92222e-03	8.922222e-03	
598	9.800000e+00	-9.96975e-03	-8.97161e-03	8.971609e-03	
599	9.850000e+00	-9.96977e-03	-9.02100e-03	9.020997e-03	
600	9.900000e+00	-9.96980e-03	-9.07038e-03	9.070385e-03	
601	9.950000e+00	-9.96982e-03	-9.11977e-03	9.119773e-03	
602	1.000000e+01	-9.96985e-03	-9.16916e-03	9.169162e-03	
603	0.000000e+00	-1.50304e-11	1.500587e-11	-1.50059e-11	
604	5.000000e-02	-1.50282e-11	1.482535e-11	-1.48254e-11	
605	1.000000e-01	-1.60854e-11	1.436231e-11	-1.43623e-11	
606	1.500000e-01	-2.29994e-11	1.306581e-11	-1.30658e-11	
607	2.000000e-01	-7.10598e-11	8.108950e-12	-8.10895e-12	
608	2.500000e-01	-4.03357e-10	-1.25477e-11	1.254770e-11	
609	3.000000e-01	-2.69917e-09	-1.02558e-10	1.025577e-10	
610	3.500000e-01	-1.85587e-08	-5.12172e-10	5.121721e-10	
611	4.000000e-01	-1.28107e-07	-2.47903e-09	2.479027e-09	
612	4.500000e-01	-8.84526e-07	-1.25471e-08	1.254710e-08	
613	5.000000e-01	-6.09667e-06	-6.76479e-08	6.764790e-08	
614	5.500000e-01	-4.15740e-05	-3.85686e-07	3.856861e-07	
615	6.000000e-01	-2.66759e-04	-2.19989e-06	2.199887e-06	
616	6.500000e-01	-1.32354e-03	-1.03081e-05	1.030806e-05	
617	7.000000e-01	-3.95292e-03	-3.07990e-05	3.079903e-05	
618	7.500000e-01	-7.67661e-03	-6.19472e-05	6.194717e-05	
619	8.000000e-01	-1.16943e-02	-9.91678e-05	9.916777e-05	
620	8.500000e-01	-1.48181e-02	-1.41289e-04	1.412886e-04	
621	9.000000e-01	-1.48630e-02	-1.90324e-04	1.903245e-04	
622	9.500000e-01	-1.48782e-02	-2.39427e-04	2.394266e-04	
623	1.000000e+00	-1.48875e-02	-2.88546e-04	2.885463e-04	
624	1.050000e+00	-1.48942e-02	-3.37677e-04	3.376766e-04	
625	1.100000e+00	-1.48994e-02	-3.86815e-04	3.868149e-04	
626	1.150000e+00	-1.49036e-02	-4.35960e-04	4.359601e-04	
627	1.200000e+00	-1.49071e-02	-4.85111e-04	4.851114e-04	
628	1.250000e+00	-1.49101e-02	-5.34268e-04	5.342682e-04	
629	1.300000e+00	-1.49127e-02	-5.83430e-04	5.834302e-04	
630	1.350000e+00	-1.49150e-02	-6.32597e-04	6.325972e-04	
631	1.400000e+00	-1.49171e-02	-6.81769e-04	6.817688e-04	
632	1.450000e+00	-1.49190e-02	-7.30945e-04	7.309449e-04	
633	1.500000e+00	-1.49207e-02	-7.80125e-04	7.801254e-04	
634	1.550000e+00	-1.49223e-02	-8.29310e-04	8.293100e-04	

Index   v-sweep         v1#branch       v2#branch       v_u_ic1#branch  
--------------------------------------------------------------------------------
635	1.600000e+00	-1.49237e-02	-8.78499e-04	8.784987e-04	
636	1.650000e+00	-1.49250e-02	-9.27691e-04	9.276913e-04	
637	1.700000e+00	-1.49263e-02	-9.76888e-04	9.768876e-04	
638	1.750000e+00	-1.49274e-02	-1.02609e-03	1.026088e-03	
639	1.800000e+00	-1.49285e-02	-1.07529e-03	1.075291e-03	
640	1.850000e+00	-1.49295e-02	-1.12450e-03	1.124498e-03	
641	1.900000e+00	-1.49305e-02	-1.17371e-03	1.173709e-03	
642	1.950000e+00	-1.49314e-02	-1.22292e-03	1.222923e-03	
643	2.000000e+00	-1.49322e-02	-1.27214e-03	1.272140e-03	
644	2.050000e+00	-1.49330e-02	-1.32136e-03	1.321360e-03	
645	2.100000e+00	-1.49338e-02	-1.37058e-03	1.370584e-03	
646	2.150000e+00	-1.49345e-02	-1.41981e-03	1.419810e-03	
647	2.200000e+00	-1.49352e-02	-1.46904e-03	1.469039e-03	
648	2.250000e+00	-1.49359e-02	-1.51827e-03	1.518271e-03	
649	2.300000e+00	-1.49365e-02	-1.56751e-03	1.567506e-03	
650	2.350000e+00	-1.49371e-02	-1.61674e-03	1.616744e-03	
651	2.400000e+00	-1.49377e-02	-1.66598e-03	1.665985e-03	
652	2.450000e+00	-1.49382e-02	-1.71523e-03	1.715228e-03	
653	2.500000e+00	-1.49388e-02	-1.76447e-03	1.764473e-03	
654	2.550000e+00	-1.49393e-02	-1.81372e-03	1.813722e-03	
655	2.600000e+00	-1.49398e-02	-1.86297e-03	1.862972e-03	
656	2.650000e+00	-1.49402e-02	-1.91223e-03	1.912226e-03	
657	2.700000e+00	-1.49407e-02	-1.96148e-03	1.961481e-03	
658	2.750000e+00	-1.49411e-02	-2.01074e-03	2.010739e-03	
659	2.800000e+00	-1.49415e-02	-2.06000e-03	2.059999e-03	
660	2.850000e+00	-1.49419e-02	-2.10926e-03	2.109262e-03	
661	2.900000e+00	-1.49423e-02	-2.15853e-03	2.158526e-03	
662	2.950000e+00	-1.49427e-02	-2.20779e-03	2.207793e-03	
663	3.000000e+00	-1.49431e-02	-2.25706e-03	2.257062e-03	
664	3.050000e+00	-1.49434e-02	-2.30633e-03	2.306333e-03	
665	3.100000e+00	-1.49438e-02	-2.35561e-03	2.355606e-03	
666	3.150000e+00	-1.49441e-02	-2.40488e-03	2.404881e-03	
667	3.200000e+00	-1.49444e-02	-2.45416e-03	2.454158e-03	
668	3.250000e+00	-1.49448e-02	-2.50344e-03	2.503437e-03	
669	3.300000e+00	-1.49451e-02	-2.55272e-03	2.552718e-03	
670	3.350000e+00	-1.49454e-02	-2.60200e-03	2.602001e-03	
671	3.400000e+00	-1.49456e-02	-2.65129e-03	2.651285e-03	
672	3.450000e+00	-1.49459e-02	-2.70057e-03	2.700572e-03	
673	3.500000e+00	-1.49462e-02	-2.74986e-03	2.749860e-03	
674	3.550000e+00	-1.49465e-02	-2.79915e-03	2.799150e-03	
675	3.600000e+00	-1.49467e-02	-2.84844e-03	2.848442e-03	
676	3.650000e+00	-1.49470e-02	-2.89774e-03	2.897735e-03	
677	3.700000e+00	-1.49472e-02	-2.94703e-03	2.947030e-03	
678	3.750000e+00	-1.49475e-02	-2.99633e-03	2.996327e-03	
679	3.800000e+00	-1.49477e-02	-3.04563e-03	3.045625e-03	
680	3.850000e+00	-1.49479e-02	-3.09493e-03	3.094925e-03	
681	3.900000e+00	-1.49481e-02	-3.14423e-03	3.144227e-03	
682	3.950000e+00	-1.49484e-02	-3.19353e-03	3.193530e-03	
683	4.000000e+00	-1.49486e-02	-3.24283e-03	3.242835e-03	
684	4.050000e+00	-1.49488e-02	-3.29214e-03	3.292141e-03	
685	4.100000e+00	-1.49490e-02	-3.34145e-03	3.341448e-03	
686	4.150000e+00	-1.49492e-02	-3.39076e-03	3.390757e-03	
687	4.200000e+00	-1.49494e-02	-3.44007e-03	3.440068e-03	
688	4.250000e+00	-1.49495e-02	-3.48938e-03	3.489380e-03	
689	4.300000e+00	-1.49497e-02	-3.53869e-03	3.538693e-03	
690	4.350000e+00	-1.49499e-02	-3.58801e-03	3.588007e-03	
691	4.400000e+00	-1.49501e-02	-3.63732e-03	3.637323e-03	
692	4.450000e+00	-1.49503e-02	-3.68664e-03	3.686641e-03	

Index   v-sweep         v1#branch       v2#branch       v_u_ic1#branch  
--------------------------------------------------------------------------------
693	4.500000e+00	-1.49504e-02	-3.73596e-03	3.735959e-03	
694	4.550000e+00	-1.49506e-02	-3.78528e-03	3.785279e-03	
695	4.600000e+00	-1.49507e-02	-3.83460e-03	3.834600e-03	
696	4.650000e+00	-1.49509e-02	-3.88392e-03	3.883923e-03	
697	4.700000e+00	-1.49511e-02	-3.93325e-03	3.933246e-03	
698	4.750000e+00	-1.49512e-02	-3.98257e-03	3.982571e-03	
699	4.800000e+00	-1.49514e-02	-4.03190e-03	4.031897e-03	
700	4.850000e+00	-1.49515e-02	-4.08122e-03	4.081224e-03	
701	4.900000e+00	-1.49516e-02	-4.13055e-03	4.130553e-03	
702	4.950000e+00	-1.49518e-02	-4.17988e-03	4.179882e-03	
703	5.000000e+00	-1.49519e-02	-4.22921e-03	4.229213e-03	
704	5.050000e+00	-1.49521e-02	-4.27855e-03	4.278545e-03	
705	5.100000e+00	-1.49522e-02	-4.32788e-03	4.327878e-03	
706	5.150000e+00	-1.49523e-02	-4.37721e-03	4.377212e-03	
707	5.200000e+00	-1.49524e-02	-4.42655e-03	4.426547e-03	
708	5.250000e+00	-1.49526e-02	-4.47588e-03	4.475883e-03	
709	5.300000e+00	-1.49527e-02	-4.52522e-03	4.525221e-03	
710	5.350000e+00	-1.49528e-02	-4.57456e-03	4.574559e-03	
711	5.400000e+00	-1.49529e-02	-4.62390e-03	4.623898e-03	
712	5.450000e+00	-1.49530e-02	-4.67324e-03	4.673239e-03	
713	5.500000e+00	-1.49532e-02	-4.72258e-03	4.722580e-03	
714	5.550000e+00	-1.49533e-02	-4.77192e-03	4.771923e-03	
715	5.600000e+00	-1.49534e-02	-4.82127e-03	4.821266e-03	
716	5.650000e+00	-1.49535e-02	-4.87061e-03	4.870610e-03	
717	5.700000e+00	-1.49536e-02	-4.91996e-03	4.919955e-03	
718	5.750000e+00	-1.49537e-02	-4.96930e-03	4.969302e-03	
719	5.800000e+00	-1.49538e-02	-5.01865e-03	5.018649e-03	
720	5.850000e+00	-1.49539e-02	-5.06800e-03	5.067997e-03	
721	5.900000e+00	-1.49540e-02	-5.11735e-03	5.117346e-03	
722	5.950000e+00	-1.49541e-02	-5.16670e-03	5.166696e-03	
723	6.000000e+00	-1.49542e-02	-5.21605e-03	5.216046e-03	
724	6.050000e+00	-1.49543e-02	-5.26540e-03	5.265398e-03	
725	6.100000e+00	-1.49544e-02	-5.31475e-03	5.314751e-03	
726	6.150000e+00	-1.49545e-02	-5.36410e-03	5.364104e-03	
727	6.200000e+00	-1.49546e-02	-5.41346e-03	5.413458e-03	
728	6.250000e+00	-1.49547e-02	-5.46281e-03	5.462813e-03	
729	6.300000e+00	-1.49547e-02	-5.51217e-03	5.512169e-03	
730	6.350000e+00	-1.49548e-02	-5.56153e-03	5.561526e-03	
731	6.400000e+00	-1.49549e-02	-5.61088e-03	5.610883e-03	
732	6.450000e+00	-1.49550e-02	-5.66024e-03	5.660242e-03	
733	6.500000e+00	-1.49551e-02	-5.70960e-03	5.709601e-03	
734	6.550000e+00	-1.49552e-02	-5.75896e-03	5.758961e-03	
735	6.600000e+00	-1.49552e-02	-5.80832e-03	5.808321e-03	
736	6.650000e+00	-1.49553e-02	-5.85768e-03	5.857683e-03	
737	6.700000e+00	-1.49554e-02	-5.90704e-03	5.907045e-03	
738	6.750000e+00	-1.49555e-02	-5.95641e-03	5.956408e-03	
739	6.800000e+00	-1.49556e-02	-6.00577e-03	6.005772e-03	
740	6.850000e+00	-1.49556e-02	-6.05514e-03	6.055136e-03	
741	6.900000e+00	-1.49557e-02	-6.10450e-03	6.104501e-03	
742	6.950000e+00	-1.49558e-02	-6.15387e-03	6.153867e-03	
743	7.000000e+00	-1.49558e-02	-6.20323e-03	6.203234e-03	
744	7.050000e+00	-1.49559e-02	-6.25260e-03	6.252601e-03	
745	7.100000e+00	-1.49560e-02	-6.30197e-03	6.301969e-03	
746	7.150000e+00	-1.49561e-02	-6.35134e-03	6.351338e-03	
747	7.200000e+00	-1.49561e-02	-6.40071e-03	6.400707e-03	
748	7.250000e+00	-1.49562e-02	-6.45008e-03	6.450077e-03	
749	7.300000e+00	-1.49563e-02	-6.49945e-03	6.499448e-03	
750	7.350000e+00	-1.49563e-02	-6.54882e-03	6.548819e-03	

Index   v-sweep         v1#branch       v2#branch       v_u_ic1#branch  
--------------------------------------------------------------------------------
751	7.400000e+00	-1.49564e-02	-6.59819e-03	6.598191e-03	
752	7.450000e+00	-1.49564e-02	-6.64756e-03	6.647564e-03	
753	7.500000e+00	-1.49565e-02	-6.69694e-03	6.696937e-03	
754	7.550000e+00	-1.49566e-02	-6.74631e-03	6.746311e-03	
755	7.600000e+00	-1.49566e-02	-6.79569e-03	6.795686e-03	
756	7.650000e+00	-1.49567e-02	-6.84506e-03	6.845061e-03	
757	7.700000e+00	-1.49567e-02	-6.89444e-03	6.894437e-03	
758	7.750000e+00	-1.49568e-02	-6.94381e-03	6.943813e-03	
759	7.800000e+00	-1.49569e-02	-6.99319e-03	6.993190e-03	
760	7.850000e+00	-1.49569e-02	-7.04257e-03	7.042568e-03	
761	7.900000e+00	-1.49570e-02	-7.09195e-03	7.091946e-03	
762	7.950000e+00	-1.49570e-02	-7.14133e-03	7.141325e-03	
763	8.000000e+00	-1.49571e-02	-7.19070e-03	7.190705e-03	
764	8.050000e+00	-1.49571e-02	-7.24008e-03	7.240085e-03	
765	8.100000e+00	-1.49572e-02	-7.28947e-03	7.289465e-03	
766	8.150000e+00	-1.49572e-02	-7.33885e-03	7.338846e-03	
767	8.200000e+00	-1.49573e-02	-7.38823e-03	7.388228e-03	
768	8.250000e+00	-1.49573e-02	-7.43761e-03	7.437610e-03	
769	8.300000e+00	-1.49574e-02	-7.48699e-03	7.486993e-03	
770	8.350000e+00	-1.49574e-02	-7.53638e-03	7.536376e-03	
771	8.400000e+00	-1.49575e-02	-7.58576e-03	7.585760e-03	
772	8.450000e+00	-1.49575e-02	-7.63514e-03	7.635145e-03	
773	8.500000e+00	-1.49576e-02	-7.68453e-03	7.684530e-03	
774	8.550000e+00	-1.49576e-02	-7.73392e-03	7.733915e-03	
775	8.600000e+00	-1.49577e-02	-7.78330e-03	7.783301e-03	
776	8.650000e+00	-1.49577e-02	-7.83269e-03	7.832688e-03	
777	8.700000e+00	-1.49578e-02	-7.88207e-03	7.882075e-03	
778	8.750000e+00	-1.49578e-02	-7.93146e-03	7.931462e-03	
779	8.800000e+00	-1.49579e-02	-7.98085e-03	7.980851e-03	
780	8.850000e+00	-1.49579e-02	-8.03024e-03	8.030239e-03	
781	8.900000e+00	-1.49580e-02	-8.07963e-03	8.079628e-03	
782	8.950000e+00	-1.49580e-02	-8.12902e-03	8.129018e-03	
783	9.000000e+00	-1.49580e-02	-8.17841e-03	8.178408e-03	
784	9.050000e+00	-1.49581e-02	-8.22780e-03	8.227798e-03	
785	9.100000e+00	-1.49581e-02	-8.27719e-03	8.277189e-03	
786	9.150000e+00	-1.49582e-02	-8.32658e-03	8.326581e-03	
787	9.200000e+00	-1.49582e-02	-8.37597e-03	8.375973e-03	
788	9.250000e+00	-1.49583e-02	-8.42537e-03	8.425365e-03	
789	9.300000e+00	-1.49583e-02	-8.47476e-03	8.474758e-03	
790	9.350000e+00	-1.49583e-02	-8.52415e-03	8.524151e-03	
791	9.400000e+00	-1.49584e-02	-8.57355e-03	8.573545e-03	
792	9.450000e+00	-1.49584e-02	-8.62294e-03	8.622939e-03	
793	9.500000e+00	-1.49585e-02	-8.67233e-03	8.672334e-03	
794	9.550000e+00	-1.49585e-02	-8.72173e-03	8.721729e-03	
795	9.600000e+00	-1.49585e-02	-8.77112e-03	8.771125e-03	
796	9.650000e+00	-1.49586e-02	-8.82052e-03	8.820521e-03	
797	9.700000e+00	-1.49586e-02	-8.86992e-03	8.869917e-03	
798	9.750000e+00	-1.49586e-02	-8.91931e-03	8.919314e-03	
799	9.800000e+00	-1.49587e-02	-8.96871e-03	8.968712e-03	
800	9.850000e+00	-1.49587e-02	-9.01811e-03	9.018109e-03	
801	9.900000e+00	-1.49587e-02	-9.06751e-03	9.067507e-03	
802	9.950000e+00	-1.49588e-02	-9.11691e-03	9.116906e-03	
803	1.000000e+01	-1.49588e-02	-9.16631e-03	9.166305e-03	
804	0.000000e+00	-2.00315e-11	2.000587e-11	-2.00059e-11	
805	5.000000e-02	-2.00313e-11	1.982535e-11	-1.98254e-11	
806	1.000000e-01	-2.11370e-11	1.936231e-11	-1.93623e-11	
807	1.500000e-01	-2.83541e-11	1.806581e-11	-1.80658e-11	
808	2.000000e-01	-7.85100e-11	1.310895e-11	-1.31089e-11	

Index   v-sweep         v1#branch       v2#branch       v_u_ic1#branch  
--------------------------------------------------------------------------------
809	2.500000e-01	-4.25290e-10	-7.54771e-12	7.547706e-12	
810	3.000000e-01	-2.82119e-09	-9.75578e-11	9.755776e-11	
811	3.500000e-01	-1.93724e-08	-5.07172e-10	5.071722e-10	
812	4.000000e-01	-1.33701e-07	-2.47403e-09	2.474028e-09	
813	4.500000e-01	-9.23139e-07	-1.25421e-08	1.254210e-08	
814	5.000000e-01	-6.36291e-06	-6.76429e-08	6.764291e-08	
815	5.500000e-01	-4.33903e-05	-3.85681e-07	3.856812e-07	
816	6.000000e-01	-2.78418e-04	-2.19988e-06	2.199883e-06	
817	6.500000e-01	-1.38141e-03	-1.03081e-05	1.030805e-05	
818	7.000000e-01	-4.12579e-03	-3.07990e-05	3.079903e-05	
819	7.500000e-01	-8.01238e-03	-6.19472e-05	6.194717e-05	
820	8.000000e-01	-1.22058e-02	-9.91678e-05	9.916777e-05	
821	8.500000e-01	-1.62876e-02	-1.39720e-04	1.397203e-04	
822	9.000000e-01	-1.97808e-02	-1.82823e-04	1.828229e-04	
823	9.500000e-01	-1.98443e-02	-2.31940e-04	2.319398e-04	
824	1.000000e+00	-1.98610e-02	-2.81136e-04	2.811362e-04	
825	1.050000e+00	-1.98708e-02	-3.30347e-04	3.303469e-04	
826	1.100000e+00	-1.98778e-02	-3.79565e-04	3.795653e-04	
827	1.150000e+00	-1.98832e-02	-4.28789e-04	4.287891e-04	
828	1.200000e+00	-1.98876e-02	-4.78017e-04	4.780175e-04	
829	1.250000e+00	-1.98912e-02	-5.27250e-04	5.272498e-04	
830	1.300000e+00	-1.98944e-02	-5.76486e-04	5.764856e-04	
831	1.350000e+00	-1.98971e-02	-6.25725e-04	6.257247e-04	
832	1.400000e+00	-1.98996e-02	-6.74967e-04	6.749669e-04	
833	1.450000e+00	-1.99017e-02	-7.24212e-04	7.242121e-04	
834	1.500000e+00	-1.99037e-02	-7.73460e-04	7.734600e-04	
835	1.550000e+00	-1.99055e-02	-8.22711e-04	8.227107e-04	
836	1.600000e+00	-1.99072e-02	-8.71964e-04	8.719640e-04	
837	1.650000e+00	-1.99087e-02	-9.21220e-04	9.212199e-04	
838	1.700000e+00	-1.99101e-02	-9.70478e-04	9.704782e-04	
839	1.750000e+00	-1.99114e-02	-1.01974e-03	1.019739e-03	
840	1.800000e+00	-1.99126e-02	-1.06900e-03	1.069002e-03	
841	1.850000e+00	-1.99138e-02	-1.11827e-03	1.118267e-03	
842	1.900000e+00	-1.99149e-02	-1.16754e-03	1.167535e-03	
843	1.950000e+00	-1.99159e-02	-1.21680e-03	1.216805e-03	
844	2.000000e+00	-1.99169e-02	-1.26608e-03	1.266077e-03	
845	2.050000e+00	-1.99178e-02	-1.31535e-03	1.315351e-03	
846	2.100000e+00	-1.99186e-02	-1.36463e-03	1.364627e-03	
847	2.150000e+00	-1.99195e-02	-1.41390e-03	1.413905e-03	
848	2.200000e+00	-1.99202e-02	-1.46318e-03	1.463185e-03	
849	2.250000e+00	-1.99210e-02	-1.51247e-03	1.512467e-03	
850	2.300000e+00	-1.99217e-02	-1.56175e-03	1.561751e-03	
851	2.350000e+00	-1.99224e-02	-1.61104e-03	1.611037e-03	
852	2.400000e+00	-1.99230e-02	-1.66032e-03	1.660324e-03	
853	2.450000e+00	-1.99237e-02	-1.70961e-03	1.709614e-03	
854	2.500000e+00	-1.99243e-02	-1.75890e-03	1.758905e-03	
855	2.550000e+00	-1.99249e-02	-1.80820e-03	1.808198e-03	
856	2.600000e+00	-1.99254e-02	-1.85749e-03	1.857492e-03	
857	2.650000e+00	-1.99260e-02	-1.90679e-03	1.906788e-03	
858	2.700000e+00	-1.99265e-02	-1.95609e-03	1.956086e-03	
859	2.750000e+00	-1.99270e-02	-2.00539e-03	2.005386e-03	
860	2.800000e+00	-1.99275e-02	-2.05469e-03	2.054687e-03	
861	2.850000e+00	-1.99279e-02	-2.10399e-03	2.103990e-03	
862	2.900000e+00	-1.99284e-02	-2.15329e-03	2.153294e-03	
863	2.950000e+00	-1.99288e-02	-2.20260e-03	2.202599e-03	
864	3.000000e+00	-1.99292e-02	-2.25191e-03	2.251907e-03	
865	3.050000e+00	-1.99296e-02	-2.30122e-03	2.301215e-03	
866	3.100000e+00	-1.99300e-02	-2.35053e-03	2.350526e-03	

Index   v-sweep         v1#branch       v2#branch       v_u_ic1#branch  
--------------------------------------------------------------------------------
867	3.150000e+00	-1.99304e-02	-2.39984e-03	2.399837e-03	
868	3.200000e+00	-1.99308e-02	-2.44915e-03	2.449150e-03	
869	3.250000e+00	-1.99312e-02	-2.49846e-03	2.498464e-03	
870	3.300000e+00	-1.99315e-02	-2.54778e-03	2.547780e-03	
871	3.350000e+00	-1.99319e-02	-2.59710e-03	2.597097e-03	
872	3.400000e+00	-1.99322e-02	-2.64642e-03	2.646416e-03	
873	3.450000e+00	-1.99325e-02	-2.69574e-03	2.695735e-03	
874	3.500000e+00	-1.99328e-02	-2.74506e-03	2.745056e-03	
875	3.550000e+00	-1.99331e-02	-2.79438e-03	2.794379e-03	
876	3.600000e+00	-1.99334e-02	-2.84370e-03	2.843702e-03	
877	3.650000e+00	-1.99337e-02	-2.89303e-03	2.893027e-03	
878	3.700000e+00	-1.99340e-02	-2.94235e-03	2.942353e-03	
879	3.750000e+00	-1.99343e-02	-2.99168e-03	2.991680e-03	
880	3.800000e+00	-1.99346e-02	-3.04101e-03	3.041008e-03	
881	3.850000e+00	-1.99348e-02	-3.09034e-03	3.090338e-03	
882	3.900000e+00	-1.99351e-02	-3.13967e-03	3.139668e-03	
883	3.950000e+00	-1.99353e-02	-3.18900e-03	3.189000e-03	
884	4.000000e+00	-1.99356e-02	-3.23833e-03	3.238333e-03	
885	4.050000e+00	-1.99358e-02	-3.28767e-03	3.287667e-03	
886	4.100000e+00	-1.99361e-02	-3.33700e-03	3.337002e-03	
887	4.150000e+00	-1.99363e-02	-3.38634e-03	3.386338e-03	
888	4.200000e+00	-1.99365e-02	-3.43568e-03	3.435676e-03	
889	4.250000e+00	-1.99367e-02	-3.48501e-03	3.485014e-03	
890	4.300000e+00	-1.99369e-02	-3.53435e-03	3.534353e-03	
891	4.350000e+00	-1.99372e-02	-3.58369e-03	3.583694e-03	
892	4.400000e+00	-1.99374e-02	-3.63303e-03	3.633035e-03	
893	4.450000e+00	-1.99376e-02	-3.68238e-03	3.682377e-03	
894	4.500000e+00	-1.99378e-02	-3.73172e-03	3.731721e-03	
895	4.550000e+00	-1.99380e-02	-3.78106e-03	3.781065e-03	
896	4.600000e+00	-1.99381e-02	-3.83041e-03	3.830410e-03	
897	4.650000e+00	-1.99383e-02	-3.87976e-03	3.879756e-03	
898	4.700000e+00	-1.99385e-02	-3.92910e-03	3.929104e-03	
899	4.750000e+00	-1.99387e-02	-3.97845e-03	3.978452e-03	
900	4.800000e+00	-1.99389e-02	-4.02780e-03	4.027801e-03	
901	4.850000e+00	-1.99390e-02	-4.07715e-03	4.077151e-03	
902	4.900000e+00	-1.99392e-02	-4.12650e-03	4.126501e-03	
903	4.950000e+00	-1.99394e-02	-4.17585e-03	4.175853e-03	
904	5.000000e+00	-1.99395e-02	-4.22521e-03	4.225206e-03	
905	5.050000e+00	-1.99397e-02	-4.27456e-03	4.274559e-03	
906	5.100000e+00	-1.99399e-02	-4.32391e-03	4.323913e-03	
907	5.150000e+00	-1.99400e-02	-4.37327e-03	4.373268e-03	
908	5.200000e+00	-1.99402e-02	-4.42262e-03	4.422624e-03	
909	5.250000e+00	-1.99403e-02	-4.47198e-03	4.471981e-03	
910	5.300000e+00	-1.99405e-02	-4.52134e-03	4.521339e-03	
911	5.350000e+00	-1.99406e-02	-4.57070e-03	4.570697e-03	
912	5.400000e+00	-1.99407e-02	-4.62006e-03	4.620056e-03	
913	5.450000e+00	-1.99409e-02	-4.66942e-03	4.669416e-03	
914	5.500000e+00	-1.99410e-02	-4.71878e-03	4.718777e-03	
915	5.550000e+00	-1.99412e-02	-4.76814e-03	4.768138e-03	
916	5.600000e+00	-1.99413e-02	-4.81750e-03	4.817501e-03	
917	5.650000e+00	-1.99414e-02	-4.86686e-03	4.866864e-03	
918	5.700000e+00	-1.99416e-02	-4.91623e-03	4.916228e-03	
919	5.750000e+00	-1.99417e-02	-4.96559e-03	4.965592e-03	
920	5.800000e+00	-1.99418e-02	-5.01496e-03	5.014957e-03	
921	5.850000e+00	-1.99419e-02	-5.06432e-03	5.064323e-03	
922	5.900000e+00	-1.99420e-02	-5.11369e-03	5.113690e-03	
923	5.950000e+00	-1.99422e-02	-5.16306e-03	5.163057e-03	
924	6.000000e+00	-1.99423e-02	-5.21243e-03	5.212426e-03	

Index   v-sweep         v1#branch       v2#branch       v_u_ic1#branch  
--------------------------------------------------------------------------------
925	6.050000e+00	-1.99424e-02	-5.26179e-03	5.261794e-03	
926	6.100000e+00	-1.99425e-02	-5.31116e-03	5.311164e-03	
927	6.150000e+00	-1.99426e-02	-5.36053e-03	5.360534e-03	
928	6.200000e+00	-1.99427e-02	-5.40990e-03	5.409905e-03	
929	6.250000e+00	-1.99428e-02	-5.45928e-03	5.459276e-03	
930	6.300000e+00	-1.99429e-02	-5.50865e-03	5.508648e-03	
931	6.350000e+00	-1.99430e-02	-5.55802e-03	5.558021e-03	
932	6.400000e+00	-1.99431e-02	-5.60739e-03	5.607395e-03	
933	6.450000e+00	-1.99433e-02	-5.65677e-03	5.656769e-03	
934	6.500000e+00	-1.99434e-02	-5.70614e-03	5.706143e-03	
935	6.550000e+00	-1.99435e-02	-5.75552e-03	5.755519e-03	
936	6.600000e+00	-1.99435e-02	-5.80489e-03	5.804895e-03	
937	6.650000e+00	-1.99436e-02	-5.85427e-03	5.854271e-03	
938	6.700000e+00	-1.99437e-02	-5.90365e-03	5.903649e-03	
939	6.750000e+00	-1.99438e-02	-5.95303e-03	5.953026e-03	
940	6.800000e+00	-1.99439e-02	-6.00240e-03	6.002405e-03	
941	6.850000e+00	-1.99440e-02	-6.05178e-03	6.051784e-03	
942	6.900000e+00	-1.99441e-02	-6.10116e-03	6.101163e-03	
943	6.950000e+00	-1.99442e-02	-6.15054e-03	6.150543e-03	
944	7.000000e+00	-1.99443e-02	-6.19992e-03	6.199924e-03	
945	7.050000e+00	-1.99444e-02	-6.24931e-03	6.249305e-03	
946	7.100000e+00	-1.99445e-02	-6.29869e-03	6.298687e-03	
947	7.150000e+00	-1.99445e-02	-6.34807e-03	6.348070e-03	
948	7.200000e+00	-1.99446e-02	-6.39745e-03	6.397453e-03	
949	7.250000e+00	-1.99447e-02	-6.44684e-03	6.446836e-03	
950	7.300000e+00	-1.99448e-02	-6.49622e-03	6.496220e-03	
951	7.350000e+00	-1.99449e-02	-6.54560e-03	6.545605e-03	
952	7.400000e+00	-1.99449e-02	-6.59499e-03	6.594990e-03	
953	7.450000e+00	-1.99450e-02	-6.64438e-03	6.644376e-03	
954	7.500000e+00	-1.99451e-02	-6.69376e-03	6.693762e-03	
955	7.550000e+00	-1.99452e-02	-6.74315e-03	6.743149e-03	
956	7.600000e+00	-1.99452e-02	-6.79254e-03	6.792536e-03	
957	7.650000e+00	-1.99453e-02	-6.84192e-03	6.841923e-03	
958	7.700000e+00	-1.99454e-02	-6.89131e-03	6.891312e-03	
959	7.750000e+00	-1.99455e-02	-6.94070e-03	6.940700e-03	
960	7.800000e+00	-1.99455e-02	-6.99009e-03	6.990090e-03	
961	7.850000e+00	-1.99456e-02	-7.03948e-03	7.039479e-03	
962	7.900000e+00	-1.99457e-02	-7.08887e-03	7.088870e-03	
963	7.950000e+00	-1.99457e-02	-7.13826e-03	7.138260e-03	
964	8.000000e+00	-1.99458e-02	-7.18765e-03	7.187651e-03	
965	8.050000e+00	-1.99459e-02	-7.23704e-03	7.237043e-03	
966	8.100000e+00	-1.99459e-02	-7.28644e-03	7.286435e-03	
967	8.150000e+00	-1.99460e-02	-7.33583e-03	7.335828e-03	
968	8.200000e+00	-1.99461e-02	-7.38522e-03	7.385221e-03	
969	8.250000e+00	-1.99461e-02	-7.43461e-03	7.434614e-03	
970	8.300000e+00	-1.99462e-02	-7.48401e-03	7.484008e-03	
971	8.350000e+00	-1.99463e-02	-7.53340e-03	7.533403e-03	
972	8.400000e+00	-1.99463e-02	-7.58280e-03	7.582798e-03	
973	8.450000e+00	-1.99464e-02	-7.63219e-03	7.632193e-03	
974	8.500000e+00	-1.99464e-02	-7.68159e-03	7.681589e-03	
975	8.550000e+00	-1.99465e-02	-7.73098e-03	7.730985e-03	
976	8.600000e+00	-1.99466e-02	-7.78038e-03	7.780381e-03	
977	8.650000e+00	-1.99466e-02	-7.82978e-03	7.829778e-03	
978	8.700000e+00	-1.99467e-02	-7.87918e-03	7.879176e-03	
979	8.750000e+00	-1.99467e-02	-7.92857e-03	7.928574e-03	
980	8.800000e+00	-1.99468e-02	-7.97797e-03	7.977972e-03	
981	8.850000e+00	-1.99469e-02	-8.02737e-03	8.027371e-03	
982	8.900000e+00	-1.99469e-02	-8.07677e-03	8.076770e-03	

Index   v-sweep         v1#branch       v2#branch       v_u_ic1#branch  
--------------------------------------------------------------------------------
983	8.950000e+00	-1.99470e-02	-8.12617e-03	8.126170e-03	
984	9.000000e+00	-1.99470e-02	-8.17557e-03	8.175570e-03	
985	9.050000e+00	-1.99471e-02	-8.22497e-03	8.224970e-03	
986	9.100000e+00	-1.99471e-02	-8.27437e-03	8.274371e-03	
987	9.150000e+00	-1.99472e-02	-8.32377e-03	8.323772e-03	
988	9.200000e+00	-1.99472e-02	-8.37317e-03	8.373173e-03	
989	9.250000e+00	-1.99473e-02	-8.42258e-03	8.422575e-03	
990	9.300000e+00	-1.99473e-02	-8.47198e-03	8.471978e-03	
991	9.350000e+00	-1.99474e-02	-8.52138e-03	8.521381e-03	
992	9.400000e+00	-1.99474e-02	-8.57078e-03	8.570784e-03	
993	9.450000e+00	-1.99475e-02	-8.62019e-03	8.620187e-03	
994	9.500000e+00	-1.99475e-02	-8.66959e-03	8.669591e-03	
995	9.550000e+00	-1.99476e-02	-8.71900e-03	8.718995e-03	
996	9.600000e+00	-1.99476e-02	-8.76840e-03	8.768400e-03	
997	9.650000e+00	-1.99477e-02	-8.81780e-03	8.817805e-03	
998	9.700000e+00	-1.99477e-02	-8.86721e-03	8.867210e-03	
999	9.750000e+00	-1.99478e-02	-8.91662e-03	8.916616e-03	
1000	9.800000e+00	-1.99478e-02	-8.96602e-03	8.966022e-03	
1001	9.850000e+00	-1.99479e-02	-9.01543e-03	9.015428e-03	
1002	9.900000e+00	-1.99479e-02	-9.06484e-03	9.064835e-03	
1003	9.950000e+00	-1.99479e-02	-9.11424e-03	9.114242e-03	
1004	1.000000e+01	-1.99480e-02	-9.16365e-03	9.163650e-03	
