* c:\users\mamat\onedrive\desktop\ajay_esim\final_project_files\device_modelling\2n5401\bjt_amplifier\bjt_amplifier.cir
Transient Analysis  Tue Jun 24 15:55:40  2025
--------------------------------------------------------------------------------
Index   time            v1#branch       v2#branch       
--------------------------------------------------------------------------------
0	0.000000e+00	-1.00945e-03	0.000000e+00	
1	1.000000e-07	-1.00975e-03	2.398331e-08	
2	2.000000e-07	-1.00970e-03	-5.45341e-09	
3	4.000000e-07	-1.00956e-03	-1.84331e-08	
4	8.000000e-07	-1.00925e-03	-1.94018e-08	
5	1.600000e-06	-1.00866e-03	-4.10683e-08	
6	3.200000e-06	-1.00745e-03	-6.66708e-08	
7	6.400000e-06	-1.00507e-03	-1.34167e-07	
8	1.280000e-05	-1.00036e-03	-2.51309e-07	
9	2.280000e-05	-9.93203e-04	-4.43382e-07	
10	3.280000e-05	-9.86283e-04	-6.18780e-07	
11	4.280000e-05	-9.79636e-04	-7.98146e-07	
12	5.280000e-05	-9.73257e-04	-9.60116e-07	
13	6.280000e-05	-9.67178e-04	-1.12517e-06	
14	7.280000e-05	-9.61389e-04	-1.27229e-06	
15	8.280000e-05	-9.55919e-04	-1.42180e-06	
16	9.280000e-05	-9.50756e-04	-1.55303e-06	
17	1.028000e-04	-9.45923e-04	-1.68611e-06	
18	1.128000e-04	-9.41408e-04	-1.80068e-06	
19	1.228000e-04	-9.37230e-04	-1.91669e-06	
20	1.328000e-04	-9.33376e-04	-2.01409e-06	
21	1.428000e-04	-9.29863e-04	-2.11262e-06	
22	1.528000e-04	-9.26677e-04	-2.19250e-06	
23	1.628000e-04	-9.23833e-04	-2.27327e-06	
24	1.728000e-04	-9.21317e-04	-2.33543e-06	
25	1.828000e-04	-9.19143e-04	-2.39829e-06	
26	1.928000e-04	-9.17297e-04	-2.44259e-06	
27	2.028000e-04	-9.15793e-04	-2.48745e-06	
28	2.128000e-04	-9.14615e-04	-2.51384e-06	
29	2.228000e-04	-9.13779e-04	-2.54064e-06	
30	2.328000e-04	-9.13270e-04	-2.54908e-06	
31	2.428000e-04	-9.13101e-04	-2.55781e-06	
32	2.528000e-04	-9.13259e-04	-2.54826e-06	
33	2.628000e-04	-9.13758e-04	-2.53889e-06	
34	2.728000e-04	-9.14585e-04	-2.51136e-06	
35	2.828000e-04	-9.15754e-04	-2.48388e-06	
36	2.928000e-04	-9.17251e-04	-2.43836e-06	
37	3.028000e-04	-9.19091e-04	-2.39279e-06	
38	3.128000e-04	-9.21262e-04	-2.32929e-06	
39	3.228000e-04	-9.23776e-04	-2.26568e-06	
40	3.328000e-04	-9.26621e-04	-2.18430e-06	
41	3.428000e-04	-9.29810e-04	-2.10274e-06	
42	3.528000e-04	-9.33329e-04	-2.00363e-06	
43	3.628000e-04	-9.37190e-04	-1.90436e-06	
44	3.728000e-04	-9.41379e-04	-1.78780e-06	
45	3.828000e-04	-9.45905e-04	-1.67117e-06	
46	3.928000e-04	-9.50753e-04	-1.53763e-06	
47	4.028000e-04	-9.55930e-04	-1.40422e-06	
48	4.128000e-04	-9.61416e-04	-1.25438e-06	
49	4.228000e-04	-9.67218e-04	-1.10503e-06	
50	4.328000e-04	-9.73312e-04	-9.39912e-07	
51	4.428000e-04	-9.79700e-04	-7.75790e-07	
52	4.528000e-04	-9.86355e-04	-5.96743e-07	
53	4.628000e-04	-9.93275e-04	-4.19419e-07	
54	4.728000e-04	-1.00043e-03	-2.28238e-07	

Index   time            v1#branch       v2#branch       
--------------------------------------------------------------------------------
55	4.828000e-04	-1.00780e-03	-3.97332e-08	
56	4.928000e-04	-1.01537e-03	1.613151e-07	
57	5.028000e-04	-1.02311e-03	3.584811e-07	
58	5.128000e-04	-1.03098e-03	5.666188e-07	
59	5.228000e-04	-1.03897e-03	7.694101e-07	
60	5.328000e-04	-1.04703e-03	9.813422e-07	
61	5.428000e-04	-1.05513e-03	1.186213e-06	
62	5.528000e-04	-1.06321e-03	1.398153e-06	
63	5.628000e-04	-1.07126e-03	1.601094e-06	
64	5.728000e-04	-1.07922e-03	1.808829e-06	
65	5.828000e-04	-1.08705e-03	2.005452e-06	
66	5.928000e-04	-1.09469e-03	2.204448e-06	
67	6.028000e-04	-1.10211e-03	2.390111e-06	
68	6.128000e-04	-1.10924e-03	2.575663e-06	
69	6.228000e-04	-1.11607e-03	2.745644e-06	
70	6.328000e-04	-1.12251e-03	2.913057e-06	
71	6.428000e-04	-1.12855e-03	3.062740e-06	
72	6.528000e-04	-1.13413e-03	3.207539e-06	
73	6.628000e-04	-1.13921e-03	3.332640e-06	
74	6.728000e-04	-1.14374e-03	3.450785e-06	
75	6.828000e-04	-1.14772e-03	3.547563e-06	
76	6.928000e-04	-1.15108e-03	3.635664e-06	
77	7.028000e-04	-1.15382e-03	3.701124e-06	
78	7.128000e-04	-1.15591e-03	3.756626e-06	
79	7.228000e-04	-1.15733e-03	3.788684e-06	
80	7.328000e-04	-1.15807e-03	3.810011e-06	
81	7.428000e-04	-1.15814e-03	3.807614e-06	
82	7.528000e-04	-1.15751e-03	3.794255e-06	
83	7.628000e-04	-1.15622e-03	3.757437e-06	
84	7.728000e-04	-1.15425e-03	3.709971e-06	
85	7.828000e-04	-1.15164e-03	3.639842e-06	
86	7.928000e-04	-1.14840e-03	3.559900e-06	
87	8.028000e-04	-1.14456e-03	3.458575e-06	
88	8.128000e-04	-1.14014e-03	3.348732e-06	
89	8.228000e-04	-1.13519e-03	3.219204e-06	
90	8.328000e-04	-1.12973e-03	3.082832e-06	
91	8.428000e-04	-1.12382e-03	2.928797e-06	
92	8.528000e-04	-1.11748e-03	2.769873e-06	
93	8.628000e-04	-1.11078e-03	2.595532e-06	
94	8.728000e-04	-1.10374e-03	2.418436e-06	
95	8.828000e-04	-1.09642e-03	2.228287e-06	
96	8.928000e-04	-1.08886e-03	2.037590e-06	
97	9.028000e-04	-1.08112e-03	1.836222e-06	
98	9.128000e-04	-1.07323e-03	1.636494e-06	
99	9.228000e-04	-1.06524e-03	1.428407e-06	
100	9.328000e-04	-1.05719e-03	1.224047e-06	
101	9.428000e-04	-1.04913e-03	1.013498e-06	
102	9.528000e-04	-1.04108e-03	8.085989e-07	
103	9.628000e-04	-1.03310e-03	5.994875e-07	
104	9.728000e-04	-1.02520e-03	3.977386e-07	
105	9.828000e-04	-1.01743e-03	1.935255e-07	
106	9.928000e-04	-1.00980e-03	-1.84476e-09	
107	1.002800e-03	-1.00236e-03	-1.98176e-07	
108	1.012800e-03	-9.95116e-04	-3.84426e-07	
109	1.022800e-03	-9.88098e-04	-5.70380e-07	
110	1.032800e-03	-9.81317e-04	-7.45250e-07	
111	1.042800e-03	-9.74798e-04	-9.18798e-07	
112	1.052800e-03	-9.68546e-04	-1.08048e-06	

Index   time            v1#branch       v2#branch       
--------------------------------------------------------------------------------
113	1.062800e-03	-9.62583e-04	-1.24003e-06	
114	1.072800e-03	-9.56910e-04	-1.38712e-06	
115	1.082800e-03	-9.51544e-04	-1.53145e-06	
116	1.092800e-03	-9.46484e-04	-1.66291e-06	
117	1.102800e-03	-9.41743e-04	-1.79113e-06	
118	1.112800e-03	-9.37319e-04	-1.90619e-06	
119	1.122800e-03	-9.33221e-04	-2.01767e-06	
120	1.132800e-03	-9.29445e-04	-2.11582e-06	
121	1.142800e-03	-9.25999e-04	-2.21014e-06	
122	1.152800e-03	-9.22879e-04	-2.29103e-06	
123	1.162800e-03	-9.20091e-04	-2.36791e-06	
124	1.172800e-03	-9.17629e-04	-2.43132e-06	
125	1.182800e-03	-9.15499e-04	-2.49060e-06	
126	1.192800e-03	-9.13695e-04	-2.53642e-06	
127	1.202800e-03	-9.12223e-04	-2.57800e-06	
128	1.212800e-03	-9.11076e-04	-2.60614e-06	
129	1.222800e-03	-9.10261e-04	-2.62996e-06	
130	1.232800e-03	-9.09771e-04	-2.64039e-06	
131	1.242800e-03	-9.09612e-04	-2.64643e-06	
132	1.252800e-03	-9.09778e-04	-2.63910e-06	
133	1.262800e-03	-9.10276e-04	-2.62733e-06	
134	1.272800e-03	-9.11101e-04	-2.60224e-06	
135	1.282800e-03	-9.12258e-04	-2.57265e-06	
136	1.292800e-03	-9.13742e-04	-2.52979e-06	
137	1.302800e-03	-9.15560e-04	-2.48237e-06	
138	1.312800e-03	-9.17706e-04	-2.42177e-06	
139	1.322800e-03	-9.20188e-04	-2.35657e-06	
140	1.332800e-03	-9.22999e-04	-2.27829e-06	
141	1.342800e-03	-9.26146e-04	-2.19542e-06	
142	1.352800e-03	-9.29621e-04	-2.09961e-06	
143	1.362800e-03	-9.33430e-04	-1.99928e-06	
144	1.372800e-03	-9.37566e-04	-1.88622e-06	
145	1.382800e-03	-9.42031e-04	-1.76879e-06	
146	1.392800e-03	-9.46816e-04	-1.63892e-06	
147	1.402800e-03	-9.51923e-04	-1.50494e-06	
148	1.412800e-03	-9.57339e-04	-1.35896e-06	
149	1.422800e-03	-9.63063e-04	-1.20925e-06	
150	1.432800e-03	-9.69079e-04	-1.04813e-06	
151	1.442800e-03	-9.75382e-04	-8.83847e-07	
152	1.452800e-03	-9.81952e-04	-7.08924e-07	
153	1.462800e-03	-9.88781e-04	-5.31610e-07	
154	1.472800e-03	-9.95843e-04	-3.44646e-07	
155	1.482800e-03	-1.00313e-03	-1.56287e-07	
156	1.492800e-03	-1.01060e-03	4.048770e-08	
157	1.502800e-03	-1.01824e-03	2.374116e-07	
158	1.512800e-03	-1.02602e-03	4.412632e-07	
159	1.522800e-03	-1.03391e-03	6.437625e-07	
160	1.532800e-03	-1.04187e-03	8.514454e-07	
161	1.542800e-03	-1.04987e-03	1.056027e-06	
162	1.552800e-03	-1.05786e-03	1.263809e-06	
163	1.562800e-03	-1.06582e-03	1.466519e-06	
164	1.572800e-03	-1.07369e-03	1.670246e-06	
165	1.582800e-03	-1.08143e-03	1.866754e-06	
166	1.592800e-03	-1.08899e-03	2.061952e-06	
167	1.602800e-03	-1.09633e-03	2.247679e-06	
168	1.612800e-03	-1.10340e-03	2.429702e-06	
169	1.622800e-03	-1.11015e-03	2.599979e-06	
170	1.632800e-03	-1.11654e-03	2.764187e-06	

Index   time            v1#branch       v2#branch       
--------------------------------------------------------------------------------
171	1.642800e-03	-1.12253e-03	2.914454e-06	
172	1.652800e-03	-1.12806e-03	3.056419e-06	
173	1.662800e-03	-1.13310e-03	3.182436e-06	
174	1.672800e-03	-1.13761e-03	3.298159e-06	
175	1.682800e-03	-1.14156e-03	3.396220e-06	
176	1.692800e-03	-1.14491e-03	3.482339e-06	
177	1.702800e-03	-1.14765e-03	3.549470e-06	
178	1.712800e-03	-1.14974e-03	3.603445e-06	
179	1.722800e-03	-1.15118e-03	3.637573e-06	
180	1.732800e-03	-1.15195e-03	3.657829e-06	
181	1.742800e-03	-1.15204e-03	3.657895e-06	
182	1.752800e-03	-1.15146e-03	3.643908e-06	
183	1.762800e-03	-1.15021e-03	3.609930e-06	
184	1.772800e-03	-1.14830e-03	3.562255e-06	
185	1.782800e-03	-1.14576e-03	3.495311e-06	
186	1.792800e-03	-1.14259e-03	3.415540e-06	
187	1.802800e-03	-1.13882e-03	3.317707e-06	
188	1.812800e-03	-1.13449e-03	3.208369e-06	
189	1.822800e-03	-1.12963e-03	3.082590e-06	
190	1.832800e-03	-1.12427e-03	2.947005e-06	
191	1.842800e-03	-1.11845e-03	2.796923e-06	
192	1.852800e-03	-1.11222e-03	2.639010e-06	
193	1.862800e-03	-1.10562e-03	2.468770e-06	
194	1.872800e-03	-1.09870e-03	2.292851e-06	
195	1.882800e-03	-1.09149e-03	2.106892e-06	
196	1.892800e-03	-1.08405e-03	1.917480e-06	
197	1.902800e-03	-1.07643e-03	1.720339e-06	
198	1.912800e-03	-1.06865e-03	1.521950e-06	
199	1.922800e-03	-1.06078e-03	1.318076e-06	
200	1.932800e-03	-1.05284e-03	1.115057e-06	
201	1.942800e-03	-1.04489e-03	9.086623e-07	
202	1.952800e-03	-1.03696e-03	7.050634e-07	
203	1.962800e-03	-1.02908e-03	5.000063e-07	
204	1.972800e-03	-1.02130e-03	2.994798e-07	
205	1.982800e-03	-1.01363e-03	9.918896e-08	
206	1.992800e-03	-1.00611e-03	-9.50684e-08	
207	2.002800e-03	-9.98769e-04	-2.87636e-07	
208	2.012800e-03	-9.91623e-04	-4.72907e-07	
209	2.022800e-03	-9.84698e-04	-6.55276e-07	
210	2.032800e-03	-9.78008e-04	-8.29319e-07	
211	2.042800e-03	-9.71575e-04	-9.99476e-07	
212	2.052800e-03	-9.65408e-04	-1.16050e-06	
213	2.062800e-03	-9.59523e-04	-1.31685e-06	
214	2.072800e-03	-9.53926e-04	-1.46346e-06	
215	2.082800e-03	-9.48630e-04	-1.60481e-06	
216	2.092800e-03	-9.43638e-04	-1.73596e-06	
217	2.102800e-03	-9.38959e-04	-1.86141e-06	
218	2.112800e-03	-9.34593e-04	-1.97634e-06	
219	2.122800e-03	-9.30549e-04	-2.08527e-06	
220	2.132800e-03	-9.26824e-04	-2.18346e-06	
221	2.142800e-03	-9.23425e-04	-2.27543e-06	
222	2.152800e-03	-9.20348e-04	-2.35655e-06	
223	2.162800e-03	-9.17597e-04	-2.43128e-06	
224	2.172800e-03	-9.15170e-04	-2.49510e-06	
225	2.182800e-03	-9.13070e-04	-2.55244e-06	
226	2.192800e-03	-9.11293e-04	-2.59883e-06	
227	2.202800e-03	-9.09843e-04	-2.63866e-06	
228	2.212800e-03	-9.08716e-04	-2.66754e-06	

Index   time            v1#branch       v2#branch       
--------------------------------------------------------------------------------
229	2.222800e-03	-9.07915e-04	-2.68981e-06	
230	2.232800e-03	-9.07437e-04	-2.70114e-06	
231	2.242800e-03	-9.07285e-04	-2.70581e-06	
232	2.252800e-03	-9.07456e-04	-2.69955e-06	
233	2.262800e-03	-9.07954e-04	-2.68660e-06	
234	2.272800e-03	-9.08776e-04	-2.66273e-06	
235	2.282800e-03	-9.09925e-04	-2.63214e-06	
236	2.292800e-03	-9.11400e-04	-2.59066e-06	
237	2.302800e-03	-9.13203e-04	-2.54242e-06	
238	2.312800e-03	-9.15334e-04	-2.48334e-06	
239	2.322800e-03	-9.17794e-04	-2.41750e-06	
240	2.332800e-03	-9.20582e-04	-2.34089e-06	
241	2.342800e-03	-9.23700e-04	-2.25755e-06	
242	2.352800e-03	-9.27146e-04	-2.16355e-06	
243	2.362800e-03	-9.30920e-04	-2.06292e-06	
244	2.372800e-03	-9.35020e-04	-1.95181e-06	
245	2.382800e-03	-9.39444e-04	-1.83423e-06	
246	2.392800e-03	-9.44187e-04	-1.70644e-06	
247	2.402800e-03	-9.49247e-04	-1.57247e-06	
248	2.412800e-03	-9.54615e-04	-1.42868e-06	
249	2.422800e-03	-9.60287e-04	-1.27913e-06	
250	2.432800e-03	-9.66250e-04	-1.12030e-06	
251	2.442800e-03	-9.72496e-04	-9.56302e-07	
252	2.452800e-03	-9.79009e-04	-7.83769e-07	
253	2.462800e-03	-9.85777e-04	-6.06841e-07	
254	2.472800e-03	-9.92778e-04	-4.22335e-07	
255	2.482800e-03	-9.99997e-04	-2.34449e-07	
256	2.492800e-03	-1.00741e-03	-4.01776e-08	
257	2.502800e-03	-1.01498e-03	1.562147e-07	
258	2.512800e-03	-1.02270e-03	3.575480e-07	
259	2.522800e-03	-1.03052e-03	5.594871e-07	
260	2.532800e-03	-1.03842e-03	7.646698e-07	
261	2.542800e-03	-1.04635e-03	9.686969e-07	
262	2.552800e-03	-1.05428e-03	1.174034e-06	
263	2.562800e-03	-1.06218e-03	1.376233e-06	
264	2.572800e-03	-1.06999e-03	1.577609e-06	
265	2.582800e-03	-1.07767e-03	1.773690e-06	
266	2.592800e-03	-1.08517e-03	1.966670e-06	
267	2.602800e-03	-1.09246e-03	2.152094e-06	
268	2.612800e-03	-1.09948e-03	2.332072e-06	
269	2.622800e-03	-1.10619e-03	2.502208e-06	
270	2.632800e-03	-1.11254e-03	2.664581e-06	
271	2.642800e-03	-1.11849e-03	2.814905e-06	
272	2.652800e-03	-1.12399e-03	2.955279e-06	
273	2.662800e-03	-1.12901e-03	3.081580e-06	
274	2.672800e-03	-1.13350e-03	3.195982e-06	
275	2.682800e-03	-1.13743e-03	3.294577e-06	
276	2.692800e-03	-1.14078e-03	3.379665e-06	
277	2.702800e-03	-1.14351e-03	3.447597e-06	
278	2.712800e-03	-1.14561e-03	3.500841e-06	
279	2.722800e-03	-1.14705e-03	3.536042e-06	
280	2.732800e-03	-1.14784e-03	3.555867e-06	
281	2.742800e-03	-1.14795e-03	3.557278e-06	
282	2.752800e-03	-1.14740e-03	3.543153e-06	
283	2.762800e-03	-1.14618e-03	3.510776e-06	
284	2.772800e-03	-1.14431e-03	3.463239e-06	
285	2.782800e-03	-1.14181e-03	3.398135e-06	
286	2.792800e-03	-1.13869e-03	3.318754e-06	

Index   time            v1#branch       v2#branch       
--------------------------------------------------------------------------------
287	2.802800e-03	-1.13497e-03	3.222972e-06	
288	2.812800e-03	-1.13070e-03	3.114245e-06	
289	2.822800e-03	-1.12590e-03	2.990696e-06	
290	2.832800e-03	-1.12060e-03	2.855906e-06	
291	2.842800e-03	-1.11485e-03	2.708196e-06	
292	2.852800e-03	-1.10869e-03	2.551227e-06	
293	2.862800e-03	-1.10217e-03	2.383462e-06	
294	2.872800e-03	-1.09531e-03	2.208594e-06	
295	2.882800e-03	-1.08818e-03	2.025179e-06	
296	2.892800e-03	-1.08082e-03	1.836887e-06	
297	2.902800e-03	-1.07327e-03	1.642319e-06	
298	2.912800e-03	-1.06557e-03	1.445082e-06	
299	2.922800e-03	-1.05778e-03	1.243776e-06	
300	2.932800e-03	-1.04992e-03	1.041910e-06	
301	2.942800e-03	-1.04205e-03	8.380471e-07	
302	2.952800e-03	-1.03419e-03	6.355711e-07	
303	2.962800e-03	-1.02639e-03	4.329834e-07	
304	2.972800e-03	-1.01867e-03	2.335243e-07	
305	2.982800e-03	-1.01108e-03	3.561816e-08	
306	2.992800e-03	-1.00363e-03	-1.57648e-07	
307	3.002800e-03	-9.96355e-04	-3.47934e-07	
308	3.012800e-03	-9.89274e-04	-5.32306e-07	
309	3.022800e-03	-9.82412e-04	-7.12509e-07	
310	3.032800e-03	-9.75784e-04	-8.85759e-07	
311	3.042800e-03	-9.69409e-04	-1.05388e-06	
312	3.052800e-03	-9.63297e-04	-1.21422e-06	
313	3.062800e-03	-9.57465e-04	-1.36867e-06	
314	3.072800e-03	-9.51919e-04	-1.51471e-06	
315	3.082800e-03	-9.46670e-04	-1.65430e-06	
316	3.092800e-03	-9.41723e-04	-1.78501e-06	
317	3.102800e-03	-9.37086e-04	-1.90883e-06	
318	3.112800e-03	-9.32760e-04	-2.02345e-06	
319	3.122800e-03	-9.28752e-04	-2.13088e-06	
320	3.132800e-03	-9.25062e-04	-2.22889e-06	
321	3.142800e-03	-9.21693e-04	-2.31950e-06	
322	3.152800e-03	-9.18644e-04	-2.40055e-06	
323	3.162800e-03	-9.15919e-04	-2.47406e-06	
324	3.172800e-03	-9.13516e-04	-2.53793e-06	
325	3.182800e-03	-9.11435e-04	-2.59418e-06	
326	3.192800e-03	-9.09677e-04	-2.64074e-06	
327	3.202800e-03	-9.08242e-04	-2.67962e-06	
328	3.212800e-03	-9.07128e-04	-2.70878e-06	
329	3.222800e-03	-9.06336e-04	-2.73022e-06	
330	3.232800e-03	-9.05866e-04	-2.74195e-06	
331	3.242800e-03	-9.05719e-04	-2.74592e-06	
332	3.252800e-03	-9.05893e-04	-2.74016e-06	
333	3.262800e-03	-9.06391e-04	-2.72663e-06	
334	3.272800e-03	-9.07211e-04	-2.70338e-06	
335	3.282800e-03	-9.08355e-04	-2.67232e-06	
336	3.292800e-03	-9.09823e-04	-2.63156e-06	
337	3.302800e-03	-9.11617e-04	-2.58298e-06	
338	3.312800e-03	-9.13736e-04	-2.52472e-06	
339	3.322800e-03	-9.16182e-04	-2.45866e-06	
340	3.332800e-03	-9.18954e-04	-2.38297e-06	
341	3.342800e-03	-9.22053e-04	-2.29952e-06	
342	3.352800e-03	-9.25478e-04	-2.20654e-06	
343	3.362800e-03	-9.29230e-04	-2.10591e-06	
344	3.372800e-03	-9.33304e-04	-1.99591e-06	

Index   time            v1#branch       v2#branch       
--------------------------------------------------------------------------------
345	3.382800e-03	-9.37701e-04	-1.87844e-06	
346	3.392800e-03	-9.42416e-04	-1.75186e-06	
347	3.402800e-03	-9.47444e-04	-1.61809e-06	
348	3.412800e-03	-9.52780e-04	-1.47559e-06	
349	3.422800e-03	-9.58417e-04	-1.32633e-06	
350	3.432800e-03	-9.64343e-04	-1.16887e-06	
351	3.442800e-03	-9.70551e-04	-1.00525e-06	
352	3.452800e-03	-9.77026e-04	-8.34141e-07	
353	3.462800e-03	-9.83752e-04	-6.57662e-07	
354	3.472800e-03	-9.90713e-04	-4.74634e-07	
355	3.482800e-03	-9.97888e-04	-2.87253e-07	
356	3.492800e-03	-1.00525e-03	-9.44915e-08	
357	3.502800e-03	-1.01279e-03	1.013577e-07	
358	3.512800e-03	-1.02046e-03	3.011679e-07	
359	3.522800e-03	-1.02824e-03	5.025469e-07	
360	3.532800e-03	-1.03609e-03	7.062156e-07	
361	3.542800e-03	-1.04398e-03	9.096890e-07	
362	3.552800e-03	-1.05187e-03	1.113546e-06	
363	3.562800e-03	-1.05972e-03	1.315223e-06	
364	3.572800e-03	-1.06749e-03	1.515178e-06	
365	3.582800e-03	-1.07513e-03	1.710797e-06	
366	3.592800e-03	-1.08260e-03	1.902444e-06	
367	3.602800e-03	-1.08985e-03	2.087490e-06	
368	3.612800e-03	-1.09684e-03	2.266249e-06	
369	3.622800e-03	-1.10352e-03	2.436119e-06	
370	3.632800e-03	-1.10984e-03	2.597413e-06	
371	3.642800e-03	-1.11576e-03	2.747607e-06	
372	3.652800e-03	-1.12124e-03	2.887062e-06	
373	3.662800e-03	-1.12624e-03	3.013389e-06	
374	3.672800e-03	-1.13072e-03	3.127052e-06	
375	3.682800e-03	-1.13464e-03	3.225846e-06	
376	3.692800e-03	-1.13798e-03	3.310387e-06	
377	3.702800e-03	-1.14071e-03	3.378700e-06	
378	3.712800e-03	-1.14281e-03	3.431597e-06	
379	3.722800e-03	-1.14427e-03	3.467366e-06	
380	3.732800e-03	-1.14506e-03	3.487045e-06	
381	3.742800e-03	-1.14519e-03	3.489209e-06	
382	3.752800e-03	-1.14465e-03	3.475134e-06	
383	3.762800e-03	-1.14346e-03	3.443688e-06	
384	3.772800e-03	-1.14162e-03	3.396385e-06	
385	3.782800e-03	-1.13914e-03	3.332375e-06	
386	3.792800e-03	-1.13605e-03	3.253396e-06	
387	3.802800e-03	-1.13237e-03	3.158854e-06	
388	3.812800e-03	-1.12813e-03	3.050676e-06	
389	3.822800e-03	-1.12337e-03	2.928490e-06	
390	3.832800e-03	-1.11812e-03	2.794373e-06	
391	3.842800e-03	-1.11242e-03	2.648125e-06	
392	3.852800e-03	-1.10630e-03	2.491926e-06	
393	3.862800e-03	-1.09983e-03	2.325698e-06	
394	3.872800e-03	-1.09302e-03	2.151672e-06	
395	3.882800e-03	-1.08595e-03	1.969839e-06	
396	3.892800e-03	-1.07863e-03	1.782435e-06	
397	3.902800e-03	-1.07113e-03	1.589472e-06	
398	3.912800e-03	-1.06349e-03	1.393143e-06	
399	3.922800e-03	-1.05575e-03	1.193441e-06	
400	3.932800e-03	-1.04794e-03	9.924818e-07	
401	3.942800e-03	-1.04012e-03	7.902011e-07	
402	3.952800e-03	-1.03231e-03	5.886096e-07	

Index   time            v1#branch       v2#branch       
--------------------------------------------------------------------------------
403	3.962800e-03	-1.02456e-03	3.875644e-07	
404	3.972800e-03	-1.01690e-03	1.889509e-07	
405	3.982800e-03	-1.00935e-03	-7.46806e-09	
406	3.992800e-03	-1.00195e-03	-1.99941e-07	
407	4.002800e-03	-9.94721e-04	-3.88808e-07	
408	4.012800e-03	-9.87685e-04	-5.72451e-07	
409	4.022800e-03	-9.80865e-04	-7.51312e-07	
410	4.032800e-03	-9.74278e-04	-9.23905e-07	
411	4.042800e-03	-9.67942e-04	-1.09076e-06	
412	4.052800e-03	-9.61869e-04	-1.25053e-06	
413	4.062800e-03	-9.56072e-04	-1.40381e-06	
414	4.072800e-03	-9.50560e-04	-1.54936e-06	
415	4.082800e-03	-9.45343e-04	-1.68786e-06	
416	4.092800e-03	-9.40427e-04	-1.81816e-06	
417	4.102800e-03	-9.35818e-04	-1.94099e-06	
418	4.112800e-03	-9.31519e-04	-2.05529e-06	
419	4.122800e-03	-9.27536e-04	-2.16182e-06	
420	4.132800e-03	-9.23868e-04	-2.25959e-06	
421	4.142800e-03	-9.20520e-04	-2.34940e-06	
422	4.152800e-03	-9.17491e-04	-2.43029e-06	
423	4.162800e-03	-9.14783e-04	-2.50309e-06	
424	4.172800e-03	-9.12395e-04	-2.56689e-06	
425	4.182800e-03	-9.10329e-04	-2.62251e-06	
426	4.192800e-03	-9.08583e-04	-2.66907e-06	
427	4.202800e-03	-9.07157e-04	-2.70741e-06	
428	4.212800e-03	-9.06052e-04	-2.73666e-06	
429	4.222800e-03	-9.05267e-04	-2.75765e-06	
430	4.232800e-03	-9.04802e-04	-2.76954e-06	
431	4.242800e-03	-9.04658e-04	-2.77314e-06	
432	4.252800e-03	-9.04835e-04	-2.76762e-06	
433	4.262800e-03	-9.05332e-04	-2.75380e-06	
434	4.272800e-03	-9.06151e-04	-2.73086e-06	
435	4.282800e-03	-9.07292e-04	-2.69960e-06	
436	4.292800e-03	-9.08755e-04	-2.65922e-06	
437	4.302800e-03	-9.10542e-04	-2.61052e-06	
438	4.312800e-03	-9.12654e-04	-2.55271e-06	
439	4.322800e-03	-9.15090e-04	-2.48660e-06	
440	4.332800e-03	-9.17851e-04	-2.41143e-06	
441	4.342800e-03	-9.20938e-04	-2.32801e-06	
442	4.352800e-03	-9.24349e-04	-2.23563e-06	
443	4.362800e-03	-9.28085e-04	-2.13509e-06	
444	4.372800e-03	-9.32142e-04	-2.02575e-06	
445	4.382800e-03	-9.36521e-04	-1.90845e-06	
446	4.392800e-03	-9.41215e-04	-1.78259e-06	
447	4.402800e-03	-9.46223e-04	-1.64906e-06	
448	4.412800e-03	-9.51536e-04	-1.50734e-06	
449	4.422800e-03	-9.57149e-04	-1.35837e-06	
450	4.432800e-03	-9.63051e-04	-1.20175e-06	
451	4.442800e-03	-9.69233e-04	-1.03848e-06	
452	4.452800e-03	-9.75681e-04	-8.68244e-07	
453	4.462800e-03	-9.82380e-04	-6.92165e-07	
454	4.472800e-03	-9.89312e-04	-5.10047e-07	
455	4.482800e-03	-9.96458e-04	-3.23103e-07	
456	4.492800e-03	-1.00379e-03	-1.31275e-07	
457	4.502800e-03	-1.01130e-03	6.411356e-08	
458	4.512800e-03	-1.01894e-03	2.629794e-07	
459	4.522800e-03	-1.02669e-03	4.638871e-07	
460	4.532800e-03	-1.03451e-03	6.666160e-07	

Index   time            v1#branch       v2#branch       
--------------------------------------------------------------------------------
461	4.542800e-03	-1.04237e-03	8.696237e-07	
462	4.552800e-03	-1.05023e-03	1.072562e-06	
463	4.562800e-03	-1.05805e-03	1.273797e-06	
464	4.572800e-03	-1.06579e-03	1.472872e-06	
465	4.582800e-03	-1.07341e-03	1.668089e-06	
466	4.592800e-03	-1.08085e-03	1.858914e-06	
467	4.602800e-03	-1.08808e-03	2.043618e-06	
468	4.612800e-03	-1.09505e-03	2.221630e-06	
469	4.622800e-03	-1.10170e-03	2.391235e-06	
470	4.632800e-03	-1.10801e-03	2.551875e-06	
471	4.642800e-03	-1.11391e-03	2.701897e-06	
472	4.652800e-03	-1.11938e-03	2.840807e-06	
473	4.662800e-03	-1.12437e-03	2.967070e-06	
474	4.672800e-03	-1.12883e-03	3.080308e-06	
475	4.682800e-03	-1.13275e-03	3.179155e-06	
476	4.692800e-03	-1.13609e-03	3.263400e-06	
477	4.702800e-03	-1.13882e-03	3.331892e-06	
478	4.712800e-03	-1.14092e-03	3.384628e-06	
479	4.722800e-03	-1.14237e-03	3.420704e-06	
480	4.732800e-03	-1.14317e-03	3.440357e-06	
481	4.742800e-03	-1.14331e-03	3.442955e-06	
482	4.752800e-03	-1.14279e-03	3.428986e-06	
483	4.762800e-03	-1.14161e-03	3.398095e-06	
484	4.772800e-03	-1.13978e-03	3.351022e-06	
485	4.782800e-03	-1.13733e-03	3.287681e-06	
486	4.792800e-03	-1.13426e-03	3.209044e-06	
487	4.802800e-03	-1.13060e-03	3.115270e-06	
488	4.812800e-03	-1.12639e-03	3.007535e-06	
489	4.822800e-03	-1.12166e-03	2.886202e-06	
490	4.832800e-03	-1.11644e-03	2.752610e-06	
491	4.842800e-03	-1.11076e-03	2.607284e-06	
492	4.852800e-03	-1.10468e-03	2.451676e-06	
493	4.862800e-03	-1.09824e-03	2.286420e-06	
494	4.872800e-03	-1.09147e-03	2.113032e-06	
495	4.882800e-03	-1.08442e-03	1.932206e-06	
496	4.892800e-03	-1.07715e-03	1.745470e-06	
497	4.902800e-03	-1.06968e-03	1.553530e-06	
498	4.912800e-03	-1.06208e-03	1.357883e-06	
499	4.922800e-03	-1.05437e-03	1.159205e-06	
500	4.932800e-03	-1.04660e-03	9.589249e-07	
501	4.942800e-03	-1.03881e-03	7.576539e-07	
502	4.952800e-03	-1.03104e-03	5.567265e-07	
503	4.962800e-03	-1.02332e-03	3.566647e-07	
504	4.972800e-03	-1.01569e-03	1.586883e-07	
505	4.982800e-03	-1.00818e-03	-3.67838e-08	
506	4.992800e-03	-1.00081e-03	-2.28657e-07	
507	5.002800e-03	-9.93610e-04	-4.16621e-07	
508	5.012800e-03	-9.86605e-04	-5.99709e-07	
509	5.022800e-03	-9.79814e-04	-7.77719e-07	
510	5.032800e-03	-9.73255e-04	-9.49805e-07	
511	5.042800e-03	-9.66945e-04	-1.11587e-06	
512	5.052800e-03	-9.60898e-04	-1.27518e-06	
513	5.062800e-03	-9.55125e-04	-1.42773e-06	
514	5.072800e-03	-9.49637e-04	-1.57288e-06	
515	5.082800e-03	-9.44442e-04	-1.71071e-06	
516	5.092800e-03	-9.39546e-04	-1.84067e-06	
517	5.102800e-03	-9.34956e-04	-1.96289e-06	
518	5.112800e-03	-9.30676e-04	-2.07691e-06	

Index   time            v1#branch       v2#branch       
--------------------------------------------------------------------------------
519	5.122800e-03	-9.26709e-04	-2.18289e-06	
520	5.132800e-03	-9.23057e-04	-2.28044e-06	
521	5.142800e-03	-9.19723e-04	-2.36976e-06	
522	5.152800e-03	-9.16707e-04	-2.45049e-06	
523	5.162800e-03	-9.14011e-04	-2.52286e-06	
524	5.172800e-03	-9.11634e-04	-2.58655e-06	
525	5.182800e-03	-9.09576e-04	-2.64181e-06	
526	5.192800e-03	-9.07838e-04	-2.68832e-06	
527	5.202800e-03	-9.06420e-04	-2.72635e-06	
528	5.212800e-03	-9.05320e-04	-2.75560e-06	
529	5.222800e-03	-9.04540e-04	-2.77634e-06	
530	5.232800e-03	-9.04079e-04	-2.78828e-06	
531	5.242800e-03	-9.03937e-04	-2.79168e-06	
532	5.252800e-03	-9.04115e-04	-2.78627e-06	
533	5.262800e-03	-9.04612e-04	-2.77231e-06	
534	5.272800e-03	-9.05430e-04	-2.74953e-06	
535	5.282800e-03	-9.06568e-04	-2.71818e-06	
536	5.292800e-03	-9.08029e-04	-2.67801e-06	
537	5.302800e-03	-9.09812e-04	-2.62927e-06	
538	5.312800e-03	-9.11917e-04	-2.57173e-06	
539	5.322800e-03	-9.14347e-04	-2.50563e-06	
540	5.332800e-03	-9.17101e-04	-2.43077e-06	
541	5.342800e-03	-9.20179e-04	-2.34742e-06	
542	5.352800e-03	-9.23580e-04	-2.25539e-06	
543	5.362800e-03	-9.27305e-04	-2.15497e-06	
544	5.372800e-03	-9.31352e-04	-2.04603e-06	
545	5.382800e-03	-9.35718e-04	-1.92889e-06	
546	5.392800e-03	-9.40399e-04	-1.80347e-06	
547	5.402800e-03	-9.45392e-04	-1.67015e-06	
548	5.412800e-03	-9.50690e-04	-1.52891e-06	
549	5.422800e-03	-9.56287e-04	-1.38020e-06	
550	5.432800e-03	-9.62172e-04	-1.22409e-06	
551	5.442800e-03	-9.68337e-04	-1.06111e-06	
552	5.452800e-03	-9.74766e-04	-8.91427e-07	
553	5.462800e-03	-9.81446e-04	-7.15668e-07	
554	5.472800e-03	-9.88359e-04	-5.34123e-07	
555	5.482800e-03	-9.95485e-04	-3.47522e-07	
556	5.492800e-03	-1.00280e-03	-1.56284e-07	
557	5.502800e-03	-1.01028e-03	3.874350e-08	
558	5.512800e-03	-1.01790e-03	2.370115e-07	
559	5.522800e-03	-1.02563e-03	4.375522e-07	
560	5.532800e-03	-1.03343e-03	6.396857e-07	
561	5.542800e-03	-1.04127e-03	8.423307e-07	
562	5.552800e-03	-1.04912e-03	1.044687e-06	
563	5.562800e-03	-1.05692e-03	1.245575e-06	
564	5.572800e-03	-1.06464e-03	1.444095e-06	
565	5.582800e-03	-1.07224e-03	1.638994e-06	
566	5.592800e-03	-1.07966e-03	1.829302e-06	
567	5.602800e-03	-1.08687e-03	2.013728e-06	
568	5.612800e-03	-1.09383e-03	2.191274e-06	
569	5.622800e-03	-1.10047e-03	2.360655e-06	
570	5.632800e-03	-1.10676e-03	2.520891e-06	
571	5.642800e-03	-1.11266e-03	2.670753e-06	
572	5.652800e-03	-1.11811e-03	2.809332e-06	
573	5.662800e-03	-1.12309e-03	2.935508e-06	
574	5.672800e-03	-1.12755e-03	3.048496e-06	
575	5.682800e-03	-1.13146e-03	3.147338e-06	
576	5.692800e-03	-1.13480e-03	3.231421e-06	

Index   time            v1#branch       v2#branch       
--------------------------------------------------------------------------------
577	5.702800e-03	-1.13752e-03	3.299994e-06	
578	5.712800e-03	-1.13963e-03	3.352658e-06	
579	5.722800e-03	-1.14108e-03	3.388903e-06	
580	5.732800e-03	-1.14189e-03	3.408576e-06	
581	5.742800e-03	-1.14203e-03	3.411430e-06	
582	5.752800e-03	-1.14152e-03	3.397569e-06	
583	5.762800e-03	-1.14035e-03	3.367019e-06	
584	5.772800e-03	-1.13853e-03	3.320138e-06	
585	5.782800e-03	-1.13609e-03	3.257214e-06	
586	5.792800e-03	-1.13304e-03	3.178847e-06	
587	5.802800e-03	-1.12940e-03	3.085559e-06	
588	5.812800e-03	-1.12521e-03	2.978159e-06	
589	5.822800e-03	-1.12049e-03	2.857372e-06	
590	5.832800e-03	-1.11529e-03	2.724172e-06	
591	5.842800e-03	-1.10964e-03	2.579438e-06	
592	5.852800e-03	-1.10358e-03	2.424266e-06	
593	5.862800e-03	-1.09715e-03	2.259638e-06	
594	5.872800e-03	-1.09041e-03	2.086719e-06	
595	5.882800e-03	-1.08339e-03	1.906544e-06	
596	5.892800e-03	-1.07614e-03	1.720297e-06	
597	5.902800e-03	-1.06870e-03	1.529019e-06	
598	5.912800e-03	-1.06111e-03	1.333870e-06	
599	5.922800e-03	-1.05343e-03	1.135855e-06	
600	5.932800e-03	-1.04568e-03	9.360706e-07	
601	5.942800e-03	-1.03792e-03	7.354543e-07	
602	5.952800e-03	-1.03017e-03	5.350117e-07	
603	5.962800e-03	-1.02248e-03	3.355872e-07	
604	5.972800e-03	-1.01487e-03	1.380768e-07	
605	5.982800e-03	-1.00738e-03	-5.67824e-08	
606	5.992800e-03	-1.00003e-03	-2.48215e-07	
607	6.002800e-03	-9.92853e-04	-4.35596e-07	
608	6.012800e-03	-9.85868e-04	-6.18273e-07	
609	6.022800e-03	-9.79097e-04	-7.95735e-07	
610	6.032800e-03	-9.72557e-04	-9.67446e-07	
611	6.042800e-03	-9.66266e-04	-1.13300e-06	
612	6.052800e-03	-9.60236e-04	-1.29197e-06	
613	6.062800e-03	-9.54480e-04	-1.44405e-06	
614	6.072800e-03	-9.49007e-04	-1.58890e-06	
615	6.082800e-03	-9.43827e-04	-1.72630e-06	
616	6.092800e-03	-9.38945e-04	-1.85600e-06	
617	6.102800e-03	-9.34368e-04	-1.97784e-06	
618	6.112800e-03	-9.30100e-04	-2.09163e-06	
619	6.122800e-03	-9.26145e-04	-2.19727e-06	
620	6.132800e-03	-9.22504e-04	-2.29464e-06	
621	6.142800e-03	-9.19179e-04	-2.38366e-06	
622	6.152800e-03	-9.16173e-04	-2.46424e-06	
623	6.162800e-03	-9.13484e-04	-2.53636e-06	
624	6.172800e-03	-9.11114e-04	-2.59994e-06	
625	6.182800e-03	-9.09063e-04	-2.65497e-06	
626	6.192800e-03	-9.07331e-04	-2.70142e-06	
627	6.202800e-03	-9.05917e-04	-2.73927e-06	
628	6.212800e-03	-9.04822e-04	-2.76849e-06	
629	6.222800e-03	-9.04045e-04	-2.78909e-06	
630	6.232800e-03	-9.03586e-04	-2.80104e-06	
631	6.242800e-03	-9.03445e-04	-2.80434e-06	
632	6.252800e-03	-9.03624e-04	-2.79898e-06	
633	6.262800e-03	-9.04121e-04	-2.78495e-06	
634	6.272800e-03	-9.04938e-04	-2.76225e-06	

Index   time            v1#branch       v2#branch       
--------------------------------------------------------------------------------
635	6.282800e-03	-9.06075e-04	-2.73086e-06	
636	6.292800e-03	-9.07533e-04	-2.69081e-06	
637	6.302800e-03	-9.09313e-04	-2.64207e-06	
638	6.312800e-03	-9.11415e-04	-2.58468e-06	
639	6.322800e-03	-9.13840e-04	-2.51862e-06	
640	6.332800e-03	-9.16589e-04	-2.44395e-06	
641	6.342800e-03	-9.19661e-04	-2.36067e-06	
642	6.352800e-03	-9.23056e-04	-2.26885e-06	
643	6.362800e-03	-9.26774e-04	-2.16854e-06	
644	6.372800e-03	-9.30812e-04	-2.05985e-06	
645	6.382800e-03	-9.35170e-04	-1.94285e-06	
646	6.392800e-03	-9.39842e-04	-1.81771e-06	
647	6.402800e-03	-9.44825e-04	-1.68455e-06	
648	6.412800e-03	-9.50113e-04	-1.54362e-06	
649	6.422800e-03	-9.55698e-04	-1.39510e-06	
650	6.432800e-03	-9.61573e-04	-1.23932e-06	
651	6.442800e-03	-9.67725e-04	-1.07656e-06	
652	6.452800e-03	-9.74142e-04	-9.07229e-07	
653	6.462800e-03	-9.80809e-04	-7.31713e-07	
654	6.472800e-03	-9.87709e-04	-5.50535e-07	
655	6.482800e-03	-9.94822e-04	-3.64194e-07	
656	6.492800e-03	-1.00212e-03	-1.73335e-07	
657	6.502800e-03	-1.00959e-03	2.142302e-08	
658	6.512800e-03	-1.01720e-03	2.193063e-07	
659	6.522800e-03	-1.02491e-03	4.195729e-07	
660	6.532800e-03	-1.03270e-03	6.213228e-07	
661	6.542800e-03	-1.04053e-03	8.236970e-07	
662	6.552800e-03	-1.04835e-03	1.025679e-06	
663	6.562800e-03	-1.05614e-03	1.226307e-06	
664	6.572800e-03	-1.06385e-03	1.424470e-06	
665	6.582800e-03	-1.07144e-03	1.619129e-06	
666	6.592800e-03	-1.07885e-03	1.809105e-06	
667	6.602800e-03	-1.08605e-03	1.993320e-06	
668	6.612800e-03	-1.09299e-03	2.170569e-06	
669	6.622800e-03	-1.09963e-03	2.339775e-06	
670	6.632800e-03	-1.10591e-03	2.499756e-06	
671	6.642800e-03	-1.11180e-03	2.649487e-06	
672	6.652800e-03	-1.11725e-03	2.787860e-06	
673	6.662800e-03	-1.12222e-03	2.913956e-06	
674	6.672800e-03	-1.12667e-03	3.026794e-06	
675	6.682800e-03	-1.13058e-03	3.125611e-06	
676	6.692800e-03	-1.13392e-03	3.209603e-06	
677	6.702800e-03	-1.13664e-03	3.278210e-06	
678	6.712800e-03	-1.13874e-03	3.330845e-06	
679	6.722800e-03	-1.14020e-03	3.367186e-06	
680	6.732800e-03	-1.14101e-03	3.386891e-06	
681	6.742800e-03	-1.14116e-03	3.389900e-06	
682	6.752800e-03	-1.14065e-03	3.376132e-06	
683	6.762800e-03	-1.13949e-03	3.345794e-06	
684	6.772800e-03	-1.13768e-03	3.299063e-06	
685	6.782800e-03	-1.13525e-03	3.236405e-06	
686	6.792800e-03	-1.13220e-03	3.158239e-06	
687	6.802800e-03	-1.12858e-03	3.065264e-06	
688	6.812800e-03	-1.12440e-03	2.958112e-06	
689	6.822800e-03	-1.11969e-03	2.837678e-06	
690	6.832800e-03	-1.11450e-03	2.704764e-06	
691	6.842800e-03	-1.10887e-03	2.560416e-06	
692	6.852800e-03	-1.10282e-03	2.405560e-06	

Index   time            v1#branch       v2#branch       
--------------------------------------------------------------------------------
693	6.862800e-03	-1.09641e-03	2.241342e-06	
694	6.872800e-03	-1.08969e-03	2.068760e-06	
695	6.882800e-03	-1.08268e-03	1.889011e-06	
696	6.892800e-03	-1.07544e-03	1.703115e-06	
697	6.902800e-03	-1.06802e-03	1.512272e-06	
698	6.912800e-03	-1.06045e-03	1.317479e-06	
699	6.922800e-03	-1.05279e-03	1.119900e-06	
700	6.932800e-03	-1.04506e-03	9.204713e-07	
701	6.942800e-03	-1.03731e-03	7.202849e-07	
702	6.952800e-03	-1.02958e-03	5.201900e-07	
703	6.962800e-03	-1.02190e-03	3.211838e-07	
704	6.972800e-03	-1.01431e-03	1.240081e-07	
705	6.982800e-03	-1.00683e-03	-7.04493e-08	
706	6.992800e-03	-9.99499e-04	-2.61564e-07	
707	7.002800e-03	-9.92336e-04	-4.48564e-07	
708	7.012800e-03	-9.85365e-04	-6.30945e-07	
709	7.022800e-03	-9.78607e-04	-8.08049e-07	
710	7.032800e-03	-9.72081e-04	-9.79488e-07	
711	7.042800e-03	-9.65801e-04	-1.14471e-06	
712	7.052800e-03	-9.59783e-04	-1.30343e-06	
713	7.062800e-03	-9.54038e-04	-1.45521e-06	
714	7.072800e-03	-9.48577e-04	-1.59984e-06	
715	7.082800e-03	-9.43406e-04	-1.73696e-06	
716	7.092800e-03	-9.38534e-04	-1.86647e-06	
717	7.102800e-03	-9.33967e-04	-1.98805e-06	
718	7.112800e-03	-9.29707e-04	-2.10168e-06	
719	7.122800e-03	-9.25759e-04	-2.20710e-06	
720	7.132800e-03	-9.22126e-04	-2.30433e-06	
721	7.142800e-03	-9.18808e-04	-2.39316e-06	
722	7.152800e-03	-9.15807e-04	-2.47363e-06	
723	7.162800e-03	-9.13124e-04	-2.54558e-06	
724	7.172800e-03	-9.10759e-04	-2.60908e-06	
725	7.182800e-03	-9.08713e-04	-2.66398e-06	
726	7.192800e-03	-9.06984e-04	-2.71037e-06	
727	7.202800e-03	-9.05573e-04	-2.74811e-06	
728	7.212800e-03	-9.04481e-04	-2.77730e-06	
729	7.222800e-03	-9.03706e-04	-2.79781e-06	
730	7.232800e-03	-9.03248e-04	-2.80975e-06	
731	7.242800e-03	-9.03109e-04	-2.81299e-06	
732	7.252800e-03	-9.03288e-04	-2.80765e-06	
733	7.262800e-03	-9.03785e-04	-2.79359e-06	
734	7.272800e-03	-9.04602e-04	-2.77093e-06	
735	7.282800e-03	-9.05738e-04	-2.73954e-06	
736	7.292800e-03	-9.07194e-04	-2.69955e-06	
737	7.302800e-03	-9.08972e-04	-2.65083e-06	
738	7.312800e-03	-9.11072e-04	-2.59352e-06	
739	7.322800e-03	-9.13494e-04	-2.52751e-06	
740	7.332800e-03	-9.16239e-04	-2.45294e-06	
741	7.342800e-03	-9.19307e-04	-2.36973e-06	
742	7.352800e-03	-9.22698e-04	-2.27805e-06	
743	7.362800e-03	-9.26411e-04	-2.17782e-06	
744	7.372800e-03	-9.30444e-04	-2.06928e-06	
745	7.382800e-03	-9.34795e-04	-1.95239e-06	
746	7.392800e-03	-9.39461e-04	-1.82742e-06	
747	7.402800e-03	-9.44437e-04	-1.69440e-06	
748	7.412800e-03	-9.49718e-04	-1.55366e-06	
749	7.422800e-03	-9.55296e-04	-1.40529e-06	
750	7.432800e-03	-9.61162e-04	-1.24972e-06	

Index   time            v1#branch       v2#branch       
--------------------------------------------------------------------------------
751	7.442800e-03	-9.67307e-04	-1.08713e-06	
752	7.452800e-03	-9.73715e-04	-9.18021e-07	
753	7.462800e-03	-9.80374e-04	-7.42684e-07	
754	7.472800e-03	-9.87264e-04	-5.61744e-07	
755	7.482800e-03	-9.94368e-04	-3.75593e-07	
756	7.492800e-03	-1.00166e-03	-1.84981e-07	
757	7.502800e-03	-1.00912e-03	9.579965e-09	
758	7.512800e-03	-1.01672e-03	2.072124e-07	
759	7.522800e-03	-1.02442e-03	4.072793e-07	
760	7.532800e-03	-1.03220e-03	6.087791e-07	
761	7.542800e-03	-1.04002e-03	8.109558e-07	
762	7.552800e-03	-1.04783e-03	1.012694e-06	
763	7.562800e-03	-1.05561e-03	1.213133e-06	
764	7.572800e-03	-1.06331e-03	1.411063e-06	
765	7.582800e-03	-1.07089e-03	1.605546e-06	
766	7.592800e-03	-1.07830e-03	1.795307e-06	
767	7.602800e-03	-1.08549e-03	1.979365e-06	
768	7.612800e-03	-1.09242e-03	2.156423e-06	
769	7.622800e-03	-1.09905e-03	2.325497e-06	
770	7.632800e-03	-1.10533e-03	2.485315e-06	
771	7.642800e-03	-1.11121e-03	2.634945e-06	
772	7.652800e-03	-1.11665e-03	2.773189e-06	
773	7.662800e-03	-1.12162e-03	2.899219e-06	
774	7.672800e-03	-1.12608e-03	3.011964e-06	
775	7.682800e-03	-1.12998e-03	3.110754e-06	
776	7.692800e-03	-1.13331e-03	3.194694e-06	
777	7.702800e-03	-1.13604e-03	3.263313e-06	
778	7.712800e-03	-1.13814e-03	3.315938e-06	
779	7.722800e-03	-1.13960e-03	3.352333e-06	
780	7.732800e-03	-1.14041e-03	3.372071e-06	
781	7.742800e-03	-1.14056e-03	3.375175e-06	
782	7.752800e-03	-1.14006e-03	3.361481e-06	
783	7.762800e-03	-1.13890e-03	3.331277e-06	
784	7.772800e-03	-1.13710e-03	3.284659e-06	
785	7.782800e-03	-1.13467e-03	3.222172e-06	
786	7.792800e-03	-1.13163e-03	3.144155e-06	
787	7.802800e-03	-1.12802e-03	3.051383e-06	
788	7.812800e-03	-1.12384e-03	2.944410e-06	
789	7.822800e-03	-1.11915e-03	2.824207e-06	
790	7.832800e-03	-1.11397e-03	2.691498e-06	
791	7.842800e-03	-1.10834e-03	2.547404e-06	
792	7.852800e-03	-1.10231e-03	2.392773e-06	
793	7.862800e-03	-1.09591e-03	2.228826e-06	
794	7.872800e-03	-1.08919e-03	2.056484e-06	
795	7.882800e-03	-1.08220e-03	1.877017e-06	
796	7.892800e-03	-1.07497e-03	1.691370e-06	
797	7.902800e-03	-1.06756e-03	1.500815e-06	
798	7.912800e-03	-1.06000e-03	1.306276e-06	
799	7.922800e-03	-1.05235e-03	1.108985e-06	
800	7.932800e-03	-1.04463e-03	9.098079e-07	
801	7.942800e-03	-1.03689e-03	7.099063e-07	
802	7.952800e-03	-1.02917e-03	5.100581e-07	
803	7.962800e-03	-1.02151e-03	3.113289e-07	
804	7.972800e-03	-1.01392e-03	1.143909e-07	
805	7.982800e-03	-1.00646e-03	-7.98006e-08	
806	7.992800e-03	-9.99135e-04	-2.70690e-07	
807	8.002800e-03	-9.91982e-04	-4.57438e-07	
808	8.012800e-03	-9.85021e-04	-6.39608e-07	

Index   time            v1#branch       v2#branch       
--------------------------------------------------------------------------------
809	8.022800e-03	-9.78272e-04	-8.16476e-07	
810	8.032800e-03	-9.71754e-04	-9.87719e-07	
811	8.042800e-03	-9.65484e-04	-1.15272e-06	
812	8.052800e-03	-9.59474e-04	-1.31127e-06	
813	8.062800e-03	-9.53737e-04	-1.46284e-06	
814	8.072800e-03	-9.48282e-04	-1.60731e-06	
815	8.082800e-03	-9.43119e-04	-1.74426e-06	
816	8.092800e-03	-9.38253e-04	-1.87362e-06	
817	8.102800e-03	-9.33692e-04	-1.99505e-06	
818	8.112800e-03	-9.29438e-04	-2.10855e-06	
819	8.122800e-03	-9.25496e-04	-2.21383e-06	
820	8.132800e-03	-9.21867e-04	-2.31096e-06	
821	8.142800e-03	-9.18554e-04	-2.39966e-06	
822	8.152800e-03	-9.15557e-04	-2.48005e-06	
823	8.162800e-03	-9.12878e-04	-2.55190e-06	
824	8.172800e-03	-9.10516e-04	-2.61533e-06	
825	8.182800e-03	-9.08472e-04	-2.67014e-06	
826	8.192800e-03	-9.06746e-04	-2.71648e-06	
827	8.202800e-03	-9.05338e-04	-2.75415e-06	
828	8.212800e-03	-9.04247e-04	-2.78332e-06	
829	8.222800e-03	-9.03474e-04	-2.80378e-06	
830	8.232800e-03	-9.03017e-04	-2.81571e-06	
831	8.242800e-03	-9.02879e-04	-2.81892e-06	
832	8.252800e-03	-9.03058e-04	-2.81358e-06	
833	8.262800e-03	-9.03555e-04	-2.79950e-06	
834	8.272800e-03	-9.04371e-04	-2.77686e-06	
835	8.282800e-03	-9.05507e-04	-2.74547e-06	
836	8.292800e-03	-9.06962e-04	-2.70552e-06	
837	8.302800e-03	-9.08739e-04	-2.65682e-06	
838	8.312800e-03	-9.10837e-04	-2.59957e-06	
839	8.322800e-03	-9.13257e-04	-2.53359e-06	
840	8.332800e-03	-9.15999e-04	-2.45909e-06	
841	8.342800e-03	-9.19065e-04	-2.37593e-06	
842	8.352800e-03	-9.22452e-04	-2.28433e-06	
843	8.362800e-03	-9.26162e-04	-2.18417e-06	
844	8.372800e-03	-9.30191e-04	-2.07573e-06	
845	8.382800e-03	-9.34538e-04	-1.95892e-06	
846	8.392800e-03	-9.39200e-04	-1.83407e-06	
847	8.402800e-03	-9.44172e-04	-1.70114e-06	
848	8.412800e-03	-9.49448e-04	-1.56053e-06	
849	8.422800e-03	-9.55021e-04	-1.41227e-06	
850	8.432800e-03	-9.60882e-04	-1.25684e-06	
851	8.442800e-03	-9.67020e-04	-1.09436e-06	
852	8.452800e-03	-9.73423e-04	-9.25402e-07	
853	8.462800e-03	-9.80075e-04	-7.50194e-07	
854	8.472800e-03	-9.86960e-04	-5.69410e-07	
855	8.482800e-03	-9.94057e-04	-3.83396e-07	
856	8.492800e-03	-1.00134e-03	-1.92946e-07	
857	8.502800e-03	-1.00880e-03	1.473585e-09	
858	8.512800e-03	-1.01639e-03	1.989410e-07	
859	8.522800e-03	-1.02408e-03	3.988645e-07	
860	8.532800e-03	-1.03186e-03	6.001996e-07	
861	8.542800e-03	-1.03967e-03	8.022348e-07	
862	8.552800e-03	-1.04748e-03	1.003812e-06	
863	8.562800e-03	-1.05525e-03	1.204115e-06	
864	8.572800e-03	-1.06295e-03	1.401892e-06	
865	8.582800e-03	-1.07052e-03	1.596248e-06	
866	8.592800e-03	-1.07792e-03	1.785868e-06	

Index   time            v1#branch       v2#branch       
--------------------------------------------------------------------------------
867	8.602800e-03	-1.08510e-03	1.969813e-06	
868	8.612800e-03	-1.09203e-03	2.146745e-06	
869	8.622800e-03	-1.09865e-03	2.315724e-06	
870	8.632800e-03	-1.10493e-03	2.475436e-06	
871	8.642800e-03	-1.11081e-03	2.624991e-06	
872	8.652800e-03	-1.11625e-03	2.763152e-06	
873	8.662800e-03	-1.12121e-03	2.889130e-06	
874	8.672800e-03	-1.12567e-03	3.001819e-06	
875	8.682800e-03	-1.12957e-03	3.100583e-06	
876	8.692800e-03	-1.13290e-03	3.184493e-06	
877	8.702800e-03	-1.13563e-03	3.253116e-06	
878	8.712800e-03	-1.13773e-03	3.305739e-06	
879	8.722800e-03	-1.13919e-03	3.342165e-06	
880	8.732800e-03	-1.14000e-03	3.361931e-06	
881	8.742800e-03	-1.14016e-03	3.365095e-06	
882	8.752800e-03	-1.13965e-03	3.351456e-06	
883	8.762800e-03	-1.13850e-03	3.321339e-06	
884	8.772800e-03	-1.13670e-03	3.274804e-06	
885	8.782800e-03	-1.13428e-03	3.212428e-06	
886	8.792800e-03	-1.13124e-03	3.134517e-06	
887	8.802800e-03	-1.12763e-03	3.041879e-06	
888	8.812800e-03	-1.12346e-03	2.935034e-06	
889	8.822800e-03	-1.11877e-03	2.814984e-06	
890	8.832800e-03	-1.11360e-03	2.682420e-06	
891	8.842800e-03	-1.10798e-03	2.538495e-06	
892	8.852800e-03	-1.10195e-03	2.384023e-06	
893	8.862800e-03	-1.09556e-03	2.220256e-06	
894	8.872800e-03	-1.08885e-03	2.048084e-06	
895	8.882800e-03	-1.08186e-03	1.868805e-06	
896	8.892800e-03	-1.07465e-03	1.683333e-06	
897	8.902800e-03	-1.06724e-03	1.492970e-06	
898	8.912800e-03	-1.05969e-03	1.298609e-06	
899	8.922800e-03	-1.05204e-03	1.101511e-06	
900	8.932800e-03	-1.04434e-03	9.025112e-07	
901	8.942800e-03	-1.03661e-03	7.027994e-07	
902	8.952800e-03	-1.02890e-03	5.031249e-07	
903	8.962800e-03	-1.02124e-03	3.045804e-07	
904	8.972800e-03	-1.01366e-03	1.078099e-07	
905	8.982800e-03	-1.00620e-03	-8.62045e-08	
906	8.992800e-03	-9.98886e-04	-2.76935e-07	
907	9.002800e-03	-9.91740e-04	-4.63515e-07	
908	9.012800e-03	-9.84785e-04	-6.45535e-07	
909	9.022800e-03	-9.78042e-04	-8.22246e-07	
910	9.032800e-03	-9.71531e-04	-9.93351e-07	
911	9.042800e-03	-9.65266e-04	-1.15821e-06	
912	9.052800e-03	-9.59261e-04	-1.31663e-06	
913	9.062800e-03	-9.53530e-04	-1.46807e-06	
914	9.072800e-03	-9.48080e-04	-1.61243e-06	
915	9.082800e-03	-9.42922e-04	-1.74925e-06	
916	9.092800e-03	-9.38061e-04	-1.87852e-06	
917	9.102800e-03	-9.33503e-04	-1.99984e-06	
918	9.112800e-03	-9.29253e-04	-2.11325e-06	
919	9.122800e-03	-9.25315e-04	-2.21844e-06	
920	9.132800e-03	-9.21689e-04	-2.31549e-06	
921	9.142800e-03	-9.18379e-04	-2.40411e-06	
922	9.152800e-03	-9.15385e-04	-2.48444e-06	
923	9.162800e-03	-9.12709e-04	-2.55622e-06	
924	9.172800e-03	-9.10349e-04	-2.61961e-06	

Index   time            v1#branch       v2#branch       
--------------------------------------------------------------------------------
925	9.182800e-03	-9.08308e-04	-2.67436e-06	
926	9.192800e-03	-9.06584e-04	-2.72067e-06	
927	9.202800e-03	-9.05177e-04	-2.75830e-06	
928	9.212800e-03	-9.04087e-04	-2.78744e-06	
929	9.222800e-03	-9.03315e-04	-2.80787e-06	
930	9.232800e-03	-9.02859e-04	-2.81979e-06	
931	9.242800e-03	-9.02721e-04	-2.82298e-06	
932	9.252800e-03	-9.02900e-04	-2.81764e-06	
933	9.262800e-03	-9.03398e-04	-2.80355e-06	
934	9.272800e-03	-9.04214e-04	-2.78092e-06	
935	9.282800e-03	-9.05349e-04	-2.74954e-06	
936	9.292800e-03	-9.06803e-04	-2.70961e-06	
937	9.302800e-03	-9.08579e-04	-2.66093e-06	
938	9.312800e-03	-9.10676e-04	-2.60371e-06	
939	9.322800e-03	-9.13094e-04	-2.53776e-06	
940	9.332800e-03	-9.15835e-04	-2.46330e-06	
941	9.342800e-03	-9.18899e-04	-2.38018e-06	
942	9.352800e-03	-9.22284e-04	-2.28863e-06	
943	9.362800e-03	-9.25991e-04	-2.18853e-06	
944	9.372800e-03	-9.30018e-04	-2.08015e-06	
945	9.382800e-03	-9.34363e-04	-1.96340e-06	
946	9.392800e-03	-9.39021e-04	-1.83862e-06	
947	9.402800e-03	-9.43990e-04	-1.70576e-06	
948	9.412800e-03	-9.49262e-04	-1.56523e-06	
949	9.422800e-03	-9.54832e-04	-1.41705e-06	
950	9.432800e-03	-9.60689e-04	-1.26171e-06	
951	9.442800e-03	-9.66824e-04	-1.09931e-06	
952	9.452800e-03	-9.73223e-04	-9.30453e-07	
953	9.462800e-03	-9.79871e-04	-7.55338e-07	
954	9.472800e-03	-9.86751e-04	-5.74658e-07	
955	9.482800e-03	-9.93844e-04	-3.88741e-07	
956	9.492800e-03	-1.00113e-03	-1.98398e-07	
957	9.502800e-03	-1.00857e-03	-4.07925e-09	
958	9.512800e-03	-1.01616e-03	1.932790e-07	
959	9.522800e-03	-1.02385e-03	3.931005e-07	
960	9.532800e-03	-1.03162e-03	5.943266e-07	
961	9.542800e-03	-1.03943e-03	7.962609e-07	
962	9.552800e-03	-1.04723e-03	9.977316e-07	
963	9.562800e-03	-1.05500e-03	1.197937e-06	
964	9.572800e-03	-1.06269e-03	1.395614e-06	
965	9.582800e-03	-1.07026e-03	1.589879e-06	
966	9.592800e-03	-1.07766e-03	1.779407e-06	
967	9.602800e-03	-1.08484e-03	1.963270e-06	
968	9.612800e-03	-1.09176e-03	2.140120e-06	
969	9.622800e-03	-1.09838e-03	2.309030e-06	
970	9.632800e-03	-1.10465e-03	2.468673e-06	
971	9.642800e-03	-1.11053e-03	2.618173e-06	
972	9.652800e-03	-1.11597e-03	2.756280e-06	
973	9.662800e-03	-1.12093e-03	2.882220e-06	
974	9.672800e-03	-1.12538e-03	2.994872e-06	
975	9.682800e-03	-1.12929e-03	3.093616e-06	
976	9.692800e-03	-1.13262e-03	3.177509e-06	
977	9.702800e-03	-1.13534e-03	3.246130e-06	
978	9.712800e-03	-1.13744e-03	3.298756e-06	
979	9.722800e-03	-1.13891e-03	3.335200e-06	
980	9.732800e-03	-1.13972e-03	3.354988e-06	
981	9.742800e-03	-1.13988e-03	3.358189e-06	
982	9.752800e-03	-1.13937e-03	3.344593e-06	

Index   time            v1#branch       v2#branch       
--------------------------------------------------------------------------------
983	9.762800e-03	-1.13822e-03	3.314531e-06	
984	9.772800e-03	-1.13643e-03	3.268056e-06	
985	9.782800e-03	-1.13401e-03	3.205753e-06	
986	9.792800e-03	-1.13098e-03	3.127918e-06	
987	9.802800e-03	-1.12737e-03	3.035369e-06	
988	9.812800e-03	-1.12320e-03	2.928614e-06	
989	9.822800e-03	-1.11852e-03	2.808666e-06	
990	9.832800e-03	-1.11335e-03	2.676205e-06	
991	9.842800e-03	-1.10773e-03	2.532391e-06	
992	9.852800e-03	-1.10171e-03	2.378032e-06	
993	9.862800e-03	-1.09532e-03	2.214385e-06	
994	9.872800e-03	-1.08862e-03	2.042332e-06	
995	9.882800e-03	-1.08164e-03	1.863178e-06	
996	9.892800e-03	-1.07442e-03	1.677830e-06	
997	9.902800e-03	-1.06702e-03	1.487595e-06	
998	9.912800e-03	-1.05948e-03	1.293359e-06	
999	9.922800e-03	-1.05184e-03	1.096389e-06	
1000	9.932800e-03	-1.04414e-03	8.975145e-07	
1001	9.942800e-03	-1.03641e-03	6.979298e-07	
1002	9.952800e-03	-1.02870e-03	4.983773e-07	
1003	9.962800e-03	-1.02105e-03	2.999562e-07	
1004	9.972800e-03	-1.01348e-03	1.033034e-07	
1005	9.982800e-03	-1.00603e-03	-9.05927e-08	
1006	9.992800e-03	-9.98715e-04	-2.81211e-07	
1007	1.000000e-02	-9.93555e-04	-4.15893e-07	
