* /home/fossee/updatedexamples/frequencyresponse_jfet/frequencyresponse_jfet.cir
AC Analysis  Tue Jun 24 16:15:15  2025
--------------------------------------------------------------------------------
Index   frequency       in                              
--------------------------------------------------------------------------------
0	1.000000e+04	1.000000e-04,	0.000000e+00	
1	1.023293e+04	1.000000e-04,	0.000000e+00	
2	1.047129e+04	1.000000e-04,	0.000000e+00	
3	1.071519e+04	1.000000e-04,	0.000000e+00	
4	1.096478e+04	1.000000e-04,	0.000000e+00	
5	1.122018e+04	1.000000e-04,	0.000000e+00	
6	1.148154e+04	1.000000e-04,	0.000000e+00	
7	1.174898e+04	1.000000e-04,	0.000000e+00	
8	1.202264e+04	1.000000e-04,	0.000000e+00	
9	1.230269e+04	1.000000e-04,	0.000000e+00	
10	1.258925e+04	1.000000e-04,	0.000000e+00	
11	1.288250e+04	1.000000e-04,	0.000000e+00	
12	1.318257e+04	1.000000e-04,	0.000000e+00	
13	1.348963e+04	1.000000e-04,	0.000000e+00	
14	1.380384e+04	1.000000e-04,	0.000000e+00	
15	1.412538e+04	1.000000e-04,	0.000000e+00	
16	1.445440e+04	1.000000e-04,	0.000000e+00	
17	1.479108e+04	1.000000e-04,	0.000000e+00	
18	1.513561e+04	1.000000e-04,	0.000000e+00	
19	1.548817e+04	1.000000e-04,	0.000000e+00	
20	1.584893e+04	1.000000e-04,	0.000000e+00	
21	1.621810e+04	1.000000e-04,	0.000000e+00	
22	1.659587e+04	1.000000e-04,	0.000000e+00	
23	1.698244e+04	1.000000e-04,	0.000000e+00	
24	1.737801e+04	1.000000e-04,	0.000000e+00	
25	1.778279e+04	1.000000e-04,	0.000000e+00	
26	1.819701e+04	1.000000e-04,	0.000000e+00	
27	1.862087e+04	1.000000e-04,	0.000000e+00	
28	1.905461e+04	1.000000e-04,	0.000000e+00	
29	1.949845e+04	1.000000e-04,	0.000000e+00	
30	1.995262e+04	1.000000e-04,	0.000000e+00	
31	2.041738e+04	1.000000e-04,	0.000000e+00	
32	2.089296e+04	1.000000e-04,	0.000000e+00	
33	2.137962e+04	1.000000e-04,	0.000000e+00	
34	2.187762e+04	1.000000e-04,	0.000000e+00	
35	2.238721e+04	1.000000e-04,	0.000000e+00	
36	2.290868e+04	1.000000e-04,	0.000000e+00	
37	2.344229e+04	1.000000e-04,	0.000000e+00	
38	2.398833e+04	1.000000e-04,	0.000000e+00	
39	2.454709e+04	1.000000e-04,	0.000000e+00	
40	2.511886e+04	1.000000e-04,	0.000000e+00	
41	2.570396e+04	1.000000e-04,	0.000000e+00	
42	2.630268e+04	1.000000e-04,	0.000000e+00	
43	2.691535e+04	1.000000e-04,	0.000000e+00	
44	2.754229e+04	1.000000e-04,	0.000000e+00	
45	2.818383e+04	1.000000e-04,	0.000000e+00	
46	2.884032e+04	1.000000e-04,	0.000000e+00	
47	2.951209e+04	1.000000e-04,	0.000000e+00	
48	3.019952e+04	1.000000e-04,	0.000000e+00	
49	3.090295e+04	1.000000e-04,	0.000000e+00	
50	3.162278e+04	1.000000e-04,	0.000000e+00	
51	3.235937e+04	1.000000e-04,	0.000000e+00	
52	3.311311e+04	1.000000e-04,	0.000000e+00	
53	3.388442e+04	1.000000e-04,	0.000000e+00	
54	3.467369e+04	1.000000e-04,	0.000000e+00	

Index   frequency       in                              
--------------------------------------------------------------------------------
55	3.548134e+04	1.000000e-04,	0.000000e+00	
56	3.630781e+04	1.000000e-04,	0.000000e+00	
57	3.715352e+04	1.000000e-04,	0.000000e+00	
58	3.801894e+04	1.000000e-04,	0.000000e+00	
59	3.890451e+04	1.000000e-04,	0.000000e+00	
60	3.981072e+04	1.000000e-04,	0.000000e+00	
61	4.073803e+04	1.000000e-04,	0.000000e+00	
62	4.168694e+04	1.000000e-04,	0.000000e+00	
63	4.265795e+04	1.000000e-04,	0.000000e+00	
64	4.365158e+04	1.000000e-04,	0.000000e+00	
65	4.466836e+04	1.000000e-04,	0.000000e+00	
66	4.570882e+04	1.000000e-04,	0.000000e+00	
67	4.677351e+04	1.000000e-04,	0.000000e+00	
68	4.786301e+04	1.000000e-04,	0.000000e+00	
69	4.897788e+04	1.000000e-04,	0.000000e+00	
70	5.011872e+04	1.000000e-04,	0.000000e+00	
71	5.128614e+04	1.000000e-04,	0.000000e+00	
72	5.248075e+04	1.000000e-04,	0.000000e+00	
73	5.370318e+04	1.000000e-04,	0.000000e+00	
74	5.495409e+04	1.000000e-04,	0.000000e+00	
75	5.623413e+04	1.000000e-04,	0.000000e+00	
76	5.754399e+04	1.000000e-04,	0.000000e+00	
77	5.888437e+04	1.000000e-04,	0.000000e+00	
78	6.025596e+04	1.000000e-04,	0.000000e+00	
79	6.165950e+04	1.000000e-04,	0.000000e+00	
80	6.309573e+04	1.000000e-04,	0.000000e+00	
81	6.456542e+04	1.000000e-04,	0.000000e+00	
82	6.606934e+04	1.000000e-04,	0.000000e+00	
83	6.760830e+04	1.000000e-04,	0.000000e+00	
84	6.918310e+04	1.000000e-04,	0.000000e+00	
85	7.079458e+04	1.000000e-04,	0.000000e+00	
86	7.244360e+04	1.000000e-04,	0.000000e+00	
87	7.413102e+04	1.000000e-04,	0.000000e+00	
88	7.585776e+04	1.000000e-04,	0.000000e+00	
89	7.762471e+04	1.000000e-04,	0.000000e+00	
90	7.943282e+04	1.000000e-04,	0.000000e+00	
91	8.128305e+04	1.000000e-04,	0.000000e+00	
92	8.317638e+04	1.000000e-04,	0.000000e+00	
93	8.511380e+04	1.000000e-04,	0.000000e+00	
94	8.709636e+04	1.000000e-04,	0.000000e+00	
95	8.912509e+04	1.000000e-04,	0.000000e+00	
96	9.120108e+04	1.000000e-04,	0.000000e+00	
97	9.332543e+04	1.000000e-04,	0.000000e+00	
98	9.549926e+04	1.000000e-04,	0.000000e+00	
99	9.772372e+04	1.000000e-04,	0.000000e+00	
100	1.000000e+05	1.000000e-04,	0.000000e+00	
101	1.023293e+05	1.000000e-04,	0.000000e+00	
102	1.047129e+05	1.000000e-04,	0.000000e+00	
103	1.071519e+05	1.000000e-04,	0.000000e+00	
104	1.096478e+05	1.000000e-04,	0.000000e+00	
105	1.122018e+05	1.000000e-04,	0.000000e+00	
106	1.148154e+05	1.000000e-04,	0.000000e+00	
107	1.174898e+05	1.000000e-04,	0.000000e+00	
108	1.202264e+05	1.000000e-04,	0.000000e+00	
109	1.230269e+05	1.000000e-04,	0.000000e+00	
110	1.258925e+05	1.000000e-04,	0.000000e+00	
111	1.288250e+05	1.000000e-04,	0.000000e+00	
112	1.318257e+05	1.000000e-04,	0.000000e+00	

Index   frequency       in                              
--------------------------------------------------------------------------------
113	1.348963e+05	1.000000e-04,	0.000000e+00	
114	1.380384e+05	1.000000e-04,	0.000000e+00	
115	1.412538e+05	1.000000e-04,	0.000000e+00	
116	1.445440e+05	1.000000e-04,	0.000000e+00	
117	1.479108e+05	1.000000e-04,	0.000000e+00	
118	1.513561e+05	1.000000e-04,	0.000000e+00	
119	1.548817e+05	1.000000e-04,	0.000000e+00	
120	1.584893e+05	1.000000e-04,	0.000000e+00	
121	1.621810e+05	1.000000e-04,	0.000000e+00	
122	1.659587e+05	1.000000e-04,	0.000000e+00	
123	1.698244e+05	1.000000e-04,	0.000000e+00	
124	1.737801e+05	1.000000e-04,	0.000000e+00	
125	1.778279e+05	1.000000e-04,	0.000000e+00	
126	1.819701e+05	1.000000e-04,	0.000000e+00	
127	1.862087e+05	1.000000e-04,	0.000000e+00	
128	1.905461e+05	1.000000e-04,	0.000000e+00	
129	1.949845e+05	1.000000e-04,	0.000000e+00	
130	1.995262e+05	1.000000e-04,	0.000000e+00	
131	2.041738e+05	1.000000e-04,	0.000000e+00	
132	2.089296e+05	1.000000e-04,	0.000000e+00	
133	2.137962e+05	1.000000e-04,	0.000000e+00	
134	2.187762e+05	1.000000e-04,	0.000000e+00	
135	2.238721e+05	1.000000e-04,	0.000000e+00	
136	2.290868e+05	1.000000e-04,	0.000000e+00	
137	2.344229e+05	1.000000e-04,	0.000000e+00	
138	2.398833e+05	1.000000e-04,	0.000000e+00	
139	2.454709e+05	1.000000e-04,	0.000000e+00	
140	2.511886e+05	1.000000e-04,	0.000000e+00	
141	2.570396e+05	1.000000e-04,	0.000000e+00	
142	2.630268e+05	1.000000e-04,	0.000000e+00	
143	2.691535e+05	1.000000e-04,	0.000000e+00	
144	2.754229e+05	1.000000e-04,	0.000000e+00	
145	2.818383e+05	1.000000e-04,	0.000000e+00	
146	2.884032e+05	1.000000e-04,	0.000000e+00	
147	2.951209e+05	1.000000e-04,	0.000000e+00	
148	3.019952e+05	1.000000e-04,	0.000000e+00	
149	3.090295e+05	1.000000e-04,	0.000000e+00	
150	3.162278e+05	1.000000e-04,	0.000000e+00	
151	3.235937e+05	1.000000e-04,	0.000000e+00	
152	3.311311e+05	1.000000e-04,	0.000000e+00	
153	3.388442e+05	1.000000e-04,	0.000000e+00	
154	3.467369e+05	1.000000e-04,	0.000000e+00	
155	3.548134e+05	1.000000e-04,	0.000000e+00	
156	3.630781e+05	1.000000e-04,	0.000000e+00	
157	3.715352e+05	1.000000e-04,	0.000000e+00	
158	3.801894e+05	1.000000e-04,	0.000000e+00	
159	3.890451e+05	1.000000e-04,	0.000000e+00	
160	3.981072e+05	1.000000e-04,	0.000000e+00	
161	4.073803e+05	1.000000e-04,	0.000000e+00	
162	4.168694e+05	1.000000e-04,	0.000000e+00	
163	4.265795e+05	1.000000e-04,	0.000000e+00	
164	4.365158e+05	1.000000e-04,	0.000000e+00	
165	4.466836e+05	1.000000e-04,	0.000000e+00	
166	4.570882e+05	1.000000e-04,	0.000000e+00	
167	4.677351e+05	1.000000e-04,	0.000000e+00	
168	4.786301e+05	1.000000e-04,	0.000000e+00	
169	4.897788e+05	1.000000e-04,	0.000000e+00	
170	5.011872e+05	1.000000e-04,	0.000000e+00	

Index   frequency       in                              
--------------------------------------------------------------------------------
171	5.128614e+05	1.000000e-04,	0.000000e+00	
172	5.248075e+05	1.000000e-04,	0.000000e+00	
173	5.370318e+05	1.000000e-04,	0.000000e+00	
174	5.495409e+05	1.000000e-04,	0.000000e+00	
175	5.623413e+05	1.000000e-04,	0.000000e+00	
176	5.754399e+05	1.000000e-04,	0.000000e+00	
177	5.888437e+05	1.000000e-04,	0.000000e+00	
178	6.025596e+05	1.000000e-04,	0.000000e+00	
179	6.165950e+05	1.000000e-04,	0.000000e+00	
180	6.309573e+05	1.000000e-04,	0.000000e+00	
181	6.456542e+05	1.000000e-04,	0.000000e+00	
182	6.606934e+05	1.000000e-04,	0.000000e+00	
183	6.760830e+05	1.000000e-04,	0.000000e+00	
184	6.918310e+05	1.000000e-04,	0.000000e+00	
185	7.079458e+05	1.000000e-04,	0.000000e+00	
186	7.244360e+05	1.000000e-04,	0.000000e+00	
187	7.413102e+05	1.000000e-04,	0.000000e+00	
188	7.585776e+05	1.000000e-04,	0.000000e+00	
189	7.762471e+05	1.000000e-04,	0.000000e+00	
190	7.943282e+05	1.000000e-04,	0.000000e+00	
191	8.128305e+05	1.000000e-04,	0.000000e+00	
192	8.317638e+05	1.000000e-04,	0.000000e+00	
193	8.511380e+05	1.000000e-04,	0.000000e+00	
194	8.709636e+05	1.000000e-04,	0.000000e+00	
195	8.912509e+05	1.000000e-04,	0.000000e+00	
196	9.120108e+05	1.000000e-04,	0.000000e+00	
197	9.332543e+05	1.000000e-04,	0.000000e+00	
198	9.549926e+05	1.000000e-04,	0.000000e+00	
199	9.772372e+05	1.000000e-04,	0.000000e+00	
200	1.000000e+06	1.000000e-04,	0.000000e+00	
201	1.023293e+06	1.000000e-04,	0.000000e+00	
202	1.047129e+06	1.000000e-04,	0.000000e+00	
203	1.071519e+06	1.000000e-04,	0.000000e+00	
204	1.096478e+06	1.000000e-04,	0.000000e+00	
205	1.122018e+06	1.000000e-04,	0.000000e+00	
206	1.148154e+06	1.000000e-04,	0.000000e+00	
207	1.174898e+06	1.000000e-04,	0.000000e+00	
208	1.202264e+06	1.000000e-04,	0.000000e+00	
209	1.230269e+06	1.000000e-04,	0.000000e+00	
210	1.258925e+06	1.000000e-04,	0.000000e+00	
211	1.288250e+06	1.000000e-04,	0.000000e+00	
212	1.318257e+06	1.000000e-04,	0.000000e+00	
213	1.348963e+06	1.000000e-04,	0.000000e+00	
214	1.380384e+06	1.000000e-04,	0.000000e+00	
215	1.412538e+06	1.000000e-04,	0.000000e+00	
216	1.445440e+06	1.000000e-04,	0.000000e+00	
217	1.479108e+06	1.000000e-04,	0.000000e+00	
218	1.513561e+06	1.000000e-04,	0.000000e+00	
219	1.548817e+06	1.000000e-04,	0.000000e+00	
220	1.584893e+06	1.000000e-04,	0.000000e+00	
221	1.621810e+06	1.000000e-04,	0.000000e+00	
222	1.659587e+06	1.000000e-04,	0.000000e+00	
223	1.698244e+06	1.000000e-04,	0.000000e+00	
224	1.737801e+06	1.000000e-04,	0.000000e+00	
225	1.778279e+06	1.000000e-04,	0.000000e+00	
226	1.819701e+06	1.000000e-04,	0.000000e+00	
227	1.862087e+06	1.000000e-04,	0.000000e+00	
228	1.905461e+06	1.000000e-04,	0.000000e+00	

Index   frequency       in                              
--------------------------------------------------------------------------------
229	1.949845e+06	1.000000e-04,	0.000000e+00	
230	1.995262e+06	1.000000e-04,	0.000000e+00	
231	2.041738e+06	1.000000e-04,	0.000000e+00	
232	2.089296e+06	1.000000e-04,	0.000000e+00	
233	2.137962e+06	1.000000e-04,	0.000000e+00	
234	2.187762e+06	1.000000e-04,	0.000000e+00	
235	2.238721e+06	1.000000e-04,	0.000000e+00	
236	2.290868e+06	1.000000e-04,	0.000000e+00	
237	2.344229e+06	1.000000e-04,	0.000000e+00	
238	2.398833e+06	1.000000e-04,	0.000000e+00	
239	2.454709e+06	1.000000e-04,	0.000000e+00	
240	2.511886e+06	1.000000e-04,	0.000000e+00	
241	2.570396e+06	1.000000e-04,	0.000000e+00	
242	2.630268e+06	1.000000e-04,	0.000000e+00	
243	2.691535e+06	1.000000e-04,	0.000000e+00	
244	2.754229e+06	1.000000e-04,	0.000000e+00	
245	2.818383e+06	1.000000e-04,	0.000000e+00	
246	2.884032e+06	1.000000e-04,	0.000000e+00	
247	2.951209e+06	1.000000e-04,	0.000000e+00	
248	3.019952e+06	1.000000e-04,	0.000000e+00	
249	3.090295e+06	1.000000e-04,	0.000000e+00	
250	3.162278e+06	1.000000e-04,	0.000000e+00	
251	3.235937e+06	1.000000e-04,	0.000000e+00	
252	3.311311e+06	1.000000e-04,	0.000000e+00	
253	3.388442e+06	1.000000e-04,	0.000000e+00	
254	3.467369e+06	1.000000e-04,	0.000000e+00	
255	3.548134e+06	1.000000e-04,	0.000000e+00	
256	3.630781e+06	1.000000e-04,	0.000000e+00	
257	3.715352e+06	1.000000e-04,	0.000000e+00	
258	3.801894e+06	1.000000e-04,	0.000000e+00	
259	3.890451e+06	1.000000e-04,	0.000000e+00	
260	3.981072e+06	1.000000e-04,	0.000000e+00	
261	4.073803e+06	1.000000e-04,	0.000000e+00	
262	4.168694e+06	1.000000e-04,	0.000000e+00	
263	4.265795e+06	1.000000e-04,	0.000000e+00	
264	4.365158e+06	1.000000e-04,	0.000000e+00	
265	4.466836e+06	1.000000e-04,	0.000000e+00	
266	4.570882e+06	1.000000e-04,	0.000000e+00	
267	4.677351e+06	1.000000e-04,	0.000000e+00	
268	4.786301e+06	1.000000e-04,	0.000000e+00	
269	4.897788e+06	1.000000e-04,	0.000000e+00	
270	5.011872e+06	1.000000e-04,	0.000000e+00	
271	5.128614e+06	1.000000e-04,	0.000000e+00	
272	5.248075e+06	1.000000e-04,	0.000000e+00	
273	5.370318e+06	1.000000e-04,	0.000000e+00	
274	5.495409e+06	1.000000e-04,	0.000000e+00	
275	5.623413e+06	1.000000e-04,	0.000000e+00	
276	5.754399e+06	1.000000e-04,	0.000000e+00	
277	5.888437e+06	1.000000e-04,	0.000000e+00	
278	6.025596e+06	1.000000e-04,	0.000000e+00	
279	6.165950e+06	1.000000e-04,	0.000000e+00	
280	6.309573e+06	1.000000e-04,	0.000000e+00	
281	6.456542e+06	1.000000e-04,	0.000000e+00	
282	6.606934e+06	1.000000e-04,	0.000000e+00	
283	6.760830e+06	1.000000e-04,	0.000000e+00	
284	6.918310e+06	1.000000e-04,	0.000000e+00	
285	7.079458e+06	1.000000e-04,	0.000000e+00	
286	7.244360e+06	1.000000e-04,	0.000000e+00	

Index   frequency       in                              
--------------------------------------------------------------------------------
287	7.413102e+06	1.000000e-04,	0.000000e+00	
288	7.585776e+06	1.000000e-04,	0.000000e+00	
289	7.762471e+06	1.000000e-04,	0.000000e+00	
290	7.943282e+06	1.000000e-04,	0.000000e+00	
291	8.128305e+06	1.000000e-04,	0.000000e+00	
292	8.317638e+06	1.000000e-04,	0.000000e+00	
293	8.511380e+06	1.000000e-04,	0.000000e+00	
294	8.709636e+06	1.000000e-04,	0.000000e+00	
295	8.912509e+06	1.000000e-04,	0.000000e+00	
296	9.120108e+06	1.000000e-04,	0.000000e+00	
297	9.332543e+06	1.000000e-04,	0.000000e+00	
298	9.549926e+06	1.000000e-04,	0.000000e+00	
299	9.772372e+06	1.000000e-04,	0.000000e+00	
300	1.000000e+07	1.000000e-04,	0.000000e+00	
301	1.023293e+07	1.000000e-04,	0.000000e+00	
302	1.047129e+07	1.000000e-04,	0.000000e+00	
303	1.071519e+07	1.000000e-04,	0.000000e+00	
304	1.096478e+07	1.000000e-04,	0.000000e+00	
305	1.122018e+07	1.000000e-04,	0.000000e+00	
306	1.148154e+07	1.000000e-04,	0.000000e+00	
307	1.174898e+07	1.000000e-04,	0.000000e+00	
308	1.202264e+07	1.000000e-04,	0.000000e+00	
309	1.230269e+07	1.000000e-04,	0.000000e+00	
310	1.258925e+07	1.000000e-04,	0.000000e+00	
311	1.288250e+07	1.000000e-04,	0.000000e+00	
312	1.318257e+07	1.000000e-04,	0.000000e+00	
313	1.348963e+07	1.000000e-04,	0.000000e+00	
314	1.380384e+07	1.000000e-04,	0.000000e+00	
315	1.412538e+07	1.000000e-04,	0.000000e+00	
316	1.445440e+07	1.000000e-04,	0.000000e+00	
317	1.479108e+07	1.000000e-04,	0.000000e+00	
318	1.513561e+07	1.000000e-04,	0.000000e+00	
319	1.548817e+07	1.000000e-04,	0.000000e+00	
320	1.584893e+07	1.000000e-04,	0.000000e+00	
321	1.621810e+07	1.000000e-04,	0.000000e+00	
322	1.659587e+07	1.000000e-04,	0.000000e+00	
323	1.698244e+07	1.000000e-04,	0.000000e+00	
324	1.737801e+07	1.000000e-04,	0.000000e+00	
325	1.778279e+07	1.000000e-04,	0.000000e+00	
326	1.819701e+07	1.000000e-04,	0.000000e+00	
327	1.862087e+07	1.000000e-04,	0.000000e+00	
328	1.905461e+07	1.000000e-04,	0.000000e+00	
329	1.949845e+07	1.000000e-04,	0.000000e+00	
330	1.995262e+07	1.000000e-04,	0.000000e+00	
331	2.041738e+07	1.000000e-04,	0.000000e+00	
332	2.089296e+07	1.000000e-04,	0.000000e+00	
333	2.137962e+07	1.000000e-04,	0.000000e+00	
334	2.187762e+07	1.000000e-04,	0.000000e+00	
335	2.238721e+07	1.000000e-04,	0.000000e+00	
336	2.290868e+07	1.000000e-04,	0.000000e+00	
337	2.344229e+07	1.000000e-04,	0.000000e+00	
338	2.398833e+07	1.000000e-04,	0.000000e+00	
339	2.454709e+07	1.000000e-04,	0.000000e+00	
340	2.511886e+07	1.000000e-04,	0.000000e+00	
341	2.570396e+07	1.000000e-04,	0.000000e+00	
342	2.630268e+07	1.000000e-04,	0.000000e+00	
343	2.691535e+07	1.000000e-04,	0.000000e+00	
344	2.754229e+07	1.000000e-04,	0.000000e+00	

Index   frequency       in                              
--------------------------------------------------------------------------------
345	2.818383e+07	1.000000e-04,	0.000000e+00	
346	2.884032e+07	1.000000e-04,	0.000000e+00	
347	2.951209e+07	1.000000e-04,	0.000000e+00	
348	3.019952e+07	1.000000e-04,	0.000000e+00	
349	3.090295e+07	1.000000e-04,	0.000000e+00	
350	3.162278e+07	1.000000e-04,	0.000000e+00	
351	3.235937e+07	1.000000e-04,	0.000000e+00	
352	3.311311e+07	1.000000e-04,	0.000000e+00	
353	3.388442e+07	1.000000e-04,	0.000000e+00	
354	3.467369e+07	1.000000e-04,	0.000000e+00	
355	3.548134e+07	1.000000e-04,	0.000000e+00	
356	3.630781e+07	1.000000e-04,	0.000000e+00	
357	3.715352e+07	1.000000e-04,	0.000000e+00	
358	3.801894e+07	1.000000e-04,	0.000000e+00	
359	3.890451e+07	1.000000e-04,	0.000000e+00	
360	3.981072e+07	1.000000e-04,	0.000000e+00	
361	4.073803e+07	1.000000e-04,	0.000000e+00	
362	4.168694e+07	1.000000e-04,	0.000000e+00	
363	4.265795e+07	1.000000e-04,	0.000000e+00	
364	4.365158e+07	1.000000e-04,	0.000000e+00	
365	4.466836e+07	1.000000e-04,	0.000000e+00	
366	4.570882e+07	1.000000e-04,	0.000000e+00	
367	4.677351e+07	1.000000e-04,	0.000000e+00	
368	4.786301e+07	1.000000e-04,	0.000000e+00	
369	4.897788e+07	1.000000e-04,	0.000000e+00	
370	5.011872e+07	1.000000e-04,	0.000000e+00	
371	5.128614e+07	1.000000e-04,	0.000000e+00	
372	5.248075e+07	1.000000e-04,	0.000000e+00	
373	5.370318e+07	1.000000e-04,	0.000000e+00	
374	5.495409e+07	1.000000e-04,	0.000000e+00	
375	5.623413e+07	1.000000e-04,	0.000000e+00	
376	5.754399e+07	1.000000e-04,	0.000000e+00	
377	5.888437e+07	1.000000e-04,	0.000000e+00	
378	6.025596e+07	1.000000e-04,	0.000000e+00	
379	6.165950e+07	1.000000e-04,	0.000000e+00	
380	6.309573e+07	1.000000e-04,	0.000000e+00	
381	6.456542e+07	1.000000e-04,	0.000000e+00	
382	6.606934e+07	1.000000e-04,	0.000000e+00	
383	6.760830e+07	1.000000e-04,	0.000000e+00	
384	6.918310e+07	1.000000e-04,	0.000000e+00	
385	7.079458e+07	1.000000e-04,	0.000000e+00	
386	7.244360e+07	1.000000e-04,	0.000000e+00	
387	7.413102e+07	1.000000e-04,	0.000000e+00	
388	7.585776e+07	1.000000e-04,	0.000000e+00	
389	7.762471e+07	1.000000e-04,	0.000000e+00	
390	7.943282e+07	1.000000e-04,	0.000000e+00	
391	8.128305e+07	1.000000e-04,	0.000000e+00	
392	8.317638e+07	1.000000e-04,	0.000000e+00	
393	8.511380e+07	1.000000e-04,	0.000000e+00	
394	8.709636e+07	1.000000e-04,	0.000000e+00	
395	8.912509e+07	1.000000e-04,	0.000000e+00	
396	9.120108e+07	1.000000e-04,	0.000000e+00	
397	9.332543e+07	1.000000e-04,	0.000000e+00	
398	9.549926e+07	1.000000e-04,	0.000000e+00	
399	9.772372e+07	1.000000e-04,	0.000000e+00	
400	1.000000e+08	1.000000e-04,	0.000000e+00	

* /home/fossee/updatedexamples/frequencyresponse_jfet/frequencyresponse_jfet.cir
AC Analysis  Tue Jun 24 16:15:15  2025
--------------------------------------------------------------------------------
Index   frequency       net-_c1-pad1_                   
--------------------------------------------------------------------------------
0	1.000000e+04	9.999987e-05,	1.585532e-09	
1	1.023293e+04	9.999987e-05,	1.549404e-09	
2	1.047129e+04	9.999987e-05,	1.514101e-09	
3	1.071519e+04	9.999987e-05,	1.479603e-09	
4	1.096478e+04	9.999987e-05,	1.445892e-09	
5	1.122018e+04	9.999987e-05,	1.412950e-09	
6	1.148154e+04	9.999987e-05,	1.380760e-09	
7	1.174898e+04	9.999987e-05,	1.349304e-09	
8	1.202264e+04	9.999987e-05,	1.318566e-09	
9	1.230269e+04	9.999987e-05,	1.288529e-09	
10	1.258925e+04	9.999987e-05,	1.259177e-09	
11	1.288250e+04	9.999987e-05,	1.230494e-09	
12	1.318257e+04	9.999987e-05,	1.202465e-09	
13	1.348963e+04	9.999987e-05,	1.175076e-09	
14	1.380384e+04	9.999987e-05,	1.148311e-09	
15	1.412538e+04	9.999987e-05,	1.122156e-09	
16	1.445440e+04	9.999987e-05,	1.096598e-09	
17	1.479108e+04	9.999987e-05,	1.071622e-09	
18	1.513561e+04	9.999987e-05,	1.047216e-09	
19	1.548817e+04	9.999987e-05,	1.023366e-09	
20	1.584893e+04	9.999987e-05,	1.000060e-09	
21	1.621810e+04	9.999987e-05,	9.772852e-10	
22	1.659587e+04	9.999987e-05,	9.550293e-10	
23	1.698244e+04	9.999987e-05,	9.332807e-10	
24	1.737801e+04	9.999987e-05,	9.120277e-10	
25	1.778279e+04	9.999987e-05,	8.912591e-10	
26	1.819701e+04	9.999987e-05,	8.709637e-10	
27	1.862087e+04	9.999987e-05,	8.511309e-10	
28	1.905461e+04	9.999987e-05,	8.317499e-10	
29	1.949845e+04	9.999987e-05,	8.128106e-10	
30	1.995262e+04	9.999987e-05,	7.943028e-10	
31	2.041738e+04	9.999987e-05,	7.762167e-10	
32	2.089296e+04	9.999987e-05,	7.585427e-10	
33	2.137962e+04	9.999987e-05,	7.412713e-10	
34	2.187762e+04	9.999987e-05,	7.243933e-10	
35	2.238721e+04	9.999987e-05,	7.078999e-10	
36	2.290868e+04	9.999987e-05,	6.917822e-10	
37	2.344229e+04	9.999987e-05,	6.760316e-10	
38	2.398833e+04	9.999987e-05,	6.606398e-10	
39	2.454709e+04	9.999987e-05,	6.455987e-10	
40	2.511886e+04	9.999987e-05,	6.309001e-10	
41	2.570396e+04	9.999987e-05,	6.165363e-10	
42	2.630268e+04	9.999987e-05,	6.024996e-10	
43	2.691535e+04	9.999987e-05,	5.887827e-10	
44	2.754229e+04	9.999987e-05,	5.753782e-10	
45	2.818383e+04	9.999987e-05,	5.622789e-10	
46	2.884032e+04	9.999987e-05,	5.494780e-10	
47	2.951209e+04	9.999987e-05,	5.369686e-10	
48	3.019952e+04	9.999987e-05,	5.247441e-10	
49	3.090295e+04	9.999987e-05,	5.127980e-10	
50	3.162278e+04	9.999987e-05,	5.011239e-10	
51	3.235937e+04	9.999987e-05,	4.897157e-10	
52	3.311311e+04	9.999987e-05,	4.785673e-10	
53	3.388442e+04	9.999987e-05,	4.676727e-10	
54	3.467369e+04	9.999987e-05,	4.570262e-10	

Index   frequency       net-_c1-pad1_                   
--------------------------------------------------------------------------------
55	3.548134e+04	9.999987e-05,	4.466222e-10	
56	3.630781e+04	9.999987e-05,	4.364550e-10	
57	3.715352e+04	9.999987e-05,	4.265194e-10	
58	3.801894e+04	9.999987e-05,	4.168100e-10	
59	3.890451e+04	9.999987e-05,	4.073217e-10	
60	3.981072e+04	9.999987e-05,	3.980494e-10	
61	4.073803e+04	9.999987e-05,	3.889883e-10	
62	4.168694e+04	9.999987e-05,	3.801334e-10	
63	4.265795e+04	9.999987e-05,	3.714802e-10	
64	4.365158e+04	9.999987e-05,	3.630240e-10	
65	4.466836e+04	9.999987e-05,	3.547604e-10	
66	4.570882e+04	9.999987e-05,	3.466848e-10	
67	4.677351e+04	9.999987e-05,	3.387932e-10	
68	4.786301e+04	9.999987e-05,	3.310812e-10	
69	4.897788e+04	9.999987e-05,	3.235449e-10	
70	5.011872e+04	9.999987e-05,	3.161801e-10	
71	5.128614e+04	9.999987e-05,	3.089830e-10	
72	5.248075e+04	9.999987e-05,	3.019497e-10	
73	5.370318e+04	9.999987e-05,	2.950766e-10	
74	5.495409e+04	9.999987e-05,	2.883600e-10	
75	5.623413e+04	9.999987e-05,	2.817962e-10	
76	5.754399e+04	9.999987e-05,	2.753820e-10	
77	5.888437e+04	9.999987e-05,	2.691137e-10	
78	6.025596e+04	9.999987e-05,	2.629882e-10	
79	6.165950e+04	9.999987e-05,	2.570021e-10	
80	6.309573e+04	9.999987e-05,	2.511523e-10	
81	6.456542e+04	9.999987e-05,	2.454357e-10	
82	6.606934e+04	9.999987e-05,	2.398493e-10	
83	6.760830e+04	9.999987e-05,	2.343900e-10	
84	6.918310e+04	9.999987e-05,	2.290551e-10	
85	7.079458e+04	9.999987e-05,	2.238415e-10	
86	7.244360e+04	9.999987e-05,	2.187467e-10	
87	7.413102e+04	9.999987e-05,	2.137679e-10	
88	7.585776e+04	9.999987e-05,	2.089025e-10	
89	7.762471e+04	9.999987e-05,	2.041478e-10	
90	7.943282e+04	9.999987e-05,	1.995013e-10	
91	8.128305e+04	9.999987e-05,	1.949607e-10	
92	8.317638e+04	9.999987e-05,	1.905234e-10	
93	8.511380e+04	9.999987e-05,	1.861872e-10	
94	8.709636e+04	9.999987e-05,	1.819497e-10	
95	8.912509e+04	9.999987e-05,	1.778086e-10	
96	9.120108e+04	9.999987e-05,	1.737619e-10	
97	9.332543e+04	9.999987e-05,	1.698072e-10	
98	9.549926e+04	9.999987e-05,	1.659427e-10	
99	9.772372e+04	9.999987e-05,	1.621661e-10	
100	1.000000e+05	9.999987e-05,	1.584755e-10	
101	1.023293e+05	9.999987e-05,	1.548689e-10	
102	1.047129e+05	9.999987e-05,	1.513445e-10	
103	1.071519e+05	9.999987e-05,	1.479003e-10	
104	1.096478e+05	9.999987e-05,	1.445345e-10	
105	1.122018e+05	9.999987e-05,	1.412453e-10	
106	1.148154e+05	9.999987e-05,	1.380311e-10	
107	1.174898e+05	9.999987e-05,	1.348900e-10	
108	1.202264e+05	9.999987e-05,	1.318205e-10	
109	1.230269e+05	9.999987e-05,	1.288209e-10	
110	1.258925e+05	9.999987e-05,	1.258895e-10	
111	1.288250e+05	9.999987e-05,	1.230249e-10	
112	1.318257e+05	9.999987e-05,	1.202256e-10	

Index   frequency       net-_c1-pad1_                   
--------------------------------------------------------------------------------
113	1.348963e+05	9.999987e-05,	1.174900e-10	
114	1.380384e+05	9.999987e-05,	1.148167e-10	
115	1.412538e+05	9.999987e-05,	1.122042e-10	
116	1.445440e+05	9.999987e-05,	1.096513e-10	
117	1.479108e+05	9.999987e-05,	1.071565e-10	
118	1.513561e+05	9.999987e-05,	1.047185e-10	
119	1.548817e+05	9.999987e-05,	1.023361e-10	
120	1.584893e+05	9.999987e-05,	1.000079e-10	
121	1.621810e+05	9.999987e-05,	9.773272e-11	
122	1.659587e+05	9.999987e-05,	9.550937e-11	
123	1.698244e+05	9.999987e-05,	9.333667e-11	
124	1.737801e+05	9.999987e-05,	9.121346e-11	
125	1.778279e+05	9.999987e-05,	8.913860e-11	
126	1.819701e+05	9.999987e-05,	8.711102e-11	
127	1.862087e+05	9.999987e-05,	8.512962e-11	
128	1.905461e+05	9.999987e-05,	8.319335e-11	
129	1.949845e+05	9.999987e-05,	8.130120e-11	
130	1.995262e+05	9.999987e-05,	7.945216e-11	
131	2.041738e+05	9.999987e-05,	7.764524e-11	
132	2.089296e+05	9.999987e-05,	7.587950e-11	
133	2.137962e+05	9.999987e-05,	7.415398e-11	
134	2.187762e+05	9.999987e-05,	7.246778e-11	
135	2.238721e+05	9.999987e-05,	7.082001e-11	
136	2.290868e+05	9.999987e-05,	6.920979e-11	
137	2.344229e+05	9.999987e-05,	6.763626e-11	
138	2.398833e+05	9.999987e-05,	6.609860e-11	
139	2.454709e+05	9.999987e-05,	6.459598e-11	
140	2.511886e+05	9.999987e-05,	6.312761e-11	
141	2.570396e+05	9.999987e-05,	6.169272e-11	
142	2.630268e+05	9.999987e-05,	6.029053e-11	
143	2.691535e+05	9.999987e-05,	5.892031e-11	
144	2.754229e+05	9.999987e-05,	5.758133e-11	
145	2.818383e+05	9.999987e-05,	5.627289e-11	
146	2.884032e+05	9.999987e-05,	5.499428e-11	
147	2.951209e+05	9.999987e-05,	5.374482e-11	
148	3.019952e+05	9.999987e-05,	5.252387e-11	
149	3.090295e+05	9.999987e-05,	5.133076e-11	
150	3.162278e+05	9.999987e-05,	5.016487e-11	
151	3.235937e+05	9.999987e-05,	4.902558e-11	
152	3.311311e+05	9.999987e-05,	4.791228e-11	
153	3.388442e+05	9.999987e-05,	4.682439e-11	
154	3.467369e+05	9.999987e-05,	4.576132e-11	
155	3.548134e+05	9.999987e-05,	4.472252e-11	
156	3.630781e+05	9.999987e-05,	4.370743e-11	
157	3.715352e+05	9.999987e-05,	4.271551e-11	
158	3.801894e+05	9.999987e-05,	4.174624e-11	
159	3.890451e+05	9.999987e-05,	4.079911e-11	
160	3.981072e+05	9.999987e-05,	3.987361e-11	
161	4.073803e+05	9.999987e-05,	3.896925e-11	
162	4.168694e+05	9.999987e-05,	3.808555e-11	
163	4.265795e+05	9.999987e-05,	3.722205e-11	
164	4.365158e+05	9.999987e-05,	3.637828e-11	
165	4.466836e+05	9.999987e-05,	3.555380e-11	
166	4.570882e+05	9.999987e-05,	3.474817e-11	
167	4.677351e+05	9.999987e-05,	3.396097e-11	
168	4.786301e+05	9.999987e-05,	3.319177e-11	
169	4.897788e+05	9.999987e-05,	3.244017e-11	
170	5.011872e+05	9.999987e-05,	3.170577e-11	

Index   frequency       net-_c1-pad1_                   
--------------------------------------------------------------------------------
171	5.128614e+05	9.999987e-05,	3.098818e-11	
172	5.248075e+05	9.999987e-05,	3.028702e-11	
173	5.370318e+05	9.999987e-05,	2.960193e-11	
174	5.495409e+05	9.999987e-05,	2.893252e-11	
175	5.623413e+05	9.999987e-05,	2.827846e-11	
176	5.754399e+05	9.999987e-05,	2.763939e-11	
177	5.888437e+05	9.999987e-05,	2.701497e-11	
178	6.025596e+05	9.999987e-05,	2.640488e-11	
179	6.165950e+05	9.999987e-05,	2.580879e-11	
180	6.309573e+05	9.999987e-05,	2.522638e-11	
181	6.456542e+05	9.999987e-05,	2.465735e-11	
182	6.606934e+05	9.999987e-05,	2.410139e-11	
183	6.760830e+05	9.999987e-05,	2.355821e-11	
184	6.918310e+05	9.999987e-05,	2.302753e-11	
185	7.079458e+05	9.999987e-05,	2.250905e-11	
186	7.244360e+05	9.999987e-05,	2.200250e-11	
187	7.413102e+05	9.999987e-05,	2.150763e-11	
188	7.585776e+05	9.999987e-05,	2.102415e-11	
189	7.762471e+05	9.999987e-05,	2.055182e-11	
190	7.943282e+05	9.999987e-05,	2.009039e-11	
191	8.128305e+05	9.999987e-05,	1.963962e-11	
192	8.317638e+05	9.999987e-05,	1.919925e-11	
193	8.511380e+05	9.999987e-05,	1.876907e-11	
194	8.709636e+05	9.999987e-05,	1.834883e-11	
195	8.912509e+05	9.999987e-05,	1.793833e-11	
196	9.120108e+05	9.999987e-05,	1.753733e-11	
197	9.332543e+05	9.999987e-05,	1.714564e-11	
198	9.549926e+05	9.999987e-05,	1.676304e-11	
199	9.772372e+05	9.999987e-05,	1.638932e-11	
200	1.000000e+06	9.999987e-05,	1.602429e-11	
201	1.023293e+06	9.999987e-05,	1.566776e-11	
202	1.047129e+06	9.999987e-05,	1.531954e-11	
203	1.071519e+06	9.999987e-05,	1.497944e-11	
204	1.096478e+06	9.999987e-05,	1.464728e-11	
205	1.122018e+06	9.999987e-05,	1.432289e-11	
206	1.148154e+06	9.999987e-05,	1.400609e-11	
207	1.174898e+06	9.999987e-05,	1.369672e-11	
208	1.202264e+06	9.999987e-05,	1.339461e-11	
209	1.230269e+06	9.999987e-05,	1.309960e-11	
210	1.258925e+06	9.999987e-05,	1.281154e-11	
211	1.288250e+06	9.999987e-05,	1.253027e-11	
212	1.318257e+06	9.999987e-05,	1.225565e-11	
213	1.348963e+06	9.999987e-05,	1.198752e-11	
214	1.380384e+06	9.999987e-05,	1.172575e-11	
215	1.412538e+06	9.999987e-05,	1.147020e-11	
216	1.445440e+06	9.999987e-05,	1.122072e-11	
217	1.479108e+06	9.999987e-05,	1.097720e-11	
218	1.513561e+06	9.999987e-05,	1.073950e-11	
219	1.548817e+06	9.999987e-05,	1.050749e-11	
220	1.584893e+06	9.999987e-05,	1.028105e-11	
221	1.621810e+06	9.999987e-05,	1.006007e-11	
222	1.659587e+06	9.999987e-05,	9.844413e-12	
223	1.698244e+06	9.999987e-05,	9.633980e-12	
224	1.737801e+06	9.999987e-05,	9.428655e-12	
225	1.778279e+06	9.999987e-05,	9.228330e-12	
226	1.819701e+06	9.999987e-05,	9.032897e-12	
227	1.862087e+06	9.999987e-05,	8.842254e-12	
228	1.905461e+06	9.999987e-05,	8.656298e-12	

Index   frequency       net-_c1-pad1_                   
--------------------------------------------------------------------------------
229	1.949845e+06	9.999987e-05,	8.474933e-12	
230	1.995262e+06	9.999987e-05,	8.298061e-12	
231	2.041738e+06	9.999987e-05,	8.125588e-12	
232	2.089296e+06	9.999987e-05,	7.957424e-12	
233	2.137962e+06	9.999987e-05,	7.793478e-12	
234	2.187762e+06	9.999987e-05,	7.633665e-12	
235	2.238721e+06	9.999987e-05,	7.477899e-12	
236	2.290868e+06	9.999987e-05,	7.326098e-12	
237	2.344229e+06	9.999987e-05,	7.178182e-12	
238	2.398833e+06	9.999987e-05,	7.034071e-12	
239	2.454709e+06	9.999987e-05,	6.893689e-12	
240	2.511886e+06	9.999987e-05,	6.756963e-12	
241	2.570396e+06	9.999987e-05,	6.623818e-12	
242	2.630268e+06	9.999987e-05,	6.494186e-12	
243	2.691535e+06	9.999987e-05,	6.367997e-12	
244	2.754229e+06	9.999987e-05,	6.245184e-12	
245	2.818383e+06	9.999987e-05,	6.125682e-12	
246	2.884032e+06	9.999987e-05,	6.009428e-12	
247	2.951209e+06	9.999987e-05,	5.896360e-12	
248	3.019952e+06	9.999987e-05,	5.786418e-12	
249	3.090295e+06	9.999987e-05,	5.679544e-12	
250	3.162278e+06	9.999987e-05,	5.575680e-12	
251	3.235937e+06	9.999987e-05,	5.474773e-12	
252	3.311311e+06	9.999987e-05,	5.376768e-12	
253	3.388442e+06	9.999987e-05,	5.281614e-12	
254	3.467369e+06	9.999987e-05,	5.189260e-12	
255	3.548134e+06	9.999987e-05,	5.099656e-12	
256	3.630781e+06	9.999987e-05,	5.012756e-12	
257	3.715352e+06	9.999987e-05,	4.928514e-12	
258	3.801894e+06	9.999987e-05,	4.846884e-12	
259	3.890451e+06	9.999987e-05,	4.767823e-12	
260	3.981072e+06	9.999987e-05,	4.691290e-12	
261	4.073803e+06	9.999987e-05,	4.617243e-12	
262	4.168694e+06	9.999987e-05,	4.545644e-12	
263	4.265795e+06	9.999987e-05,	4.476454e-12	
264	4.365158e+06	9.999987e-05,	4.409637e-12	
265	4.466836e+06	9.999987e-05,	4.345157e-12	
266	4.570882e+06	9.999987e-05,	4.282980e-12	
267	4.677351e+06	9.999987e-05,	4.223073e-12	
268	4.786301e+06	9.999987e-05,	4.165404e-12	
269	4.897788e+06	9.999987e-05,	4.109943e-12	
270	5.011872e+06	9.999987e-05,	4.056659e-12	
271	5.128614e+06	9.999987e-05,	4.005525e-12	
272	5.248075e+06	9.999987e-05,	3.956513e-12	
273	5.370318e+06	9.999987e-05,	3.909598e-12	
274	5.495409e+06	9.999987e-05,	3.864754e-12	
275	5.623413e+06	9.999987e-05,	3.821957e-12	
276	5.754399e+06	9.999987e-05,	3.781185e-12	
277	5.888437e+06	9.999987e-05,	3.742416e-12	
278	6.025596e+06	9.999987e-05,	3.705629e-12	
279	6.165950e+06	9.999987e-05,	3.670805e-12	
280	6.309573e+06	9.999987e-05,	3.637925e-12	
281	6.456542e+06	9.999987e-05,	3.606970e-12	
282	6.606934e+06	9.999987e-05,	3.577926e-12	
283	6.760830e+06	9.999987e-05,	3.550775e-12	
284	6.918310e+06	9.999987e-05,	3.525504e-12	
285	7.079458e+06	9.999987e-05,	3.502099e-12	
286	7.244360e+06	9.999987e-05,	3.480547e-12	

Index   frequency       net-_c1-pad1_                   
--------------------------------------------------------------------------------
287	7.413102e+06	9.999987e-05,	3.460837e-12	
288	7.585776e+06	9.999987e-05,	3.442957e-12	
289	7.762471e+06	9.999987e-05,	3.426899e-12	
290	7.943282e+06	9.999987e-05,	3.412652e-12	
291	8.128305e+06	9.999987e-05,	3.400210e-12	
292	8.317638e+06	9.999987e-05,	3.389565e-12	
293	8.511380e+06	9.999987e-05,	3.380712e-12	
294	8.709636e+06	9.999987e-05,	3.373644e-12	
295	8.912509e+06	9.999987e-05,	3.368359e-12	
296	9.120108e+06	9.999987e-05,	3.364852e-12	
297	9.332543e+06	9.999987e-05,	3.363121e-12	
298	9.549926e+06	9.999987e-05,	3.363166e-12	
299	9.772372e+06	9.999987e-05,	3.364984e-12	
300	1.000000e+07	9.999987e-05,	3.368577e-12	
301	1.023293e+07	9.999987e-05,	3.373946e-12	
302	1.047129e+07	9.999987e-05,	3.381092e-12	
303	1.071519e+07	9.999987e-05,	3.390020e-12	
304	1.096478e+07	9.999987e-05,	3.400732e-12	
305	1.122018e+07	9.999987e-05,	3.413234e-12	
306	1.148154e+07	9.999987e-05,	3.427532e-12	
307	1.174898e+07	9.999987e-05,	3.443630e-12	
308	1.202264e+07	9.999987e-05,	3.461539e-12	
309	1.230269e+07	9.999987e-05,	3.481264e-12	
310	1.258925e+07	9.999987e-05,	3.502817e-12	
311	1.288250e+07	9.999987e-05,	3.526206e-12	
312	1.318257e+07	9.999987e-05,	3.551442e-12	
313	1.348963e+07	9.999987e-05,	3.578539e-12	
314	1.380384e+07	9.999987e-05,	3.607507e-12	
315	1.412538e+07	9.999987e-05,	3.638362e-12	
316	1.445440e+07	9.999987e-05,	3.671116e-12	
317	1.479108e+07	9.999987e-05,	3.705787e-12	
318	1.513561e+07	9.999987e-05,	3.742388e-12	
319	1.548817e+07	9.999987e-05,	3.780939e-12	
320	1.584893e+07	9.999987e-05,	3.821456e-12	
321	1.621810e+07	9.999987e-05,	3.863959e-12	
322	1.659587e+07	9.999987e-05,	3.908467e-12	
323	1.698244e+07	9.999987e-05,	3.955001e-12	
324	1.737801e+07	9.999987e-05,	4.003582e-12	
325	1.778279e+07	9.999987e-05,	4.054232e-12	
326	1.819701e+07	9.999987e-05,	4.106974e-12	
327	1.862087e+07	9.999987e-05,	4.161832e-12	
328	1.905461e+07	9.999987e-05,	4.218832e-12	
329	1.949845e+07	9.999987e-05,	4.277998e-12	
330	1.995262e+07	9.999987e-05,	4.339357e-12	
331	2.041738e+07	9.999987e-05,	4.402935e-12	
332	2.089296e+07	9.999987e-05,	4.468763e-12	
333	2.137962e+07	9.999987e-05,	4.536866e-12	
334	2.187762e+07	9.999987e-05,	4.607277e-12	
335	2.238721e+07	9.999987e-05,	4.680024e-12	
336	2.290868e+07	9.999987e-05,	4.755140e-12	
337	2.344229e+07	9.999987e-05,	4.832655e-12	
338	2.398833e+07	9.999987e-05,	4.912602e-12	
339	2.454709e+07	9.999987e-05,	4.995015e-12	
340	2.511886e+07	9.999987e-05,	5.079928e-12	
341	2.570396e+07	9.999987e-05,	5.167375e-12	
342	2.630268e+07	9.999987e-05,	5.257391e-12	
343	2.691535e+07	9.999987e-05,	5.350012e-12	
344	2.754229e+07	9.999987e-05,	5.445274e-12	

Index   frequency       net-_c1-pad1_                   
--------------------------------------------------------------------------------
345	2.818383e+07	9.999987e-05,	5.543215e-12	
346	2.884032e+07	9.999987e-05,	5.643871e-12	
347	2.951209e+07	9.999987e-05,	5.747280e-12	
348	3.019952e+07	9.999987e-05,	5.853481e-12	
349	3.090295e+07	9.999987e-05,	5.962512e-12	
350	3.162278e+07	9.999987e-05,	6.074412e-12	
351	3.235937e+07	9.999987e-05,	6.189220e-12	
352	3.311311e+07	9.999987e-05,	6.306974e-12	
353	3.388442e+07	9.999987e-05,	6.427715e-12	
354	3.467369e+07	9.999987e-05,	6.551481e-12	
355	3.548134e+07	9.999987e-05,	6.678312e-12	
356	3.630781e+07	9.999987e-05,	6.808246e-12	
357	3.715352e+07	9.999987e-05,	6.941323e-12	
358	3.801894e+07	9.999987e-05,	7.077581e-12	
359	3.890451e+07	9.999987e-05,	7.217058e-12	
360	3.981072e+07	9.999987e-05,	7.359792e-12	
361	4.073803e+07	9.999987e-05,	7.505818e-12	
362	4.168694e+07	9.999987e-05,	7.655174e-12	
363	4.265795e+07	9.999987e-05,	7.807894e-12	
364	4.365158e+07	9.999987e-05,	7.964011e-12	
365	4.466836e+07	9.999987e-05,	8.123560e-12	
366	4.570882e+07	9.999987e-05,	8.286569e-12	
367	4.677351e+07	9.999987e-05,	8.453070e-12	
368	4.786301e+07	9.999987e-05,	8.623090e-12	
369	4.897788e+07	9.999987e-05,	8.796655e-12	
370	5.011872e+07	9.999987e-05,	8.973787e-12	
371	5.128614e+07	9.999987e-05,	9.154509e-12	
372	5.248075e+07	9.999987e-05,	9.338839e-12	
373	5.370318e+07	9.999987e-05,	9.526792e-12	
374	5.495409e+07	9.999987e-05,	9.718380e-12	
375	5.623413e+07	9.999987e-05,	9.913613e-12	
376	5.754399e+07	9.999987e-05,	1.011250e-11	
377	5.888437e+07	9.999987e-05,	1.031503e-11	
378	6.025596e+07	9.999987e-05,	1.052121e-11	
379	6.165950e+07	9.999987e-05,	1.073103e-11	
380	6.309573e+07	9.999987e-05,	1.094447e-11	
381	6.456542e+07	9.999987e-05,	1.116153e-11	
382	6.606934e+07	9.999987e-05,	1.138217e-11	
383	6.760830e+07	9.999987e-05,	1.160636e-11	
384	6.918310e+07	9.999987e-05,	1.183408e-11	
385	7.079458e+07	9.999987e-05,	1.206527e-11	
386	7.244360e+07	9.999987e-05,	1.229988e-11	
387	7.413102e+07	9.999987e-05,	1.253786e-11	
388	7.585776e+07	9.999987e-05,	1.277914e-11	
389	7.762471e+07	9.999987e-05,	1.302365e-11	
390	7.943282e+07	9.999987e-05,	1.327130e-11	
391	8.128305e+07	9.999987e-05,	1.352200e-11	
392	8.317638e+07	9.999987e-05,	1.377566e-11	
393	8.511380e+07	9.999987e-05,	1.403214e-11	
394	8.709636e+07	9.999987e-05,	1.429135e-11	
395	8.912509e+07	9.999987e-05,	1.455313e-11	
396	9.120108e+07	9.999987e-05,	1.481735e-11	
397	9.332543e+07	9.999987e-05,	1.508385e-11	
398	9.549926e+07	9.999987e-05,	1.535247e-11	
399	9.772372e+07	9.999987e-05,	1.562302e-11	
400	1.000000e+08	9.999987e-05,	1.589530e-11	

* /home/fossee/updatedexamples/frequencyresponse_jfet/frequencyresponse_jfet.cir
AC Analysis  Tue Jun 24 16:15:15  2025
--------------------------------------------------------------------------------
Index   frequency       net-_c6-pad1_                   
--------------------------------------------------------------------------------
0	1.000000e+04	2.124844e-06,	-5.30444e-06	
1	1.023293e+04	2.041943e-06,	-5.21614e-06	
2	1.047129e+04	1.961798e-06,	-5.12805e-06	
3	1.071519e+04	1.884356e-06,	-5.04026e-06	
4	1.096478e+04	1.809560e-06,	-4.95284e-06	
5	1.122018e+04	1.737352e-06,	-4.86587e-06	
6	1.148154e+04	1.667672e-06,	-4.77940e-06	
7	1.174898e+04	1.600460e-06,	-4.69352e-06	
8	1.202264e+04	1.535655e-06,	-4.60826e-06	
9	1.230269e+04	1.473195e-06,	-4.52369e-06	
10	1.258925e+04	1.413018e-06,	-4.43986e-06	
11	1.288250e+04	1.355061e-06,	-4.35681e-06	
12	1.318257e+04	1.299261e-06,	-4.27458e-06	
13	1.348963e+04	1.245556e-06,	-4.19322e-06	
14	1.380384e+04	1.193884e-06,	-4.11276e-06	
15	1.412538e+04	1.144184e-06,	-4.03323e-06	
16	1.445440e+04	1.096394e-06,	-3.95466e-06	
17	1.479108e+04	1.050455e-06,	-3.87708e-06	
18	1.513561e+04	1.006306e-06,	-3.80050e-06	
19	1.548817e+04	9.638901e-07,	-3.72496e-06	
20	1.584893e+04	9.231484e-07,	-3.65046e-06	
21	1.621810e+04	8.840247e-07,	-3.57702e-06	
22	1.659587e+04	8.464635e-07,	-3.50466e-06	
23	1.698244e+04	8.104107e-07,	-3.43339e-06	
24	1.737801e+04	7.758130e-07,	-3.36321e-06	
25	1.778279e+04	7.426187e-07,	-3.29412e-06	
26	1.819701e+04	7.107772e-07,	-3.22615e-06	
27	1.862087e+04	6.802391e-07,	-3.15928e-06	
28	1.905461e+04	6.509565e-07,	-3.09352e-06	
29	1.949845e+04	6.228826e-07,	-3.02886e-06	
30	1.995262e+04	5.959722e-07,	-2.96532e-06	
31	2.041738e+04	5.701811e-07,	-2.90288e-06	
32	2.089296e+04	5.454666e-07,	-2.84154e-06	
33	2.137962e+04	5.217873e-07,	-2.78129e-06	
34	2.187762e+04	4.991030e-07,	-2.72213e-06	
35	2.238721e+04	4.773749e-07,	-2.66405e-06	
36	2.290868e+04	4.565654e-07,	-2.60705e-06	
37	2.344229e+04	4.366382e-07,	-2.55111e-06	
38	2.398833e+04	4.175580e-07,	-2.49622e-06	
39	2.454709e+04	3.992910e-07,	-2.44238e-06	
40	2.511886e+04	3.818045e-07,	-2.38957e-06	
41	2.570396e+04	3.650669e-07,	-2.33779e-06	
42	2.630268e+04	3.490476e-07,	-2.28701e-06	
43	2.691535e+04	3.337173e-07,	-2.23723e-06	
44	2.754229e+04	3.190478e-07,	-2.18844e-06	
45	2.818383e+04	3.050118e-07,	-2.14062e-06	
46	2.884032e+04	2.915831e-07,	-2.09376e-06	
47	2.951209e+04	2.787364e-07,	-2.04784e-06	
48	3.019952e+04	2.664474e-07,	-2.00286e-06	
49	3.090295e+04	2.546929e-07,	-1.95879e-06	
50	3.162278e+04	2.434503e-07,	-1.91562e-06	
51	3.235937e+04	2.326981e-07,	-1.87335e-06	
52	3.311311e+04	2.224155e-07,	-1.83195e-06	
53	3.388442e+04	2.125827e-07,	-1.79141e-06	
54	3.467369e+04	2.031805e-07,	-1.75172e-06	

Index   frequency       net-_c6-pad1_                   
--------------------------------------------------------------------------------
55	3.548134e+04	1.941906e-07,	-1.71286e-06	
56	3.630781e+04	1.855953e-07,	-1.67482e-06	
57	3.715352e+04	1.773779e-07,	-1.63758e-06	
58	3.801894e+04	1.695219e-07,	-1.60113e-06	
59	3.890451e+04	1.620119e-07,	-1.56546e-06	
60	3.981072e+04	1.548331e-07,	-1.53055e-06	
61	4.073803e+04	1.479709e-07,	-1.49638e-06	
62	4.168694e+04	1.414119e-07,	-1.46295e-06	
63	4.265795e+04	1.351428e-07,	-1.43024e-06	
64	4.365158e+04	1.291510e-07,	-1.39823e-06	
65	4.466836e+04	1.234245e-07,	-1.36692e-06	
66	4.570882e+04	1.179517e-07,	-1.33628e-06	
67	4.677351e+04	1.127216e-07,	-1.30631e-06	
68	4.786301e+04	1.077235e-07,	-1.27699e-06	
69	4.897788e+04	1.029473e-07,	-1.24832e-06	
70	5.011872e+04	9.838326e-08,	-1.22027e-06	
71	5.128614e+04	9.402210e-08,	-1.19283e-06	
72	5.248075e+04	8.985490e-08,	-1.16600e-06	
73	5.370318e+04	8.587313e-08,	-1.13975e-06	
74	5.495409e+04	8.206864e-08,	-1.11408e-06	
75	5.623413e+04	7.843361e-08,	-1.08898e-06	
76	5.754399e+04	7.496056e-08,	-1.06444e-06	
77	5.888437e+04	7.164236e-08,	-1.04043e-06	
78	6.025596e+04	6.847216e-08,	-1.01696e-06	
79	6.165950e+04	6.544341e-08,	-9.94009e-07	
80	6.309573e+04	6.254986e-08,	-9.71566e-07	
81	6.456542e+04	5.978552e-08,	-9.49622e-07	
82	6.606934e+04	5.714467e-08,	-9.28166e-07	
83	6.760830e+04	5.462182e-08,	-9.07188e-07	
84	6.918310e+04	5.221174e-08,	-8.86677e-07	
85	7.079458e+04	4.990943e-08,	-8.66624e-07	
86	7.244360e+04	4.771009e-08,	-8.47019e-07	
87	7.413102e+04	4.560915e-08,	-8.27852e-07	
88	7.585776e+04	4.360223e-08,	-8.09113e-07	
89	7.762471e+04	4.168514e-08,	-7.90795e-07	
90	7.943282e+04	3.985389e-08,	-7.72886e-07	
91	8.128305e+04	3.810465e-08,	-7.55379e-07	
92	8.317638e+04	3.643377e-08,	-7.38265e-07	
93	8.511380e+04	3.483775e-08,	-7.21535e-07	
94	8.709636e+04	3.331325e-08,	-7.05181e-07	
95	8.912509e+04	3.185708e-08,	-6.89195e-07	
96	9.120108e+04	3.046620e-08,	-6.73568e-07	
97	9.332543e+04	2.913768e-08,	-6.58293e-07	
98	9.549926e+04	2.786873e-08,	-6.43361e-07	
99	9.772372e+04	2.665670e-08,	-6.28766e-07	
100	1.000000e+05	2.549905e-08,	-6.14500e-07	
101	1.023293e+05	2.439333e-08,	-6.00556e-07	
102	1.047129e+05	2.333723e-08,	-5.86926e-07	
103	1.071519e+05	2.232853e-08,	-5.73603e-07	
104	1.096478e+05	2.136510e-08,	-5.60582e-07	
105	1.122018e+05	2.044492e-08,	-5.47854e-07	
106	1.148154e+05	1.956606e-08,	-5.35414e-07	
107	1.174898e+05	1.872665e-08,	-5.23255e-07	
108	1.202264e+05	1.792494e-08,	-5.11371e-07	
109	1.230269e+05	1.715923e-08,	-4.99756e-07	
110	1.258925e+05	1.642792e-08,	-4.88403e-07	
111	1.288250e+05	1.572945e-08,	-4.77308e-07	
112	1.318257e+05	1.506236e-08,	-4.66463e-07	

Index   frequency       net-_c6-pad1_                   
--------------------------------------------------------------------------------
113	1.348963e+05	1.442524e-08,	-4.55864e-07	
114	1.380384e+05	1.381675e-08,	-4.45505e-07	
115	1.412538e+05	1.323560e-08,	-4.35380e-07	
116	1.445440e+05	1.268056e-08,	-4.25485e-07	
117	1.479108e+05	1.215047e-08,	-4.15814e-07	
118	1.513561e+05	1.164420e-08,	-4.06363e-07	
119	1.548817e+05	1.116068e-08,	-3.97125e-07	
120	1.584893e+05	1.069890e-08,	-3.88097e-07	
121	1.621810e+05	1.025788e-08,	-3.79274e-07	
122	1.659587e+05	9.836680e-09,	-3.70651e-07	
123	1.698244e+05	9.434417e-09,	-3.62223e-07	
124	1.737801e+05	9.050240e-09,	-3.53987e-07	
125	1.778279e+05	8.683335e-09,	-3.45937e-07	
126	1.819701e+05	8.332928e-09,	-3.38071e-07	
127	1.862087e+05	7.998276e-09,	-3.30382e-07	
128	1.905461e+05	7.678673e-09,	-3.22869e-07	
129	1.949845e+05	7.373442e-09,	-3.15526e-07	
130	1.995262e+05	7.081937e-09,	-3.08349e-07	
131	2.041738e+05	6.803542e-09,	-3.01336e-07	
132	2.089296e+05	6.537667e-09,	-2.94482e-07	
133	2.137962e+05	6.283750e-09,	-2.87783e-07	
134	2.187762e+05	6.041253e-09,	-2.81237e-07	
135	2.238721e+05	5.809663e-09,	-2.74839e-07	
136	2.290868e+05	5.588490e-09,	-2.68587e-07	
137	2.344229e+05	5.377266e-09,	-2.62477e-07	
138	2.398833e+05	5.175542e-09,	-2.56506e-07	
139	2.454709e+05	4.982893e-09,	-2.50670e-07	
140	2.511886e+05	4.798910e-09,	-2.44967e-07	
141	2.570396e+05	4.623203e-09,	-2.39394e-07	
142	2.630268e+05	4.455401e-09,	-2.33947e-07	
143	2.691535e+05	4.295148e-09,	-2.28624e-07	
144	2.754229e+05	4.142104e-09,	-2.23422e-07	
145	2.818383e+05	3.995946e-09,	-2.18338e-07	
146	2.884032e+05	3.856363e-09,	-2.13370e-07	
147	2.951209e+05	3.723060e-09,	-2.08515e-07	
148	3.019952e+05	3.595754e-09,	-2.03771e-07	
149	3.090295e+05	3.474176e-09,	-1.99134e-07	
150	3.162278e+05	3.358068e-09,	-1.94602e-07	
151	3.235937e+05	3.247185e-09,	-1.90174e-07	
152	3.311311e+05	3.141290e-09,	-1.85846e-07	
153	3.388442e+05	3.040160e-09,	-1.81617e-07	
154	3.467369e+05	2.943581e-09,	-1.77484e-07	
155	3.548134e+05	2.851347e-09,	-1.73445e-07	
156	3.630781e+05	2.763263e-09,	-1.69498e-07	
157	3.715352e+05	2.679143e-09,	-1.65641e-07	
158	3.801894e+05	2.598808e-09,	-1.61871e-07	
159	3.890451e+05	2.522088e-09,	-1.58187e-07	
160	3.981072e+05	2.448820e-09,	-1.54587e-07	
161	4.073803e+05	2.378849e-09,	-1.51069e-07	
162	4.168694e+05	2.312027e-09,	-1.47631e-07	
163	4.265795e+05	2.248211e-09,	-1.44271e-07	
164	4.365158e+05	2.187267e-09,	-1.40988e-07	
165	4.466836e+05	2.129066e-09,	-1.37779e-07	
166	4.570882e+05	2.073484e-09,	-1.34643e-07	
167	4.677351e+05	2.020403e-09,	-1.31579e-07	
168	4.786301e+05	1.969711e-09,	-1.28584e-07	
169	4.897788e+05	1.921300e-09,	-1.25658e-07	
170	5.011872e+05	1.875067e-09,	-1.22798e-07	

Index   frequency       net-_c6-pad1_                   
--------------------------------------------------------------------------------
171	5.128614e+05	1.830915e-09,	-1.20003e-07	
172	5.248075e+05	1.788750e-09,	-1.17272e-07	
173	5.370318e+05	1.748483e-09,	-1.14602e-07	
174	5.495409e+05	1.710028e-09,	-1.11994e-07	
175	5.623413e+05	1.673303e-09,	-1.09445e-07	
176	5.754399e+05	1.638231e-09,	-1.06954e-07	
177	5.888437e+05	1.604737e-09,	-1.04520e-07	
178	6.025596e+05	1.572751e-09,	-1.02141e-07	
179	6.165950e+05	1.542204e-09,	-9.98159e-08	
180	6.309573e+05	1.513032e-09,	-9.75440e-08	
181	6.456542e+05	1.485173e-09,	-9.53238e-08	
182	6.606934e+05	1.458567e-09,	-9.31541e-08	
183	6.760830e+05	1.433159e-09,	-9.10338e-08	
184	6.918310e+05	1.408895e-09,	-8.89618e-08	
185	7.079458e+05	1.385722e-09,	-8.69369e-08	
186	7.244360e+05	1.363592e-09,	-8.49581e-08	
187	7.413102e+05	1.342458e-09,	-8.30243e-08	
188	7.585776e+05	1.322276e-09,	-8.11346e-08	
189	7.762471e+05	1.303001e-09,	-7.92878e-08	
190	7.943282e+05	1.284594e-09,	-7.74831e-08	
191	8.128305e+05	1.267016e-09,	-7.57195e-08	
192	8.317638e+05	1.250228e-09,	-7.39960e-08	
193	8.511380e+05	1.234197e-09,	-7.23117e-08	
194	8.709636e+05	1.218886e-09,	-7.06658e-08	
195	8.912509e+05	1.204265e-09,	-6.90573e-08	
196	9.120108e+05	1.190302e-09,	-6.74854e-08	
197	9.332543e+05	1.176967e-09,	-6.59493e-08	
198	9.549926e+05	1.164232e-09,	-6.44482e-08	
199	9.772372e+05	1.152071e-09,	-6.29812e-08	
200	1.000000e+06	1.140456e-09,	-6.15477e-08	
201	1.023293e+06	1.129365e-09,	-6.01467e-08	
202	1.047129e+06	1.118773e-09,	-5.87776e-08	
203	1.071519e+06	1.108657e-09,	-5.74397e-08	
204	1.096478e+06	1.098997e-09,	-5.61323e-08	
205	1.122018e+06	1.089771e-09,	-5.48546e-08	
206	1.148154e+06	1.080961e-09,	-5.36060e-08	
207	1.174898e+06	1.072547e-09,	-5.23858e-08	
208	1.202264e+06	1.064512e-09,	-5.11934e-08	
209	1.230269e+06	1.056838e-09,	-5.00281e-08	
210	1.258925e+06	1.049510e-09,	-4.88894e-08	
211	1.288250e+06	1.042512e-09,	-4.77765e-08	
212	1.318257e+06	1.035828e-09,	-4.66890e-08	
213	1.348963e+06	1.029446e-09,	-4.56263e-08	
214	1.380384e+06	1.023351e-09,	-4.45877e-08	
215	1.412538e+06	1.017530e-09,	-4.35728e-08	
216	1.445440e+06	1.011971e-09,	-4.25810e-08	
217	1.479108e+06	1.006662e-09,	-4.16118e-08	
218	1.513561e+06	1.001592e-09,	-4.06646e-08	
219	1.548817e+06	9.967502e-10,	-3.97390e-08	
220	1.584893e+06	9.921264e-10,	-3.88344e-08	
221	1.621810e+06	9.877107e-10,	-3.79505e-08	
222	1.659587e+06	9.834937e-10,	-3.70866e-08	
223	1.698244e+06	9.794666e-10,	-3.62424e-08	
224	1.737801e+06	9.756207e-10,	-3.54175e-08	
225	1.778279e+06	9.719478e-10,	-3.46113e-08	
226	1.819701e+06	9.684403e-10,	-3.38235e-08	
227	1.862087e+06	9.650907e-10,	-3.30536e-08	
228	1.905461e+06	9.618918e-10,	-3.23012e-08	

Index   frequency       net-_c6-pad1_                   
--------------------------------------------------------------------------------
229	1.949845e+06	9.588368e-10,	-3.15659e-08	
230	1.995262e+06	9.559194e-10,	-3.08474e-08	
231	2.041738e+06	9.531333e-10,	-3.01453e-08	
232	2.089296e+06	9.504725e-10,	-2.94591e-08	
233	2.137962e+06	9.479315e-10,	-2.87885e-08	
234	2.187762e+06	9.455049e-10,	-2.81332e-08	
235	2.238721e+06	9.431875e-10,	-2.74929e-08	
236	2.290868e+06	9.409744e-10,	-2.68671e-08	
237	2.344229e+06	9.388609e-10,	-2.62555e-08	
238	2.398833e+06	9.368425e-10,	-2.56579e-08	
239	2.454709e+06	9.349150e-10,	-2.50739e-08	
240	2.511886e+06	9.330742e-10,	-2.45031e-08	
241	2.570396e+06	9.313162e-10,	-2.39454e-08	
242	2.630268e+06	9.296374e-10,	-2.34003e-08	
243	2.691535e+06	9.280342e-10,	-2.28677e-08	
244	2.754229e+06	9.265031e-10,	-2.23472e-08	
245	2.818383e+06	9.250409e-10,	-2.18385e-08	
246	2.884032e+06	9.236445e-10,	-2.13414e-08	
247	2.951209e+06	9.223109e-10,	-2.08556e-08	
248	3.019952e+06	9.210374e-10,	-2.03809e-08	
249	3.090295e+06	9.198212e-10,	-1.99170e-08	
250	3.162278e+06	9.186597e-10,	-1.94637e-08	
251	3.235937e+06	9.175505e-10,	-1.90206e-08	
252	3.311311e+06	9.164912e-10,	-1.85877e-08	
253	3.388442e+06	9.154796e-10,	-1.81646e-08	
254	3.467369e+06	9.145136e-10,	-1.77511e-08	
255	3.548134e+06	9.135910e-10,	-1.73471e-08	
256	3.630781e+06	9.127099e-10,	-1.69522e-08	
257	3.715352e+06	9.118685e-10,	-1.65664e-08	
258	3.801894e+06	9.110649e-10,	-1.61893e-08	
259	3.890451e+06	9.102975e-10,	-1.58208e-08	
260	3.981072e+06	9.095647e-10,	-1.54607e-08	
261	4.073803e+06	9.088648e-10,	-1.51088e-08	
262	4.168694e+06	9.081964e-10,	-1.47649e-08	
263	4.265795e+06	9.075581e-10,	-1.44288e-08	
264	4.365158e+06	9.069485e-10,	-1.41004e-08	
265	4.466836e+06	9.063664e-10,	-1.37795e-08	
266	4.570882e+06	9.058104e-10,	-1.34658e-08	
267	4.677351e+06	9.052795e-10,	-1.31593e-08	
268	4.786301e+06	9.047725e-10,	-1.28598e-08	
269	4.897788e+06	9.042883e-10,	-1.25671e-08	
270	5.011872e+06	9.038258e-10,	-1.22811e-08	
271	5.128614e+06	9.033842e-10,	-1.20016e-08	
272	5.248075e+06	9.029625e-10,	-1.17284e-08	
273	5.370318e+06	9.025597e-10,	-1.14614e-08	
274	5.495409e+06	9.021751e-10,	-1.12006e-08	
275	5.623413e+06	9.018077e-10,	-1.09456e-08	
276	5.754399e+06	9.014569e-10,	-1.06965e-08	
277	5.888437e+06	9.011219e-10,	-1.04531e-08	
278	6.025596e+06	9.008019e-10,	-1.02152e-08	
279	6.165950e+06	9.004964e-10,	-9.98266e-09	
280	6.309573e+06	9.002046e-10,	-9.75546e-09	
281	6.456542e+06	8.999259e-10,	-9.53343e-09	
282	6.606934e+06	8.996597e-10,	-9.31646e-09	
283	6.760830e+06	8.994055e-10,	-9.10442e-09	
284	6.918310e+06	8.991628e-10,	-8.89721e-09	
285	7.079458e+06	8.989310e-10,	-8.69472e-09	
286	7.244360e+06	8.987096e-10,	-8.49684e-09	

Index   frequency       net-_c6-pad1_                   
--------------------------------------------------------------------------------
287	7.413102e+06	8.984981e-10,	-8.30347e-09	
288	7.585776e+06	8.982962e-10,	-8.11449e-09	
289	7.762471e+06	8.981033e-10,	-7.92982e-09	
290	7.943282e+06	8.979191e-10,	-7.74936e-09	
291	8.128305e+06	8.977432e-10,	-7.57300e-09	
292	8.317638e+06	8.975752e-10,	-7.40066e-09	
293	8.511380e+06	8.974148e-10,	-7.23224e-09	
294	8.709636e+06	8.972615e-10,	-7.06765e-09	
295	8.912509e+06	8.971152e-10,	-6.90682e-09	
296	9.120108e+06	8.969754e-10,	-6.74964e-09	
297	9.332543e+06	8.968419e-10,	-6.59605e-09	
298	9.549926e+06	8.967144e-10,	-6.44595e-09	
299	9.772372e+06	8.965926e-10,	-6.29927e-09	
300	1.000000e+07	8.964763e-10,	-6.15593e-09	
301	1.023293e+07	8.963652e-10,	-6.01585e-09	
302	1.047129e+07	8.962591e-10,	-5.87897e-09	
303	1.071519e+07	8.961577e-10,	-5.74520e-09	
304	1.096478e+07	8.960609e-10,	-5.61447e-09	
305	1.122018e+07	8.959684e-10,	-5.48673e-09	
306	1.148154e+07	8.958801e-10,	-5.36189e-09	
307	1.174898e+07	8.957957e-10,	-5.23990e-09	
308	1.202264e+07	8.957151e-10,	-5.12068e-09	
309	1.230269e+07	8.956381e-10,	-5.00418e-09	
310	1.258925e+07	8.955646e-10,	-4.89033e-09	
311	1.288250e+07	8.954943e-10,	-4.77908e-09	
312	1.318257e+07	8.954272e-10,	-4.67035e-09	
313	1.348963e+07	8.953630e-10,	-4.56411e-09	
314	1.380384e+07	8.953018e-10,	-4.46029e-09	
315	1.412538e+07	8.952432e-10,	-4.35883e-09	
316	1.445440e+07	8.951873e-10,	-4.25968e-09	
317	1.479108e+07	8.951338e-10,	-4.16279e-09	
318	1.513561e+07	8.950827e-10,	-4.06810e-09	
319	1.548817e+07	8.950339e-10,	-3.97558e-09	
320	1.584893e+07	8.949872e-10,	-3.88516e-09	
321	1.621810e+07	8.949426e-10,	-3.79680e-09	
322	1.659587e+07	8.948999e-10,	-3.71046e-09	
323	1.698244e+07	8.948592e-10,	-3.62608e-09	
324	1.737801e+07	8.948202e-10,	-3.54362e-09	
325	1.778279e+07	8.947829e-10,	-3.46305e-09	
326	1.819701e+07	8.947473e-10,	-3.38431e-09	
327	1.862087e+07	8.947132e-10,	-3.30736e-09	
328	1.905461e+07	8.946806e-10,	-3.23217e-09	
329	1.949845e+07	8.946494e-10,	-3.15869e-09	
330	1.995262e+07	8.946195e-10,	-3.08689e-09	
331	2.041738e+07	8.945910e-10,	-3.01672e-09	
332	2.089296e+07	8.945636e-10,	-2.94815e-09	
333	2.137962e+07	8.945374e-10,	-2.88115e-09	
334	2.187762e+07	8.945123e-10,	-2.81567e-09	
335	2.238721e+07	8.944883e-10,	-2.75169e-09	
336	2.290868e+07	8.944653e-10,	-2.68916e-09	
337	2.344229e+07	8.944432e-10,	-2.62806e-09	
338	2.398833e+07	8.944221e-10,	-2.56836e-09	
339	2.454709e+07	8.944018e-10,	-2.51001e-09	
340	2.511886e+07	8.943823e-10,	-2.45300e-09	
341	2.570396e+07	8.943636e-10,	-2.39729e-09	
342	2.630268e+07	8.943456e-10,	-2.34285e-09	
343	2.691535e+07	8.943283e-10,	-2.28965e-09	
344	2.754229e+07	8.943118e-10,	-2.23766e-09	

Index   frequency       net-_c6-pad1_                   
--------------------------------------------------------------------------------
345	2.818383e+07	8.942958e-10,	-2.18686e-09	
346	2.884032e+07	8.942804e-10,	-2.13722e-09	
347	2.951209e+07	8.942656e-10,	-2.08872e-09	
348	3.019952e+07	8.942513e-10,	-2.04132e-09	
349	3.090295e+07	8.942375e-10,	-1.99500e-09	
350	3.162278e+07	8.942242e-10,	-1.94974e-09	
351	3.235937e+07	8.942114e-10,	-1.90552e-09	
352	3.311311e+07	8.941989e-10,	-1.86230e-09	
353	3.388442e+07	8.941869e-10,	-1.82008e-09	
354	3.467369e+07	8.941752e-10,	-1.77882e-09	
355	3.548134e+07	8.941639e-10,	-1.73850e-09	
356	3.630781e+07	8.941529e-10,	-1.69910e-09	
357	3.715352e+07	8.941421e-10,	-1.66060e-09	
358	3.801894e+07	8.941317e-10,	-1.62299e-09	
359	3.890451e+07	8.941215e-10,	-1.58623e-09	
360	3.981072e+07	8.941115e-10,	-1.55032e-09	
361	4.073803e+07	8.941017e-10,	-1.51522e-09	
362	4.168694e+07	8.940922e-10,	-1.48094e-09	
363	4.265795e+07	8.940828e-10,	-1.44743e-09	
364	4.365158e+07	8.940735e-10,	-1.41470e-09	
365	4.466836e+07	8.940644e-10,	-1.38271e-09	
366	4.570882e+07	8.940554e-10,	-1.35146e-09	
367	4.677351e+07	8.940464e-10,	-1.32092e-09	
368	4.786301e+07	8.940376e-10,	-1.29108e-09	
369	4.897788e+07	8.940288e-10,	-1.26193e-09	
370	5.011872e+07	8.940201e-10,	-1.23345e-09	
371	5.128614e+07	8.940113e-10,	-1.20562e-09	
372	5.248075e+07	8.940026e-10,	-1.17843e-09	
373	5.370318e+07	8.939939e-10,	-1.15187e-09	
374	5.495409e+07	8.939852e-10,	-1.12591e-09	
375	5.623413e+07	8.939764e-10,	-1.10055e-09	
376	5.754399e+07	8.939675e-10,	-1.07578e-09	
377	5.888437e+07	8.939586e-10,	-1.05158e-09	
378	6.025596e+07	8.939495e-10,	-1.02793e-09	
379	6.165950e+07	8.939404e-10,	-1.00483e-09	
380	6.309573e+07	8.939311e-10,	-9.82260e-10	
381	6.456542e+07	8.939217e-10,	-9.60213e-10	
382	6.606934e+07	8.939121e-10,	-9.38674e-10	
383	6.760830e+07	8.939024e-10,	-9.17633e-10	
384	6.918310e+07	8.938924e-10,	-8.97078e-10	
385	7.079458e+07	8.938822e-10,	-8.76999e-10	
386	7.244360e+07	8.938718e-10,	-8.57384e-10	
387	7.413102e+07	8.938612e-10,	-8.38225e-10	
388	7.585776e+07	8.938503e-10,	-8.19509e-10	
389	7.762471e+07	8.938391e-10,	-8.01228e-10	
390	7.943282e+07	8.938276e-10,	-7.83371e-10	
391	8.128305e+07	8.938157e-10,	-7.65930e-10	
392	8.317638e+07	8.938036e-10,	-7.48894e-10	
393	8.511380e+07	8.937910e-10,	-7.32256e-10	
394	8.709636e+07	8.937781e-10,	-7.16005e-10	
395	8.912509e+07	8.937649e-10,	-7.00134e-10	
396	9.120108e+07	8.937511e-10,	-6.84634e-10	
397	9.332543e+07	8.937370e-10,	-6.69497e-10	
398	9.549926e+07	8.937224e-10,	-6.54714e-10	
399	9.772372e+07	8.937073e-10,	-6.40279e-10	
400	1.000000e+08	8.936918e-10,	-6.26182e-10	

* /home/fossee/updatedexamples/frequencyresponse_jfet/frequencyresponse_jfet.cir
AC Analysis  Tue Jun 24 16:15:15  2025
--------------------------------------------------------------------------------
Index   frequency       net-_r3-pad1_                   
--------------------------------------------------------------------------------
0	1.000000e+04	0.000000e+00,	0.000000e+00	
1	1.023293e+04	0.000000e+00,	0.000000e+00	
2	1.047129e+04	0.000000e+00,	0.000000e+00	
3	1.071519e+04	0.000000e+00,	0.000000e+00	
4	1.096478e+04	0.000000e+00,	0.000000e+00	
5	1.122018e+04	0.000000e+00,	0.000000e+00	
6	1.148154e+04	0.000000e+00,	0.000000e+00	
7	1.174898e+04	0.000000e+00,	0.000000e+00	
8	1.202264e+04	0.000000e+00,	0.000000e+00	
9	1.230269e+04	0.000000e+00,	0.000000e+00	
10	1.258925e+04	0.000000e+00,	0.000000e+00	
11	1.288250e+04	0.000000e+00,	0.000000e+00	
12	1.318257e+04	0.000000e+00,	0.000000e+00	
13	1.348963e+04	0.000000e+00,	0.000000e+00	
14	1.380384e+04	0.000000e+00,	0.000000e+00	
15	1.412538e+04	0.000000e+00,	0.000000e+00	
16	1.445440e+04	0.000000e+00,	0.000000e+00	
17	1.479108e+04	0.000000e+00,	0.000000e+00	
18	1.513561e+04	0.000000e+00,	0.000000e+00	
19	1.548817e+04	0.000000e+00,	0.000000e+00	
20	1.584893e+04	0.000000e+00,	0.000000e+00	
21	1.621810e+04	0.000000e+00,	0.000000e+00	
22	1.659587e+04	0.000000e+00,	0.000000e+00	
23	1.698244e+04	0.000000e+00,	0.000000e+00	
24	1.737801e+04	0.000000e+00,	0.000000e+00	
25	1.778279e+04	0.000000e+00,	0.000000e+00	
26	1.819701e+04	0.000000e+00,	0.000000e+00	
27	1.862087e+04	0.000000e+00,	0.000000e+00	
28	1.905461e+04	0.000000e+00,	0.000000e+00	
29	1.949845e+04	0.000000e+00,	0.000000e+00	
30	1.995262e+04	0.000000e+00,	0.000000e+00	
31	2.041738e+04	0.000000e+00,	0.000000e+00	
32	2.089296e+04	0.000000e+00,	0.000000e+00	
33	2.137962e+04	0.000000e+00,	0.000000e+00	
34	2.187762e+04	0.000000e+00,	0.000000e+00	
35	2.238721e+04	0.000000e+00,	0.000000e+00	
36	2.290868e+04	0.000000e+00,	0.000000e+00	
37	2.344229e+04	0.000000e+00,	0.000000e+00	
38	2.398833e+04	0.000000e+00,	0.000000e+00	
39	2.454709e+04	0.000000e+00,	0.000000e+00	
40	2.511886e+04	0.000000e+00,	0.000000e+00	
41	2.570396e+04	0.000000e+00,	0.000000e+00	
42	2.630268e+04	0.000000e+00,	0.000000e+00	
43	2.691535e+04	0.000000e+00,	0.000000e+00	
44	2.754229e+04	0.000000e+00,	0.000000e+00	
45	2.818383e+04	0.000000e+00,	0.000000e+00	
46	2.884032e+04	0.000000e+00,	0.000000e+00	
47	2.951209e+04	0.000000e+00,	0.000000e+00	
48	3.019952e+04	0.000000e+00,	0.000000e+00	
49	3.090295e+04	0.000000e+00,	0.000000e+00	
50	3.162278e+04	0.000000e+00,	0.000000e+00	
51	3.235937e+04	0.000000e+00,	0.000000e+00	
52	3.311311e+04	0.000000e+00,	0.000000e+00	
53	3.388442e+04	0.000000e+00,	0.000000e+00	
54	3.467369e+04	0.000000e+00,	0.000000e+00	

Index   frequency       net-_r3-pad1_                   
--------------------------------------------------------------------------------
55	3.548134e+04	0.000000e+00,	0.000000e+00	
56	3.630781e+04	0.000000e+00,	0.000000e+00	
57	3.715352e+04	0.000000e+00,	0.000000e+00	
58	3.801894e+04	0.000000e+00,	0.000000e+00	
59	3.890451e+04	0.000000e+00,	0.000000e+00	
60	3.981072e+04	0.000000e+00,	0.000000e+00	
61	4.073803e+04	0.000000e+00,	0.000000e+00	
62	4.168694e+04	0.000000e+00,	0.000000e+00	
63	4.265795e+04	0.000000e+00,	0.000000e+00	
64	4.365158e+04	0.000000e+00,	0.000000e+00	
65	4.466836e+04	0.000000e+00,	0.000000e+00	
66	4.570882e+04	0.000000e+00,	0.000000e+00	
67	4.677351e+04	0.000000e+00,	0.000000e+00	
68	4.786301e+04	0.000000e+00,	0.000000e+00	
69	4.897788e+04	0.000000e+00,	0.000000e+00	
70	5.011872e+04	0.000000e+00,	0.000000e+00	
71	5.128614e+04	0.000000e+00,	0.000000e+00	
72	5.248075e+04	0.000000e+00,	0.000000e+00	
73	5.370318e+04	0.000000e+00,	0.000000e+00	
74	5.495409e+04	0.000000e+00,	0.000000e+00	
75	5.623413e+04	0.000000e+00,	0.000000e+00	
76	5.754399e+04	0.000000e+00,	0.000000e+00	
77	5.888437e+04	0.000000e+00,	0.000000e+00	
78	6.025596e+04	0.000000e+00,	0.000000e+00	
79	6.165950e+04	0.000000e+00,	0.000000e+00	
80	6.309573e+04	0.000000e+00,	0.000000e+00	
81	6.456542e+04	0.000000e+00,	0.000000e+00	
82	6.606934e+04	0.000000e+00,	0.000000e+00	
83	6.760830e+04	0.000000e+00,	0.000000e+00	
84	6.918310e+04	0.000000e+00,	0.000000e+00	
85	7.079458e+04	0.000000e+00,	0.000000e+00	
86	7.244360e+04	0.000000e+00,	0.000000e+00	
87	7.413102e+04	0.000000e+00,	0.000000e+00	
88	7.585776e+04	0.000000e+00,	0.000000e+00	
89	7.762471e+04	0.000000e+00,	0.000000e+00	
90	7.943282e+04	0.000000e+00,	0.000000e+00	
91	8.128305e+04	0.000000e+00,	0.000000e+00	
92	8.317638e+04	0.000000e+00,	0.000000e+00	
93	8.511380e+04	0.000000e+00,	0.000000e+00	
94	8.709636e+04	0.000000e+00,	0.000000e+00	
95	8.912509e+04	0.000000e+00,	0.000000e+00	
96	9.120108e+04	0.000000e+00,	0.000000e+00	
97	9.332543e+04	0.000000e+00,	0.000000e+00	
98	9.549926e+04	0.000000e+00,	0.000000e+00	
99	9.772372e+04	0.000000e+00,	0.000000e+00	
100	1.000000e+05	0.000000e+00,	0.000000e+00	
101	1.023293e+05	0.000000e+00,	0.000000e+00	
102	1.047129e+05	0.000000e+00,	0.000000e+00	
103	1.071519e+05	0.000000e+00,	0.000000e+00	
104	1.096478e+05	0.000000e+00,	0.000000e+00	
105	1.122018e+05	0.000000e+00,	0.000000e+00	
106	1.148154e+05	0.000000e+00,	0.000000e+00	
107	1.174898e+05	0.000000e+00,	0.000000e+00	
108	1.202264e+05	0.000000e+00,	0.000000e+00	
109	1.230269e+05	0.000000e+00,	0.000000e+00	
110	1.258925e+05	0.000000e+00,	0.000000e+00	
111	1.288250e+05	0.000000e+00,	0.000000e+00	
112	1.318257e+05	0.000000e+00,	0.000000e+00	

Index   frequency       net-_r3-pad1_                   
--------------------------------------------------------------------------------
113	1.348963e+05	0.000000e+00,	0.000000e+00	
114	1.380384e+05	0.000000e+00,	0.000000e+00	
115	1.412538e+05	0.000000e+00,	0.000000e+00	
116	1.445440e+05	0.000000e+00,	0.000000e+00	
117	1.479108e+05	0.000000e+00,	0.000000e+00	
118	1.513561e+05	0.000000e+00,	0.000000e+00	
119	1.548817e+05	0.000000e+00,	0.000000e+00	
120	1.584893e+05	0.000000e+00,	0.000000e+00	
121	1.621810e+05	0.000000e+00,	0.000000e+00	
122	1.659587e+05	0.000000e+00,	0.000000e+00	
123	1.698244e+05	0.000000e+00,	0.000000e+00	
124	1.737801e+05	0.000000e+00,	0.000000e+00	
125	1.778279e+05	0.000000e+00,	0.000000e+00	
126	1.819701e+05	0.000000e+00,	0.000000e+00	
127	1.862087e+05	0.000000e+00,	0.000000e+00	
128	1.905461e+05	0.000000e+00,	0.000000e+00	
129	1.949845e+05	0.000000e+00,	0.000000e+00	
130	1.995262e+05	0.000000e+00,	0.000000e+00	
131	2.041738e+05	0.000000e+00,	0.000000e+00	
132	2.089296e+05	0.000000e+00,	0.000000e+00	
133	2.137962e+05	0.000000e+00,	0.000000e+00	
134	2.187762e+05	0.000000e+00,	0.000000e+00	
135	2.238721e+05	0.000000e+00,	0.000000e+00	
136	2.290868e+05	0.000000e+00,	0.000000e+00	
137	2.344229e+05	0.000000e+00,	0.000000e+00	
138	2.398833e+05	0.000000e+00,	0.000000e+00	
139	2.454709e+05	0.000000e+00,	0.000000e+00	
140	2.511886e+05	0.000000e+00,	0.000000e+00	
141	2.570396e+05	0.000000e+00,	0.000000e+00	
142	2.630268e+05	0.000000e+00,	0.000000e+00	
143	2.691535e+05	0.000000e+00,	0.000000e+00	
144	2.754229e+05	0.000000e+00,	0.000000e+00	
145	2.818383e+05	0.000000e+00,	0.000000e+00	
146	2.884032e+05	0.000000e+00,	0.000000e+00	
147	2.951209e+05	0.000000e+00,	0.000000e+00	
148	3.019952e+05	0.000000e+00,	0.000000e+00	
149	3.090295e+05	0.000000e+00,	0.000000e+00	
150	3.162278e+05	0.000000e+00,	0.000000e+00	
151	3.235937e+05	0.000000e+00,	0.000000e+00	
152	3.311311e+05	0.000000e+00,	0.000000e+00	
153	3.388442e+05	0.000000e+00,	0.000000e+00	
154	3.467369e+05	0.000000e+00,	0.000000e+00	
155	3.548134e+05	0.000000e+00,	0.000000e+00	
156	3.630781e+05	0.000000e+00,	0.000000e+00	
157	3.715352e+05	0.000000e+00,	0.000000e+00	
158	3.801894e+05	0.000000e+00,	0.000000e+00	
159	3.890451e+05	0.000000e+00,	0.000000e+00	
160	3.981072e+05	0.000000e+00,	0.000000e+00	
161	4.073803e+05	0.000000e+00,	0.000000e+00	
162	4.168694e+05	0.000000e+00,	0.000000e+00	
163	4.265795e+05	0.000000e+00,	0.000000e+00	
164	4.365158e+05	0.000000e+00,	0.000000e+00	
165	4.466836e+05	0.000000e+00,	0.000000e+00	
166	4.570882e+05	0.000000e+00,	0.000000e+00	
167	4.677351e+05	0.000000e+00,	0.000000e+00	
168	4.786301e+05	0.000000e+00,	0.000000e+00	
169	4.897788e+05	0.000000e+00,	0.000000e+00	
170	5.011872e+05	0.000000e+00,	0.000000e+00	

Index   frequency       net-_r3-pad1_                   
--------------------------------------------------------------------------------
171	5.128614e+05	0.000000e+00,	0.000000e+00	
172	5.248075e+05	0.000000e+00,	0.000000e+00	
173	5.370318e+05	0.000000e+00,	0.000000e+00	
174	5.495409e+05	0.000000e+00,	0.000000e+00	
175	5.623413e+05	0.000000e+00,	0.000000e+00	
176	5.754399e+05	0.000000e+00,	0.000000e+00	
177	5.888437e+05	0.000000e+00,	0.000000e+00	
178	6.025596e+05	0.000000e+00,	0.000000e+00	
179	6.165950e+05	0.000000e+00,	0.000000e+00	
180	6.309573e+05	0.000000e+00,	0.000000e+00	
181	6.456542e+05	0.000000e+00,	0.000000e+00	
182	6.606934e+05	0.000000e+00,	0.000000e+00	
183	6.760830e+05	0.000000e+00,	0.000000e+00	
184	6.918310e+05	0.000000e+00,	0.000000e+00	
185	7.079458e+05	0.000000e+00,	0.000000e+00	
186	7.244360e+05	0.000000e+00,	0.000000e+00	
187	7.413102e+05	0.000000e+00,	0.000000e+00	
188	7.585776e+05	0.000000e+00,	0.000000e+00	
189	7.762471e+05	0.000000e+00,	0.000000e+00	
190	7.943282e+05	0.000000e+00,	0.000000e+00	
191	8.128305e+05	0.000000e+00,	0.000000e+00	
192	8.317638e+05	0.000000e+00,	0.000000e+00	
193	8.511380e+05	0.000000e+00,	0.000000e+00	
194	8.709636e+05	0.000000e+00,	0.000000e+00	
195	8.912509e+05	0.000000e+00,	0.000000e+00	
196	9.120108e+05	0.000000e+00,	0.000000e+00	
197	9.332543e+05	0.000000e+00,	0.000000e+00	
198	9.549926e+05	0.000000e+00,	0.000000e+00	
199	9.772372e+05	0.000000e+00,	0.000000e+00	
200	1.000000e+06	0.000000e+00,	0.000000e+00	
201	1.023293e+06	0.000000e+00,	0.000000e+00	
202	1.047129e+06	0.000000e+00,	0.000000e+00	
203	1.071519e+06	0.000000e+00,	0.000000e+00	
204	1.096478e+06	0.000000e+00,	0.000000e+00	
205	1.122018e+06	0.000000e+00,	0.000000e+00	
206	1.148154e+06	0.000000e+00,	0.000000e+00	
207	1.174898e+06	0.000000e+00,	0.000000e+00	
208	1.202264e+06	0.000000e+00,	0.000000e+00	
209	1.230269e+06	0.000000e+00,	0.000000e+00	
210	1.258925e+06	0.000000e+00,	0.000000e+00	
211	1.288250e+06	0.000000e+00,	0.000000e+00	
212	1.318257e+06	0.000000e+00,	0.000000e+00	
213	1.348963e+06	0.000000e+00,	0.000000e+00	
214	1.380384e+06	0.000000e+00,	0.000000e+00	
215	1.412538e+06	0.000000e+00,	0.000000e+00	
216	1.445440e+06	0.000000e+00,	0.000000e+00	
217	1.479108e+06	0.000000e+00,	0.000000e+00	
218	1.513561e+06	0.000000e+00,	0.000000e+00	
219	1.548817e+06	0.000000e+00,	0.000000e+00	
220	1.584893e+06	0.000000e+00,	0.000000e+00	
221	1.621810e+06	0.000000e+00,	0.000000e+00	
222	1.659587e+06	0.000000e+00,	0.000000e+00	
223	1.698244e+06	0.000000e+00,	0.000000e+00	
224	1.737801e+06	0.000000e+00,	0.000000e+00	
225	1.778279e+06	0.000000e+00,	0.000000e+00	
226	1.819701e+06	0.000000e+00,	0.000000e+00	
227	1.862087e+06	0.000000e+00,	0.000000e+00	
228	1.905461e+06	0.000000e+00,	0.000000e+00	

Index   frequency       net-_r3-pad1_                   
--------------------------------------------------------------------------------
229	1.949845e+06	0.000000e+00,	0.000000e+00	
230	1.995262e+06	0.000000e+00,	0.000000e+00	
231	2.041738e+06	0.000000e+00,	0.000000e+00	
232	2.089296e+06	0.000000e+00,	0.000000e+00	
233	2.137962e+06	0.000000e+00,	0.000000e+00	
234	2.187762e+06	0.000000e+00,	0.000000e+00	
235	2.238721e+06	0.000000e+00,	0.000000e+00	
236	2.290868e+06	0.000000e+00,	0.000000e+00	
237	2.344229e+06	0.000000e+00,	0.000000e+00	
238	2.398833e+06	0.000000e+00,	0.000000e+00	
239	2.454709e+06	0.000000e+00,	0.000000e+00	
240	2.511886e+06	0.000000e+00,	0.000000e+00	
241	2.570396e+06	0.000000e+00,	0.000000e+00	
242	2.630268e+06	0.000000e+00,	0.000000e+00	
243	2.691535e+06	0.000000e+00,	0.000000e+00	
244	2.754229e+06	0.000000e+00,	0.000000e+00	
245	2.818383e+06	0.000000e+00,	0.000000e+00	
246	2.884032e+06	0.000000e+00,	0.000000e+00	
247	2.951209e+06	0.000000e+00,	0.000000e+00	
248	3.019952e+06	0.000000e+00,	0.000000e+00	
249	3.090295e+06	0.000000e+00,	0.000000e+00	
250	3.162278e+06	0.000000e+00,	0.000000e+00	
251	3.235937e+06	0.000000e+00,	0.000000e+00	
252	3.311311e+06	0.000000e+00,	0.000000e+00	
253	3.388442e+06	0.000000e+00,	0.000000e+00	
254	3.467369e+06	0.000000e+00,	0.000000e+00	
255	3.548134e+06	0.000000e+00,	0.000000e+00	
256	3.630781e+06	0.000000e+00,	0.000000e+00	
257	3.715352e+06	0.000000e+00,	0.000000e+00	
258	3.801894e+06	0.000000e+00,	0.000000e+00	
259	3.890451e+06	0.000000e+00,	0.000000e+00	
260	3.981072e+06	0.000000e+00,	0.000000e+00	
261	4.073803e+06	0.000000e+00,	0.000000e+00	
262	4.168694e+06	0.000000e+00,	0.000000e+00	
263	4.265795e+06	0.000000e+00,	0.000000e+00	
264	4.365158e+06	0.000000e+00,	0.000000e+00	
265	4.466836e+06	0.000000e+00,	0.000000e+00	
266	4.570882e+06	0.000000e+00,	0.000000e+00	
267	4.677351e+06	0.000000e+00,	0.000000e+00	
268	4.786301e+06	0.000000e+00,	0.000000e+00	
269	4.897788e+06	0.000000e+00,	0.000000e+00	
270	5.011872e+06	0.000000e+00,	0.000000e+00	
271	5.128614e+06	0.000000e+00,	0.000000e+00	
272	5.248075e+06	0.000000e+00,	0.000000e+00	
273	5.370318e+06	0.000000e+00,	0.000000e+00	
274	5.495409e+06	0.000000e+00,	0.000000e+00	
275	5.623413e+06	0.000000e+00,	0.000000e+00	
276	5.754399e+06	0.000000e+00,	0.000000e+00	
277	5.888437e+06	0.000000e+00,	0.000000e+00	
278	6.025596e+06	0.000000e+00,	0.000000e+00	
279	6.165950e+06	0.000000e+00,	0.000000e+00	
280	6.309573e+06	0.000000e+00,	0.000000e+00	
281	6.456542e+06	0.000000e+00,	0.000000e+00	
282	6.606934e+06	0.000000e+00,	0.000000e+00	
283	6.760830e+06	0.000000e+00,	0.000000e+00	
284	6.918310e+06	0.000000e+00,	0.000000e+00	
285	7.079458e+06	0.000000e+00,	0.000000e+00	
286	7.244360e+06	0.000000e+00,	0.000000e+00	

Index   frequency       net-_r3-pad1_                   
--------------------------------------------------------------------------------
287	7.413102e+06	0.000000e+00,	0.000000e+00	
288	7.585776e+06	0.000000e+00,	0.000000e+00	
289	7.762471e+06	0.000000e+00,	0.000000e+00	
290	7.943282e+06	0.000000e+00,	0.000000e+00	
291	8.128305e+06	0.000000e+00,	0.000000e+00	
292	8.317638e+06	0.000000e+00,	0.000000e+00	
293	8.511380e+06	0.000000e+00,	0.000000e+00	
294	8.709636e+06	0.000000e+00,	0.000000e+00	
295	8.912509e+06	0.000000e+00,	0.000000e+00	
296	9.120108e+06	0.000000e+00,	0.000000e+00	
297	9.332543e+06	0.000000e+00,	0.000000e+00	
298	9.549926e+06	0.000000e+00,	0.000000e+00	
299	9.772372e+06	0.000000e+00,	0.000000e+00	
300	1.000000e+07	0.000000e+00,	0.000000e+00	
301	1.023293e+07	0.000000e+00,	0.000000e+00	
302	1.047129e+07	0.000000e+00,	0.000000e+00	
303	1.071519e+07	0.000000e+00,	0.000000e+00	
304	1.096478e+07	0.000000e+00,	0.000000e+00	
305	1.122018e+07	0.000000e+00,	0.000000e+00	
306	1.148154e+07	0.000000e+00,	0.000000e+00	
307	1.174898e+07	0.000000e+00,	0.000000e+00	
308	1.202264e+07	0.000000e+00,	0.000000e+00	
309	1.230269e+07	0.000000e+00,	0.000000e+00	
310	1.258925e+07	0.000000e+00,	0.000000e+00	
311	1.288250e+07	0.000000e+00,	0.000000e+00	
312	1.318257e+07	0.000000e+00,	0.000000e+00	
313	1.348963e+07	0.000000e+00,	0.000000e+00	
314	1.380384e+07	0.000000e+00,	0.000000e+00	
315	1.412538e+07	0.000000e+00,	0.000000e+00	
316	1.445440e+07	0.000000e+00,	0.000000e+00	
317	1.479108e+07	0.000000e+00,	0.000000e+00	
318	1.513561e+07	0.000000e+00,	0.000000e+00	
319	1.548817e+07	0.000000e+00,	0.000000e+00	
320	1.584893e+07	0.000000e+00,	0.000000e+00	
321	1.621810e+07	0.000000e+00,	0.000000e+00	
322	1.659587e+07	0.000000e+00,	0.000000e+00	
323	1.698244e+07	0.000000e+00,	0.000000e+00	
324	1.737801e+07	0.000000e+00,	0.000000e+00	
325	1.778279e+07	0.000000e+00,	0.000000e+00	
326	1.819701e+07	0.000000e+00,	0.000000e+00	
327	1.862087e+07	0.000000e+00,	0.000000e+00	
328	1.905461e+07	0.000000e+00,	0.000000e+00	
329	1.949845e+07	0.000000e+00,	0.000000e+00	
330	1.995262e+07	0.000000e+00,	0.000000e+00	
331	2.041738e+07	0.000000e+00,	0.000000e+00	
332	2.089296e+07	0.000000e+00,	0.000000e+00	
333	2.137962e+07	0.000000e+00,	0.000000e+00	
334	2.187762e+07	0.000000e+00,	0.000000e+00	
335	2.238721e+07	0.000000e+00,	0.000000e+00	
336	2.290868e+07	0.000000e+00,	0.000000e+00	
337	2.344229e+07	0.000000e+00,	0.000000e+00	
338	2.398833e+07	0.000000e+00,	0.000000e+00	
339	2.454709e+07	0.000000e+00,	0.000000e+00	
340	2.511886e+07	0.000000e+00,	0.000000e+00	
341	2.570396e+07	0.000000e+00,	0.000000e+00	
342	2.630268e+07	0.000000e+00,	0.000000e+00	
343	2.691535e+07	0.000000e+00,	0.000000e+00	
344	2.754229e+07	0.000000e+00,	0.000000e+00	

Index   frequency       net-_r3-pad1_                   
--------------------------------------------------------------------------------
345	2.818383e+07	0.000000e+00,	0.000000e+00	
346	2.884032e+07	0.000000e+00,	0.000000e+00	
347	2.951209e+07	0.000000e+00,	0.000000e+00	
348	3.019952e+07	0.000000e+00,	0.000000e+00	
349	3.090295e+07	0.000000e+00,	0.000000e+00	
350	3.162278e+07	0.000000e+00,	0.000000e+00	
351	3.235937e+07	0.000000e+00,	0.000000e+00	
352	3.311311e+07	0.000000e+00,	0.000000e+00	
353	3.388442e+07	0.000000e+00,	0.000000e+00	
354	3.467369e+07	0.000000e+00,	0.000000e+00	
355	3.548134e+07	0.000000e+00,	0.000000e+00	
356	3.630781e+07	0.000000e+00,	0.000000e+00	
357	3.715352e+07	0.000000e+00,	0.000000e+00	
358	3.801894e+07	0.000000e+00,	0.000000e+00	
359	3.890451e+07	0.000000e+00,	0.000000e+00	
360	3.981072e+07	0.000000e+00,	0.000000e+00	
361	4.073803e+07	0.000000e+00,	0.000000e+00	
362	4.168694e+07	0.000000e+00,	0.000000e+00	
363	4.265795e+07	0.000000e+00,	0.000000e+00	
364	4.365158e+07	0.000000e+00,	0.000000e+00	
365	4.466836e+07	0.000000e+00,	0.000000e+00	
366	4.570882e+07	0.000000e+00,	0.000000e+00	
367	4.677351e+07	0.000000e+00,	0.000000e+00	
368	4.786301e+07	0.000000e+00,	0.000000e+00	
369	4.897788e+07	0.000000e+00,	0.000000e+00	
370	5.011872e+07	0.000000e+00,	0.000000e+00	
371	5.128614e+07	0.000000e+00,	0.000000e+00	
372	5.248075e+07	0.000000e+00,	0.000000e+00	
373	5.370318e+07	0.000000e+00,	0.000000e+00	
374	5.495409e+07	0.000000e+00,	0.000000e+00	
375	5.623413e+07	0.000000e+00,	0.000000e+00	
376	5.754399e+07	0.000000e+00,	0.000000e+00	
377	5.888437e+07	0.000000e+00,	0.000000e+00	
378	6.025596e+07	0.000000e+00,	0.000000e+00	
379	6.165950e+07	0.000000e+00,	0.000000e+00	
380	6.309573e+07	0.000000e+00,	0.000000e+00	
381	6.456542e+07	0.000000e+00,	0.000000e+00	
382	6.606934e+07	0.000000e+00,	0.000000e+00	
383	6.760830e+07	0.000000e+00,	0.000000e+00	
384	6.918310e+07	0.000000e+00,	0.000000e+00	
385	7.079458e+07	0.000000e+00,	0.000000e+00	
386	7.244360e+07	0.000000e+00,	0.000000e+00	
387	7.413102e+07	0.000000e+00,	0.000000e+00	
388	7.585776e+07	0.000000e+00,	0.000000e+00	
389	7.762471e+07	0.000000e+00,	0.000000e+00	
390	7.943282e+07	0.000000e+00,	0.000000e+00	
391	8.128305e+07	0.000000e+00,	0.000000e+00	
392	8.317638e+07	0.000000e+00,	0.000000e+00	
393	8.511380e+07	0.000000e+00,	0.000000e+00	
394	8.709636e+07	0.000000e+00,	0.000000e+00	
395	8.912509e+07	0.000000e+00,	0.000000e+00	
396	9.120108e+07	0.000000e+00,	0.000000e+00	
397	9.332543e+07	0.000000e+00,	0.000000e+00	
398	9.549926e+07	0.000000e+00,	0.000000e+00	
399	9.772372e+07	0.000000e+00,	0.000000e+00	
400	1.000000e+08	0.000000e+00,	0.000000e+00	

* /home/fossee/updatedexamples/frequencyresponse_jfet/frequencyresponse_jfet.cir
AC Analysis  Tue Jun 24 16:15:15  2025
--------------------------------------------------------------------------------
Index   frequency       out                             
--------------------------------------------------------------------------------
0	1.000000e+04	-1.13550e-04,	-6.16952e-06	
1	1.023293e+04	-1.13647e-04,	-6.06647e-06	
2	1.047129e+04	-1.13740e-04,	-5.96366e-06	
3	1.071519e+04	-1.13830e-04,	-5.86121e-06	
4	1.096478e+04	-1.13917e-04,	-5.75918e-06	
5	1.122018e+04	-1.14002e-04,	-5.65766e-06	
6	1.148154e+04	-1.14083e-04,	-5.55674e-06	
7	1.174898e+04	-1.14161e-04,	-5.45648e-06	
8	1.202264e+04	-1.14236e-04,	-5.35696e-06	
9	1.230269e+04	-1.14309e-04,	-5.25822e-06	
10	1.258925e+04	-1.14379e-04,	-5.16034e-06	
11	1.288250e+04	-1.14447e-04,	-5.06337e-06	
12	1.318257e+04	-1.14512e-04,	-4.96735e-06	
13	1.348963e+04	-1.14574e-04,	-4.87234e-06	
14	1.380384e+04	-1.14634e-04,	-4.77836e-06	
15	1.412538e+04	-1.14692e-04,	-4.68547e-06	
16	1.445440e+04	-1.14748e-04,	-4.59368e-06	
17	1.479108e+04	-1.14801e-04,	-4.50304e-06	
18	1.513561e+04	-1.14853e-04,	-4.41357e-06	
19	1.548817e+04	-1.14902e-04,	-4.32529e-06	
20	1.584893e+04	-1.14949e-04,	-4.23823e-06	
21	1.621810e+04	-1.14995e-04,	-4.15239e-06	
22	1.659587e+04	-1.15039e-04,	-4.06780e-06	
23	1.698244e+04	-1.15081e-04,	-3.98447e-06	
24	1.737801e+04	-1.15121e-04,	-3.90240e-06	
25	1.778279e+04	-1.15160e-04,	-3.82161e-06	
26	1.819701e+04	-1.15197e-04,	-3.74209e-06	
27	1.862087e+04	-1.15232e-04,	-3.66386e-06	
28	1.905461e+04	-1.15266e-04,	-3.58691e-06	
29	1.949845e+04	-1.15299e-04,	-3.51125e-06	
30	1.995262e+04	-1.15330e-04,	-3.43686e-06	
31	2.041738e+04	-1.15360e-04,	-3.36375e-06	
32	2.089296e+04	-1.15389e-04,	-3.29192e-06	
33	2.137962e+04	-1.15417e-04,	-3.22134e-06	
34	2.187762e+04	-1.15443e-04,	-3.15203e-06	
35	2.238721e+04	-1.15468e-04,	-3.08397e-06	
36	2.290868e+04	-1.15493e-04,	-3.01715e-06	
37	2.344229e+04	-1.15516e-04,	-2.95155e-06	
38	2.398833e+04	-1.15538e-04,	-2.88718e-06	
39	2.454709e+04	-1.15559e-04,	-2.82401e-06	
40	2.511886e+04	-1.15580e-04,	-2.76203e-06	
41	2.570396e+04	-1.15599e-04,	-2.70123e-06	
42	2.630268e+04	-1.15618e-04,	-2.64160e-06	
43	2.691535e+04	-1.15636e-04,	-2.58311e-06	
44	2.754229e+04	-1.15653e-04,	-2.52577e-06	
45	2.818383e+04	-1.15669e-04,	-2.46954e-06	
46	2.884032e+04	-1.15685e-04,	-2.41442e-06	
47	2.951209e+04	-1.15700e-04,	-2.36038e-06	
48	3.019952e+04	-1.15714e-04,	-2.30742e-06	
49	3.090295e+04	-1.15728e-04,	-2.25551e-06	
50	3.162278e+04	-1.15741e-04,	-2.20464e-06	
51	3.235937e+04	-1.15753e-04,	-2.15480e-06	
52	3.311311e+04	-1.15765e-04,	-2.10595e-06	
53	3.388442e+04	-1.15777e-04,	-2.05810e-06	
54	3.467369e+04	-1.15788e-04,	-2.01122e-06	

Index   frequency       out                             
--------------------------------------------------------------------------------
55	3.548134e+04	-1.15798e-04,	-1.96529e-06	
56	3.630781e+04	-1.15808e-04,	-1.92030e-06	
57	3.715352e+04	-1.15818e-04,	-1.87623e-06	
58	3.801894e+04	-1.15827e-04,	-1.83306e-06	
59	3.890451e+04	-1.15836e-04,	-1.79077e-06	
60	3.981072e+04	-1.15844e-04,	-1.74936e-06	
61	4.073803e+04	-1.15852e-04,	-1.70880e-06	
62	4.168694e+04	-1.15860e-04,	-1.66907e-06	
63	4.265795e+04	-1.15867e-04,	-1.63017e-06	
64	4.365158e+04	-1.15874e-04,	-1.59207e-06	
65	4.466836e+04	-1.15881e-04,	-1.55475e-06	
66	4.570882e+04	-1.15887e-04,	-1.51821e-06	
67	4.677351e+04	-1.15893e-04,	-1.48242e-06	
68	4.786301e+04	-1.15899e-04,	-1.44737e-06	
69	4.897788e+04	-1.15904e-04,	-1.41304e-06	
70	5.011872e+04	-1.15910e-04,	-1.37943e-06	
71	5.128614e+04	-1.15915e-04,	-1.34650e-06	
72	5.248075e+04	-1.15920e-04,	-1.31426e-06	
73	5.370318e+04	-1.15924e-04,	-1.28267e-06	
74	5.495409e+04	-1.15929e-04,	-1.25174e-06	
75	5.623413e+04	-1.15933e-04,	-1.22144e-06	
76	5.754399e+04	-1.15937e-04,	-1.19177e-06	
77	5.888437e+04	-1.15941e-04,	-1.16270e-06	
78	6.025596e+04	-1.15945e-04,	-1.13422e-06	
79	6.165950e+04	-1.15948e-04,	-1.10632e-06	
80	6.309573e+04	-1.15951e-04,	-1.07899e-06	
81	6.456542e+04	-1.15955e-04,	-1.05221e-06	
82	6.606934e+04	-1.15958e-04,	-1.02597e-06	
83	6.760830e+04	-1.15961e-04,	-1.00026e-06	
84	6.918310e+04	-1.15964e-04,	-9.75060e-07	
85	7.079458e+04	-1.15966e-04,	-9.50365e-07	
86	7.244360e+04	-1.15969e-04,	-9.26161e-07	
87	7.413102e+04	-1.15971e-04,	-9.02434e-07	
88	7.585776e+04	-1.15974e-04,	-8.79175e-07	
89	7.762471e+04	-1.15976e-04,	-8.56370e-07	
90	7.943282e+04	-1.15978e-04,	-8.34009e-07	
91	8.128305e+04	-1.15980e-04,	-8.12081e-07	
92	8.317638e+04	-1.15982e-04,	-7.90574e-07	
93	8.511380e+04	-1.15984e-04,	-7.69478e-07	
94	8.709636e+04	-1.15985e-04,	-7.48783e-07	
95	8.912509e+04	-1.15987e-04,	-7.28476e-07	
96	9.120108e+04	-1.15989e-04,	-7.08550e-07	
97	9.332543e+04	-1.15990e-04,	-6.88992e-07	
98	9.549926e+04	-1.15992e-04,	-6.69794e-07	
99	9.772372e+04	-1.15993e-04,	-6.50946e-07	
100	1.000000e+05	-1.15995e-04,	-6.32437e-07	
101	1.023293e+05	-1.15996e-04,	-6.14259e-07	
102	1.047129e+05	-1.15997e-04,	-5.96402e-07	
103	1.071519e+05	-1.15998e-04,	-5.78857e-07	
104	1.096478e+05	-1.15999e-04,	-5.61615e-07	
105	1.122018e+05	-1.16000e-04,	-5.44667e-07	
106	1.148154e+05	-1.16001e-04,	-5.28005e-07	
107	1.174898e+05	-1.16002e-04,	-5.11619e-07	
108	1.202264e+05	-1.16003e-04,	-4.95501e-07	
109	1.230269e+05	-1.16004e-04,	-4.79644e-07	
110	1.258925e+05	-1.16005e-04,	-4.64038e-07	
111	1.288250e+05	-1.16006e-04,	-4.48675e-07	
112	1.318257e+05	-1.16007e-04,	-4.33549e-07	

Index   frequency       out                             
--------------------------------------------------------------------------------
113	1.348963e+05	-1.16007e-04,	-4.18650e-07	
114	1.380384e+05	-1.16008e-04,	-4.03971e-07	
115	1.412538e+05	-1.16009e-04,	-3.89504e-07	
116	1.445440e+05	-1.16009e-04,	-3.75242e-07	
117	1.479108e+05	-1.16010e-04,	-3.61178e-07	
118	1.513561e+05	-1.16011e-04,	-3.47303e-07	
119	1.548817e+05	-1.16011e-04,	-3.33612e-07	
120	1.584893e+05	-1.16012e-04,	-3.20096e-07	
121	1.621810e+05	-1.16012e-04,	-3.06748e-07	
122	1.659587e+05	-1.16013e-04,	-2.93562e-07	
123	1.698244e+05	-1.16013e-04,	-2.80530e-07	
124	1.737801e+05	-1.16014e-04,	-2.67646e-07	
125	1.778279e+05	-1.16014e-04,	-2.54904e-07	
126	1.819701e+05	-1.16015e-04,	-2.42295e-07	
127	1.862087e+05	-1.16015e-04,	-2.29814e-07	
128	1.905461e+05	-1.16015e-04,	-2.17454e-07	
129	1.949845e+05	-1.16016e-04,	-2.05209e-07	
130	1.995262e+05	-1.16016e-04,	-1.93072e-07	
131	2.041738e+05	-1.16016e-04,	-1.81037e-07	
132	2.089296e+05	-1.16017e-04,	-1.69097e-07	
133	2.137962e+05	-1.16017e-04,	-1.57246e-07	
134	2.187762e+05	-1.16017e-04,	-1.45478e-07	
135	2.238721e+05	-1.16017e-04,	-1.33787e-07	
136	2.290868e+05	-1.16018e-04,	-1.22167e-07	
137	2.344229e+05	-1.16018e-04,	-1.10610e-07	
138	2.398833e+05	-1.16018e-04,	-9.91122e-08	
139	2.454709e+05	-1.16018e-04,	-8.76664e-08	
140	2.511886e+05	-1.16019e-04,	-7.62667e-08	
141	2.570396e+05	-1.16019e-04,	-6.49071e-08	
142	2.630268e+05	-1.16019e-04,	-5.35817e-08	
143	2.691535e+05	-1.16019e-04,	-4.22844e-08	
144	2.754229e+05	-1.16019e-04,	-3.10092e-08	
145	2.818383e+05	-1.16019e-04,	-1.97503e-08	
146	2.884032e+05	-1.16020e-04,	-8.50165e-09	
147	2.951209e+05	-1.16020e-04,	2.742706e-09	
148	3.019952e+05	-1.16020e-04,	1.398871e-08	
149	3.090295e+05	-1.16020e-04,	2.524230e-08	
150	3.162278e+05	-1.16020e-04,	3.650944e-08	
151	3.235937e+05	-1.16020e-04,	4.779609e-08	
152	3.311311e+05	-1.16020e-04,	5.910822e-08	
153	3.388442e+05	-1.16020e-04,	7.045183e-08	
154	3.467369e+05	-1.16021e-04,	8.183291e-08	
155	3.548134e+05	-1.16021e-04,	9.325750e-08	
156	3.630781e+05	-1.16021e-04,	1.047316e-07	
157	3.715352e+05	-1.16021e-04,	1.162614e-07	
158	3.801894e+05	-1.16021e-04,	1.278529e-07	
159	3.890451e+05	-1.16021e-04,	1.395123e-07	
160	3.981072e+05	-1.16021e-04,	1.512457e-07	
161	4.073803e+05	-1.16021e-04,	1.630594e-07	
162	4.168694e+05	-1.16021e-04,	1.749596e-07	
163	4.265795e+05	-1.16021e-04,	1.869527e-07	
164	4.365158e+05	-1.16021e-04,	1.990449e-07	
165	4.466836e+05	-1.16021e-04,	2.112428e-07	
166	4.570882e+05	-1.16021e-04,	2.235526e-07	
167	4.677351e+05	-1.16021e-04,	2.359811e-07	
168	4.786301e+05	-1.16021e-04,	2.485347e-07	
169	4.897788e+05	-1.16021e-04,	2.612202e-07	
170	5.011872e+05	-1.16021e-04,	2.740441e-07	

Index   frequency       out                             
--------------------------------------------------------------------------------
171	5.128614e+05	-1.16021e-04,	2.870134e-07	
172	5.248075e+05	-1.16021e-04,	3.001350e-07	
173	5.370318e+05	-1.16021e-04,	3.134156e-07	
174	5.495409e+05	-1.16021e-04,	3.268625e-07	
175	5.623413e+05	-1.16021e-04,	3.404827e-07	
176	5.754399e+05	-1.16021e-04,	3.542835e-07	
177	5.888437e+05	-1.16021e-04,	3.682721e-07	
178	6.025596e+05	-1.16021e-04,	3.824560e-07	
179	6.165950e+05	-1.16021e-04,	3.968427e-07	
180	6.309573e+05	-1.16021e-04,	4.114398e-07	
181	6.456542e+05	-1.16021e-04,	4.262550e-07	
182	6.606934e+05	-1.16021e-04,	4.412963e-07	
183	6.760830e+05	-1.16021e-04,	4.565716e-07	
184	6.918310e+05	-1.16021e-04,	4.720889e-07	
185	7.079458e+05	-1.16021e-04,	4.878565e-07	
186	7.244360e+05	-1.16021e-04,	5.038828e-07	
187	7.413102e+05	-1.16021e-04,	5.201763e-07	
188	7.585776e+05	-1.16021e-04,	5.367456e-07	
189	7.762471e+05	-1.16021e-04,	5.535994e-07	
190	7.943282e+05	-1.16021e-04,	5.707467e-07	
191	8.128305e+05	-1.16021e-04,	5.881967e-07	
192	8.317638e+05	-1.16021e-04,	6.059585e-07	
193	8.511380e+05	-1.16021e-04,	6.240416e-07	
194	8.709636e+05	-1.16020e-04,	6.424555e-07	
195	8.912509e+05	-1.16020e-04,	6.612100e-07	
196	9.120108e+05	-1.16020e-04,	6.803151e-07	
197	9.332543e+05	-1.16020e-04,	6.997809e-07	
198	9.549926e+05	-1.16020e-04,	7.196176e-07	
199	9.772372e+05	-1.16020e-04,	7.398359e-07	
200	1.000000e+06	-1.16020e-04,	7.604464e-07	
201	1.023293e+06	-1.16020e-04,	7.814601e-07	
202	1.047129e+06	-1.16020e-04,	8.028880e-07	
203	1.071519e+06	-1.16019e-04,	8.247416e-07	
204	1.096478e+06	-1.16019e-04,	8.470324e-07	
205	1.122018e+06	-1.16019e-04,	8.697723e-07	
206	1.148154e+06	-1.16019e-04,	8.929733e-07	
207	1.174898e+06	-1.16019e-04,	9.166476e-07	
208	1.202264e+06	-1.16018e-04,	9.408079e-07	
209	1.230269e+06	-1.16018e-04,	9.654670e-07	
210	1.258925e+06	-1.16018e-04,	9.906378e-07	
211	1.288250e+06	-1.16018e-04,	1.016334e-06	
212	1.318257e+06	-1.16018e-04,	1.042569e-06	
213	1.348963e+06	-1.16017e-04,	1.069356e-06	
214	1.380384e+06	-1.16017e-04,	1.096710e-06	
215	1.412538e+06	-1.16017e-04,	1.124646e-06	
216	1.445440e+06	-1.16017e-04,	1.153178e-06	
217	1.479108e+06	-1.16016e-04,	1.182321e-06	
218	1.513561e+06	-1.16016e-04,	1.212091e-06	
219	1.548817e+06	-1.16016e-04,	1.242503e-06	
220	1.584893e+06	-1.16015e-04,	1.273574e-06	
221	1.621810e+06	-1.16015e-04,	1.305320e-06	
222	1.659587e+06	-1.16014e-04,	1.337758e-06	
223	1.698244e+06	-1.16014e-04,	1.370905e-06	
224	1.737801e+06	-1.16014e-04,	1.404778e-06	
225	1.778279e+06	-1.16013e-04,	1.439396e-06	
226	1.819701e+06	-1.16013e-04,	1.474777e-06	
227	1.862087e+06	-1.16012e-04,	1.510940e-06	
228	1.905461e+06	-1.16012e-04,	1.547903e-06	

Index   frequency       out                             
--------------------------------------------------------------------------------
229	1.949845e+06	-1.16011e-04,	1.585687e-06	
230	1.995262e+06	-1.16011e-04,	1.624311e-06	
231	2.041738e+06	-1.16010e-04,	1.663796e-06	
232	2.089296e+06	-1.16009e-04,	1.704163e-06	
233	2.137962e+06	-1.16009e-04,	1.745433e-06	
234	2.187762e+06	-1.16008e-04,	1.787628e-06	
235	2.238721e+06	-1.16007e-04,	1.830770e-06	
236	2.290868e+06	-1.16007e-04,	1.874882e-06	
237	2.344229e+06	-1.16006e-04,	1.919988e-06	
238	2.398833e+06	-1.16005e-04,	1.966111e-06	
239	2.454709e+06	-1.16004e-04,	2.013276e-06	
240	2.511886e+06	-1.16003e-04,	2.061507e-06	
241	2.570396e+06	-1.16002e-04,	2.110831e-06	
242	2.630268e+06	-1.16001e-04,	2.161273e-06	
243	2.691535e+06	-1.16000e-04,	2.212860e-06	
244	2.754229e+06	-1.15999e-04,	2.265619e-06	
245	2.818383e+06	-1.15998e-04,	2.319579e-06	
246	2.884032e+06	-1.15997e-04,	2.374767e-06	
247	2.951209e+06	-1.15996e-04,	2.431213e-06	
248	3.019952e+06	-1.15994e-04,	2.488947e-06	
249	3.090295e+06	-1.15993e-04,	2.547999e-06	
250	3.162278e+06	-1.15992e-04,	2.608401e-06	
251	3.235937e+06	-1.15990e-04,	2.670184e-06	
252	3.311311e+06	-1.15989e-04,	2.733381e-06	
253	3.388442e+06	-1.15987e-04,	2.798026e-06	
254	3.467369e+06	-1.15985e-04,	2.864152e-06	
255	3.548134e+06	-1.15983e-04,	2.931795e-06	
256	3.630781e+06	-1.15982e-04,	3.000989e-06	
257	3.715352e+06	-1.15980e-04,	3.071773e-06	
258	3.801894e+06	-1.15978e-04,	3.144183e-06	
259	3.890451e+06	-1.15975e-04,	3.218256e-06	
260	3.981072e+06	-1.15973e-04,	3.294034e-06	
261	4.073803e+06	-1.15971e-04,	3.371554e-06	
262	4.168694e+06	-1.15968e-04,	3.450859e-06	
263	4.265795e+06	-1.15966e-04,	3.531990e-06	
264	4.365158e+06	-1.15963e-04,	3.614989e-06	
265	4.466836e+06	-1.15960e-04,	3.699901e-06	
266	4.570882e+06	-1.15957e-04,	3.786770e-06	
267	4.677351e+06	-1.15954e-04,	3.875643e-06	
268	4.786301e+06	-1.15951e-04,	3.966564e-06	
269	4.897788e+06	-1.15947e-04,	4.059584e-06	
270	5.011872e+06	-1.15944e-04,	4.154749e-06	
271	5.128614e+06	-1.15940e-04,	4.252112e-06	
272	5.248075e+06	-1.15936e-04,	4.351722e-06	
273	5.370318e+06	-1.15932e-04,	4.453632e-06	
274	5.495409e+06	-1.15928e-04,	4.557895e-06	
275	5.623413e+06	-1.15923e-04,	4.664567e-06	
276	5.754399e+06	-1.15919e-04,	4.773702e-06	
277	5.888437e+06	-1.15914e-04,	4.885359e-06	
278	6.025596e+06	-1.15908e-04,	4.999596e-06	
279	6.165950e+06	-1.15903e-04,	5.116473e-06	
280	6.309573e+06	-1.15897e-04,	5.236051e-06	
281	6.456542e+06	-1.15891e-04,	5.358392e-06	
282	6.606934e+06	-1.15885e-04,	5.483560e-06	
283	6.760830e+06	-1.15879e-04,	5.611621e-06	
284	6.918310e+06	-1.15872e-04,	5.742642e-06	
285	7.079458e+06	-1.15865e-04,	5.876691e-06	
286	7.244360e+06	-1.15857e-04,	6.013837e-06	

Index   frequency       out                             
--------------------------------------------------------------------------------
287	7.413102e+06	-1.15850e-04,	6.154153e-06	
288	7.585776e+06	-1.15841e-04,	6.297711e-06	
289	7.762471e+06	-1.15833e-04,	6.444586e-06	
290	7.943282e+06	-1.15824e-04,	6.594854e-06	
291	8.128305e+06	-1.15814e-04,	6.748594e-06	
292	8.317638e+06	-1.15805e-04,	6.905884e-06	
293	8.511380e+06	-1.15794e-04,	7.066807e-06	
294	8.709636e+06	-1.15784e-04,	7.231445e-06	
295	8.912509e+06	-1.15772e-04,	7.399884e-06	
296	9.120108e+06	-1.15760e-04,	7.572210e-06	
297	9.332543e+06	-1.15748e-04,	7.748512e-06	
298	9.549926e+06	-1.15735e-04,	7.928882e-06	
299	9.772372e+06	-1.15722e-04,	8.113411e-06	
300	1.000000e+07	-1.15707e-04,	8.302195e-06	
301	1.023293e+07	-1.15692e-04,	8.495330e-06	
302	1.047129e+07	-1.15677e-04,	8.692915e-06	
303	1.071519e+07	-1.15661e-04,	8.895050e-06	
304	1.096478e+07	-1.15644e-04,	9.101840e-06	
305	1.122018e+07	-1.15626e-04,	9.313388e-06	
306	1.148154e+07	-1.15607e-04,	9.529803e-06	
307	1.174898e+07	-1.15587e-04,	9.751194e-06	
308	1.202264e+07	-1.15567e-04,	9.977672e-06	
309	1.230269e+07	-1.15545e-04,	1.020935e-05	
310	1.258925e+07	-1.15523e-04,	1.044635e-05	
311	1.288250e+07	-1.15499e-04,	1.068879e-05	
312	1.318257e+07	-1.15475e-04,	1.093679e-05	
313	1.348963e+07	-1.15449e-04,	1.119047e-05	
314	1.380384e+07	-1.15422e-04,	1.144995e-05	
315	1.412538e+07	-1.15394e-04,	1.171538e-05	
316	1.445440e+07	-1.15364e-04,	1.198688e-05	
317	1.479108e+07	-1.15333e-04,	1.226457e-05	
318	1.513561e+07	-1.15301e-04,	1.254861e-05	
319	1.548817e+07	-1.15267e-04,	1.283913e-05	
320	1.584893e+07	-1.15231e-04,	1.313626e-05	
321	1.621810e+07	-1.15194e-04,	1.344016e-05	
322	1.659587e+07	-1.15155e-04,	1.375097e-05	
323	1.698244e+07	-1.15115e-04,	1.406884e-05	
324	1.737801e+07	-1.15072e-04,	1.439393e-05	
325	1.778279e+07	-1.15027e-04,	1.472638e-05	
326	1.819701e+07	-1.14981e-04,	1.506635e-05	
327	1.862087e+07	-1.14932e-04,	1.541401e-05	
328	1.905461e+07	-1.14880e-04,	1.576952e-05	
329	1.949845e+07	-1.14827e-04,	1.613305e-05	
330	1.995262e+07	-1.14771e-04,	1.650475e-05	
331	2.041738e+07	-1.14712e-04,	1.688481e-05	
332	2.089296e+07	-1.14651e-04,	1.727339e-05	
333	2.137962e+07	-1.14587e-04,	1.767068e-05	
334	2.187762e+07	-1.14519e-04,	1.807685e-05	
335	2.238721e+07	-1.14449e-04,	1.849207e-05	
336	2.290868e+07	-1.14375e-04,	1.891654e-05	
337	2.344229e+07	-1.14298e-04,	1.935045e-05	
338	2.398833e+07	-1.14218e-04,	1.979397e-05	
339	2.454709e+07	-1.14133e-04,	2.024729e-05	
340	2.511886e+07	-1.14045e-04,	2.071062e-05	
341	2.570396e+07	-1.13953e-04,	2.118414e-05	
342	2.630268e+07	-1.13856e-04,	2.166805e-05	
343	2.691535e+07	-1.13755e-04,	2.216255e-05	
344	2.754229e+07	-1.13649e-04,	2.266784e-05	

Index   frequency       out                             
--------------------------------------------------------------------------------
345	2.818383e+07	-1.13538e-04,	2.318411e-05	
346	2.884032e+07	-1.13423e-04,	2.371157e-05	
347	2.951209e+07	-1.13302e-04,	2.425042e-05	
348	3.019952e+07	-1.13175e-04,	2.480087e-05	
349	3.090295e+07	-1.13043e-04,	2.536312e-05	
350	3.162278e+07	-1.12904e-04,	2.593737e-05	
351	3.235937e+07	-1.12759e-04,	2.652382e-05	
352	3.311311e+07	-1.12608e-04,	2.712269e-05	
353	3.388442e+07	-1.12450e-04,	2.773416e-05	
354	3.467369e+07	-1.12284e-04,	2.835846e-05	
355	3.548134e+07	-1.12111e-04,	2.899577e-05	
356	3.630781e+07	-1.11930e-04,	2.964629e-05	
357	3.715352e+07	-1.11741e-04,	3.031023e-05	
358	3.801894e+07	-1.11543e-04,	3.098777e-05	
359	3.890451e+07	-1.11337e-04,	3.167911e-05	
360	3.981072e+07	-1.11121e-04,	3.238442e-05	
361	4.073803e+07	-1.10895e-04,	3.310390e-05	
362	4.168694e+07	-1.10659e-04,	3.383772e-05	
363	4.265795e+07	-1.10413e-04,	3.458604e-05	
364	4.365158e+07	-1.10156e-04,	3.534905e-05	
365	4.466836e+07	-1.09887e-04,	3.612688e-05	
366	4.570882e+07	-1.09606e-04,	3.691969e-05	
367	4.677351e+07	-1.09313e-04,	3.772762e-05	
368	4.786301e+07	-1.09007e-04,	3.855079e-05	
369	4.897788e+07	-1.08687e-04,	3.938934e-05	
370	5.011872e+07	-1.08354e-04,	4.024335e-05	
371	5.128614e+07	-1.08006e-04,	4.111293e-05	
372	5.248075e+07	-1.07642e-04,	4.199816e-05	
373	5.370318e+07	-1.07263e-04,	4.289909e-05	
374	5.495409e+07	-1.06867e-04,	4.381577e-05	
375	5.623413e+07	-1.06455e-04,	4.474824e-05	
376	5.754399e+07	-1.06024e-04,	4.569650e-05	
377	5.888437e+07	-1.05576e-04,	4.666054e-05	
378	6.025596e+07	-1.05108e-04,	4.764032e-05	
379	6.165950e+07	-1.04620e-04,	4.863578e-05	
380	6.309573e+07	-1.04112e-04,	4.964684e-05	
381	6.456542e+07	-1.03582e-04,	5.067339e-05	
382	6.606934e+07	-1.03031e-04,	5.171529e-05	
383	6.760830e+07	-1.02457e-04,	5.277235e-05	
384	6.918310e+07	-1.01859e-04,	5.384438e-05	
385	7.079458e+07	-1.01236e-04,	5.493114e-05	
386	7.244360e+07	-1.00588e-04,	5.603234e-05	
387	7.413102e+07	-9.99143e-05,	5.714767e-05	
388	7.585776e+07	-9.92134e-05,	5.827677e-05	
389	7.762471e+07	-9.84846e-05,	5.941925e-05	
390	7.943282e+07	-9.77270e-05,	6.057465e-05	
391	8.128305e+07	-9.69399e-05,	6.174249e-05	
392	8.317638e+07	-9.61222e-05,	6.292222e-05	
393	8.511380e+07	-9.52732e-05,	6.411325e-05	
394	8.709636e+07	-9.43918e-05,	6.531493e-05	
395	8.912509e+07	-9.34773e-05,	6.652658e-05	
396	9.120108e+07	-9.25287e-05,	6.774742e-05	
397	9.332543e+07	-9.15451e-05,	6.897664e-05	
398	9.549926e+07	-9.05258e-05,	7.021338e-05	
399	9.772372e+07	-8.94698e-05,	7.145669e-05	
400	1.000000e+08	-8.83763e-05,	7.270558e-05	
