* /home/saurabh/installer_main_workshop/esim-1.1.2/examples/bjt_frequency_response/bjt_frequency_response.cir
AC Analysis  Tue Jun 24 19:42:59  2025
--------------------------------------------------------------------------------
Index   frequency       v1#branch                       
--------------------------------------------------------------------------------
0	1.000000e+00	-3.09723e-04,	-1.56978e-04	
1	1.023293e+00	-3.10651e-04,	-1.58454e-04	
2	1.047129e+00	-3.11580e-04,	-1.59983e-04	
3	1.071519e+00	-3.12511e-04,	-1.61565e-04	
4	1.096478e+00	-3.13444e-04,	-1.63202e-04	
5	1.122018e+00	-3.14379e-04,	-1.64893e-04	
6	1.148154e+00	-3.15315e-04,	-1.66640e-04	
7	1.174898e+00	-3.16253e-04,	-1.68443e-04	
8	1.202264e+00	-3.17193e-04,	-1.70303e-04	
9	1.230269e+00	-3.18134e-04,	-1.72220e-04	
10	1.258925e+00	-3.19076e-04,	-1.74196e-04	
11	1.288250e+00	-3.20018e-04,	-1.76232e-04	
12	1.318257e+00	-3.20962e-04,	-1.78328e-04	
13	1.348963e+00	-3.21907e-04,	-1.80486e-04	
14	1.380384e+00	-3.22851e-04,	-1.82707e-04	
15	1.412538e+00	-3.23797e-04,	-1.84992e-04	
16	1.445440e+00	-3.24742e-04,	-1.87343e-04	
17	1.479108e+00	-3.25687e-04,	-1.89761e-04	
18	1.513561e+00	-3.26632e-04,	-1.92248e-04	
19	1.548817e+00	-3.27577e-04,	-1.94805e-04	
20	1.584893e+00	-3.28522e-04,	-1.97434e-04	
21	1.621810e+00	-3.29466e-04,	-2.00136e-04	
22	1.659587e+00	-3.30410e-04,	-2.02914e-04	
23	1.698244e+00	-3.31353e-04,	-2.05769e-04	
24	1.737801e+00	-3.32296e-04,	-2.08704e-04	
25	1.778279e+00	-3.33239e-04,	-2.11719e-04	
26	1.819701e+00	-3.34182e-04,	-2.14819e-04	
27	1.862087e+00	-3.35125e-04,	-2.18004e-04	
28	1.905461e+00	-3.36068e-04,	-2.21276e-04	
29	1.949845e+00	-3.37012e-04,	-2.24639e-04	
30	1.995262e+00	-3.37957e-04,	-2.28095e-04	
31	2.041738e+00	-3.38904e-04,	-2.31646e-04	
32	2.089296e+00	-3.39852e-04,	-2.35294e-04	
33	2.137962e+00	-3.40802e-04,	-2.39042e-04	
34	2.187762e+00	-3.41756e-04,	-2.42893e-04	
35	2.238721e+00	-3.42713e-04,	-2.46849e-04	
36	2.290868e+00	-3.43674e-04,	-2.50913e-04	
37	2.344229e+00	-3.44641e-04,	-2.55088e-04	
38	2.398833e+00	-3.45614e-04,	-2.59376e-04	
39	2.454709e+00	-3.46593e-04,	-2.63781e-04	
40	2.511886e+00	-3.47580e-04,	-2.68306e-04	
41	2.570396e+00	-3.48576e-04,	-2.72952e-04	
42	2.630268e+00	-3.49583e-04,	-2.77724e-04	
43	2.691535e+00	-3.50600e-04,	-2.82625e-04	
44	2.754229e+00	-3.51630e-04,	-2.87657e-04	
45	2.818383e+00	-3.52673e-04,	-2.92823e-04	
46	2.884032e+00	-3.53732e-04,	-2.98128e-04	
47	2.951209e+00	-3.54808e-04,	-3.03573e-04	
48	3.019952e+00	-3.55901e-04,	-3.09163e-04	
49	3.090295e+00	-3.57015e-04,	-3.14900e-04	
50	3.162278e+00	-3.58150e-04,	-3.20789e-04	
51	3.235937e+00	-3.59309e-04,	-3.26832e-04	
52	3.311311e+00	-3.60492e-04,	-3.33033e-04	
53	3.388442e+00	-3.61703e-04,	-3.39395e-04	
54	3.467369e+00	-3.62944e-04,	-3.45922e-04	

Index   frequency       v1#branch                       
--------------------------------------------------------------------------------
55	3.548134e+00	-3.64215e-04,	-3.52618e-04	
56	3.630781e+00	-3.65521e-04,	-3.59485e-04	
57	3.715352e+00	-3.66862e-04,	-3.66529e-04	
58	3.801894e+00	-3.68242e-04,	-3.73752e-04	
59	3.890451e+00	-3.69663e-04,	-3.81158e-04	
60	3.981072e+00	-3.71127e-04,	-3.88752e-04	
61	4.073803e+00	-3.72637e-04,	-3.96536e-04	
62	4.168694e+00	-3.74197e-04,	-4.04516e-04	
63	4.265795e+00	-3.75809e-04,	-4.12694e-04	
64	4.365158e+00	-3.77475e-04,	-4.21075e-04	
65	4.466836e+00	-3.79201e-04,	-4.29663e-04	
66	4.570882e+00	-3.80988e-04,	-4.38462e-04	
67	4.677351e+00	-3.82840e-04,	-4.47476e-04	
68	4.786301e+00	-3.84760e-04,	-4.56709e-04	
69	4.897788e+00	-3.86754e-04,	-4.66166e-04	
70	5.011872e+00	-3.88824e-04,	-4.75850e-04	
71	5.128614e+00	-3.90974e-04,	-4.85767e-04	
72	5.248075e+00	-3.93209e-04,	-4.95920e-04	
73	5.370318e+00	-3.95533e-04,	-5.06313e-04	
74	5.495409e+00	-3.97950e-04,	-5.16952e-04	
75	5.623413e+00	-4.00466e-04,	-5.27840e-04	
76	5.754399e+00	-4.03086e-04,	-5.38981e-04	
77	5.888437e+00	-4.05813e-04,	-5.50382e-04	
78	6.025596e+00	-4.08655e-04,	-5.62045e-04	
79	6.165950e+00	-4.11615e-04,	-5.73975e-04	
80	6.309573e+00	-4.14701e-04,	-5.86178e-04	
81	6.456542e+00	-4.17918e-04,	-5.98656e-04	
82	6.606934e+00	-4.21272e-04,	-6.11416e-04	
83	6.760830e+00	-4.24770e-04,	-6.24461e-04	
84	6.918310e+00	-4.28418e-04,	-6.37795e-04	
85	7.079458e+00	-4.32224e-04,	-6.51424e-04	
86	7.244360e+00	-4.36195e-04,	-6.65352e-04	
87	7.413102e+00	-4.40337e-04,	-6.79582e-04	
88	7.585776e+00	-4.44660e-04,	-6.94120e-04	
89	7.762471e+00	-4.49171e-04,	-7.08969e-04	
90	7.943282e+00	-4.53879e-04,	-7.24133e-04	
91	8.128305e+00	-4.58792e-04,	-7.39618e-04	
92	8.317638e+00	-4.63919e-04,	-7.55426e-04	
93	8.511380e+00	-4.69271e-04,	-7.71562e-04	
94	8.709636e+00	-4.74856e-04,	-7.88029e-04	
95	8.912509e+00	-4.80684e-04,	-8.04831e-04	
96	9.120108e+00	-4.86767e-04,	-8.21971e-04	
97	9.332543e+00	-4.93115e-04,	-8.39452e-04	
98	9.549926e+00	-4.99740e-04,	-8.57278e-04	
99	9.772372e+00	-5.06652e-04,	-8.75452e-04	
100	1.000000e+01	-5.13864e-04,	-8.93975e-04	
101	1.023293e+01	-5.21388e-04,	-9.12850e-04	
102	1.047129e+01	-5.29238e-04,	-9.32079e-04	
103	1.071519e+01	-5.37425e-04,	-9.51664e-04	
104	1.096478e+01	-5.45965e-04,	-9.71606e-04	
105	1.122018e+01	-5.54870e-04,	-9.91906e-04	
106	1.148154e+01	-5.64156e-04,	-1.01256e-03	
107	1.174898e+01	-5.73837e-04,	-1.03358e-03	
108	1.202264e+01	-5.83929e-04,	-1.05496e-03	
109	1.230269e+01	-5.94447e-04,	-1.07669e-03	
110	1.258925e+01	-6.05407e-04,	-1.09878e-03	
111	1.288250e+01	-6.16826e-04,	-1.12122e-03	
112	1.318257e+01	-6.28721e-04,	-1.14401e-03	

Index   frequency       v1#branch                       
--------------------------------------------------------------------------------
113	1.348963e+01	-6.41109e-04,	-1.16716e-03	
114	1.380384e+01	-6.54008e-04,	-1.19064e-03	
115	1.412538e+01	-6.67435e-04,	-1.21447e-03	
116	1.445440e+01	-6.81409e-04,	-1.23862e-03	
117	1.479108e+01	-6.95949e-04,	-1.26311e-03	
118	1.513561e+01	-7.11074e-04,	-1.28792e-03	
119	1.548817e+01	-7.26803e-04,	-1.31304e-03	
120	1.584893e+01	-7.43155e-04,	-1.33846e-03	
121	1.621810e+01	-7.60150e-04,	-1.36417e-03	
122	1.659587e+01	-7.77808e-04,	-1.39017e-03	
123	1.698244e+01	-7.96149e-04,	-1.41643e-03	
124	1.737801e+01	-8.15192e-04,	-1.44296e-03	
125	1.778279e+01	-8.34958e-04,	-1.46972e-03	
126	1.819701e+01	-8.55467e-04,	-1.49671e-03	
127	1.862087e+01	-8.76738e-04,	-1.52391e-03	
128	1.905461e+01	-8.98791e-04,	-1.55130e-03	
129	1.949845e+01	-9.21646e-04,	-1.57886e-03	
130	1.995262e+01	-9.45321e-04,	-1.60657e-03	
131	2.041738e+01	-9.69835e-04,	-1.63441e-03	
132	2.089296e+01	-9.95207e-04,	-1.66235e-03	
133	2.137962e+01	-1.02145e-03,	-1.69037e-03	
134	2.187762e+01	-1.04859e-03,	-1.71845e-03	
135	2.238721e+01	-1.07664e-03,	-1.74654e-03	
136	2.290868e+01	-1.10561e-03,	-1.77463e-03	
137	2.344229e+01	-1.13552e-03,	-1.80268e-03	
138	2.398833e+01	-1.16637e-03,	-1.83066e-03	
139	2.454709e+01	-1.19819e-03,	-1.85854e-03	
140	2.511886e+01	-1.23098e-03,	-1.88628e-03	
141	2.570396e+01	-1.26476e-03,	-1.91384e-03	
142	2.630268e+01	-1.29952e-03,	-1.94119e-03	
143	2.691535e+01	-1.33528e-03,	-1.96828e-03	
144	2.754229e+01	-1.37203e-03,	-1.99508e-03	
145	2.818383e+01	-1.40979e-03,	-2.02154e-03	
146	2.884032e+01	-1.44854e-03,	-2.04763e-03	
147	2.951209e+01	-1.48830e-03,	-2.07329e-03	
148	3.019952e+01	-1.52904e-03,	-2.09849e-03	
149	3.090295e+01	-1.57077e-03,	-2.12318e-03	
150	3.162278e+01	-1.61348e-03,	-2.14731e-03	
151	3.235937e+01	-1.65716e-03,	-2.17085e-03	
152	3.311311e+01	-1.70178e-03,	-2.19373e-03	
153	3.388442e+01	-1.74733e-03,	-2.21593e-03	
154	3.467369e+01	-1.79380e-03,	-2.23738e-03	
155	3.548134e+01	-1.84115e-03,	-2.25806e-03	
156	3.630781e+01	-1.88937e-03,	-2.27790e-03	
157	3.715352e+01	-1.93842e-03,	-2.29688e-03	
158	3.801894e+01	-1.98827e-03,	-2.31494e-03	
159	3.890451e+01	-2.03889e-03,	-2.33205e-03	
160	3.981072e+01	-2.09024e-03,	-2.34816e-03	
161	4.073803e+01	-2.14228e-03,	-2.36324e-03	
162	4.168694e+01	-2.19498e-03,	-2.37725e-03	
163	4.265795e+01	-2.24827e-03,	-2.39016e-03	
164	4.365158e+01	-2.30213e-03,	-2.40193e-03	
165	4.466836e+01	-2.35649e-03,	-2.41253e-03	
166	4.570882e+01	-2.41131e-03,	-2.42195e-03	
167	4.677351e+01	-2.46654e-03,	-2.43014e-03	
168	4.786301e+01	-2.52211e-03,	-2.43709e-03	
169	4.897788e+01	-2.57798e-03,	-2.44279e-03	
170	5.011872e+01	-2.63408e-03,	-2.44722e-03	

Index   frequency       v1#branch                       
--------------------------------------------------------------------------------
171	5.128614e+01	-2.69037e-03,	-2.45036e-03	
172	5.248075e+01	-2.74677e-03,	-2.45221e-03	
173	5.370318e+01	-2.80323e-03,	-2.45276e-03	
174	5.495409e+01	-2.85969e-03,	-2.45201e-03	
175	5.623413e+01	-2.91609e-03,	-2.44996e-03	
176	5.754399e+01	-2.97237e-03,	-2.44662e-03	
177	5.888437e+01	-3.02847e-03,	-2.44200e-03	
178	6.025596e+01	-3.08434e-03,	-2.43610e-03	
179	6.165950e+01	-3.13991e-03,	-2.42895e-03	
180	6.309573e+01	-3.19513e-03,	-2.42055e-03	
181	6.456542e+01	-3.24994e-03,	-2.41094e-03	
182	6.606934e+01	-3.30430e-03,	-2.40013e-03	
183	6.760830e+01	-3.35815e-03,	-2.38816e-03	
184	6.918310e+01	-3.41144e-03,	-2.37505e-03	
185	7.079458e+01	-3.46412e-03,	-2.36084e-03	
186	7.244360e+01	-3.51615e-03,	-2.34556e-03	
187	7.413102e+01	-3.56749e-03,	-2.32924e-03	
188	7.585776e+01	-3.61810e-03,	-2.31193e-03	
189	7.762471e+01	-3.66794e-03,	-2.29366e-03	
190	7.943282e+01	-3.71698e-03,	-2.27448e-03	
191	8.128305e+01	-3.76519e-03,	-2.25442e-03	
192	8.317638e+01	-3.81253e-03,	-2.23354e-03	
193	8.511380e+01	-3.85898e-03,	-2.21187e-03	
194	8.709636e+01	-3.90452e-03,	-2.18946e-03	
195	8.912509e+01	-3.94912e-03,	-2.16636e-03	
196	9.120108e+01	-3.99278e-03,	-2.14261e-03	
197	9.332543e+01	-4.03547e-03,	-2.11826e-03	
198	9.549926e+01	-4.07719e-03,	-2.09335e-03	
199	9.772372e+01	-4.11792e-03,	-2.06793e-03	
200	1.000000e+02	-4.15766e-03,	-2.04204e-03	
201	1.023293e+02	-4.19640e-03,	-2.01573e-03	
202	1.047129e+02	-4.23413e-03,	-1.98904e-03	
203	1.071519e+02	-4.27087e-03,	-1.96201e-03	
204	1.096478e+02	-4.30661e-03,	-1.93468e-03	
205	1.122018e+02	-4.34135e-03,	-1.90710e-03	
206	1.148154e+02	-4.37511e-03,	-1.87930e-03	
207	1.174898e+02	-4.40788e-03,	-1.85132e-03	
208	1.202264e+02	-4.43968e-03,	-1.82319e-03	
209	1.230269e+02	-4.47052e-03,	-1.79496e-03	
210	1.258925e+02	-4.50041e-03,	-1.76666e-03	
211	1.288250e+02	-4.52936e-03,	-1.73831e-03	
212	1.318257e+02	-4.55738e-03,	-1.70996e-03	
213	1.348963e+02	-4.58450e-03,	-1.68162e-03	
214	1.380384e+02	-4.61073e-03,	-1.65333e-03	
215	1.412538e+02	-4.63608e-03,	-1.62512e-03	
216	1.445440e+02	-4.66057e-03,	-1.59700e-03	
217	1.479108e+02	-4.68422e-03,	-1.56901e-03	
218	1.513561e+02	-4.70705e-03,	-1.54116e-03	
219	1.548817e+02	-4.72908e-03,	-1.51348e-03	
220	1.584893e+02	-4.75033e-03,	-1.48598e-03	
221	1.621810e+02	-4.77082e-03,	-1.45869e-03	
222	1.659587e+02	-4.79056e-03,	-1.43162e-03	
223	1.698244e+02	-4.80958e-03,	-1.40479e-03	
224	1.737801e+02	-4.82789e-03,	-1.37820e-03	
225	1.778279e+02	-4.84552e-03,	-1.35188e-03	
226	1.819701e+02	-4.86249e-03,	-1.32584e-03	
227	1.862087e+02	-4.87882e-03,	-1.30008e-03	
228	1.905461e+02	-4.89452e-03,	-1.27462e-03	

Index   frequency       v1#branch                       
--------------------------------------------------------------------------------
229	1.949845e+02	-4.90961e-03,	-1.24946e-03	
230	1.995262e+02	-4.92412e-03,	-1.22462e-03	
231	2.041738e+02	-4.93807e-03,	-1.20010e-03	
232	2.089296e+02	-4.95146e-03,	-1.17590e-03	
233	2.137962e+02	-4.96433e-03,	-1.15204e-03	
234	2.187762e+02	-4.97668e-03,	-1.12851e-03	
235	2.238721e+02	-4.98854e-03,	-1.10532e-03	
236	2.290868e+02	-4.99993e-03,	-1.08248e-03	
237	2.344229e+02	-5.01085e-03,	-1.05998e-03	
238	2.398833e+02	-5.02133e-03,	-1.03783e-03	
239	2.454709e+02	-5.03138e-03,	-1.01603e-03	
240	2.511886e+02	-5.04102e-03,	-9.94576e-04	
241	2.570396e+02	-5.05026e-03,	-9.73473e-04	
242	2.630268e+02	-5.05912e-03,	-9.52719e-04	
243	2.691535e+02	-5.06762e-03,	-9.32314e-04	
244	2.754229e+02	-5.07576e-03,	-9.12256e-04	
245	2.818383e+02	-5.08356e-03,	-8.92543e-04	
246	2.884032e+02	-5.09103e-03,	-8.73175e-04	
247	2.951209e+02	-5.09819e-03,	-8.54149e-04	
248	3.019952e+02	-5.10504e-03,	-8.35461e-04	
249	3.090295e+02	-5.11161e-03,	-8.17110e-04	
250	3.162278e+02	-5.11790e-03,	-7.99093e-04	
251	3.235937e+02	-5.12392e-03,	-7.81405e-04	
252	3.311311e+02	-5.12968e-03,	-7.64045e-04	
253	3.388442e+02	-5.13520e-03,	-7.47007e-04	
254	3.467369e+02	-5.14048e-03,	-7.30288e-04	
255	3.548134e+02	-5.14553e-03,	-7.13885e-04	
256	3.630781e+02	-5.15037e-03,	-6.97793e-04	
257	3.715352e+02	-5.15499e-03,	-6.82007e-04	
258	3.801894e+02	-5.15942e-03,	-6.66525e-04	
259	3.890451e+02	-5.16366e-03,	-6.51340e-04	
260	3.981072e+02	-5.16771e-03,	-6.36449e-04	
261	4.073803e+02	-5.17158e-03,	-6.21847e-04	
262	4.168694e+02	-5.17529e-03,	-6.07530e-04	
263	4.265795e+02	-5.17883e-03,	-5.93492e-04	
264	4.365158e+02	-5.18222e-03,	-5.79729e-04	
265	4.466836e+02	-5.18547e-03,	-5.66237e-04	
266	4.570882e+02	-5.18857e-03,	-5.53010e-04	
267	4.677351e+02	-5.19153e-03,	-5.40045e-04	
268	4.786301e+02	-5.19436e-03,	-5.27335e-04	
269	4.897788e+02	-5.19707e-03,	-5.14876e-04	
270	5.011872e+02	-5.19966e-03,	-5.02664e-04	
271	5.128614e+02	-5.20214e-03,	-4.90694e-04	
272	5.248075e+02	-5.20450e-03,	-4.78961e-04	
273	5.370318e+02	-5.20677e-03,	-4.67460e-04	
274	5.495409e+02	-5.20893e-03,	-4.56187e-04	
275	5.623413e+02	-5.21099e-03,	-4.45137e-04	
276	5.754399e+02	-5.21297e-03,	-4.34306e-04	
277	5.888437e+02	-5.21486e-03,	-4.23688e-04	
278	6.025596e+02	-5.21666e-03,	-4.13279e-04	
279	6.165950e+02	-5.21838e-03,	-4.03075e-04	
280	6.309573e+02	-5.22003e-03,	-3.93072e-04	
281	6.456542e+02	-5.22160e-03,	-3.83264e-04	
282	6.606934e+02	-5.22310e-03,	-3.73647e-04	
283	6.760830e+02	-5.22454e-03,	-3.64218e-04	
284	6.918310e+02	-5.22591e-03,	-3.54972e-04	
285	7.079458e+02	-5.22722e-03,	-3.45905e-04	
286	7.244360e+02	-5.22847e-03,	-3.37011e-04	

Index   frequency       v1#branch                       
--------------------------------------------------------------------------------
287	7.413102e+02	-5.22966e-03,	-3.28289e-04	
288	7.585776e+02	-5.23080e-03,	-3.19732e-04	
289	7.762471e+02	-5.23189e-03,	-3.11338e-04	
290	7.943282e+02	-5.23293e-03,	-3.03102e-04	
291	8.128305e+02	-5.23393e-03,	-2.95021e-04	
292	8.317638e+02	-5.23488e-03,	-2.87089e-04	
293	8.511380e+02	-5.23578e-03,	-2.79305e-04	
294	8.709636e+02	-5.23665e-03,	-2.71664e-04	
295	8.912509e+02	-5.23747e-03,	-2.64161e-04	
296	9.120108e+02	-5.23826e-03,	-2.56795e-04	
297	9.332543e+02	-5.23901e-03,	-2.49560e-04	
298	9.549926e+02	-5.23973e-03,	-2.42454e-04	
299	9.772372e+02	-5.24042e-03,	-2.35472e-04	
300	1.000000e+03	-5.24107e-03,	-2.28612e-04	
301	1.023293e+03	-5.24169e-03,	-2.21871e-04	
302	1.047129e+03	-5.24229e-03,	-2.15243e-04	
303	1.071519e+03	-5.24285e-03,	-2.08727e-04	
304	1.096478e+03	-5.24339e-03,	-2.02319e-04	
305	1.122018e+03	-5.24391e-03,	-1.96016e-04	
306	1.148154e+03	-5.24440e-03,	-1.89815e-04	
307	1.174898e+03	-5.24487e-03,	-1.83712e-04	
308	1.202264e+03	-5.24531e-03,	-1.77705e-04	
309	1.230269e+03	-5.24574e-03,	-1.71790e-04	
310	1.258925e+03	-5.24614e-03,	-1.65964e-04	
311	1.288250e+03	-5.24653e-03,	-1.60225e-04	
312	1.318257e+03	-5.24689e-03,	-1.54570e-04	
313	1.348963e+03	-5.24724e-03,	-1.48994e-04	
314	1.380384e+03	-5.24757e-03,	-1.43497e-04	
315	1.412538e+03	-5.24789e-03,	-1.38074e-04	
316	1.445440e+03	-5.24819e-03,	-1.32724e-04	
317	1.479108e+03	-5.24847e-03,	-1.27443e-04	
318	1.513561e+03	-5.24874e-03,	-1.22228e-04	
319	1.548817e+03	-5.24899e-03,	-1.17077e-04	
320	1.584893e+03	-5.24923e-03,	-1.11988e-04	
321	1.621810e+03	-5.24946e-03,	-1.06957e-04	
322	1.659587e+03	-5.24968e-03,	-1.01982e-04	
323	1.698244e+03	-5.24988e-03,	-9.70608e-05	
324	1.737801e+03	-5.25008e-03,	-9.21902e-05	
325	1.778279e+03	-5.25026e-03,	-8.73678e-05	
326	1.819701e+03	-5.25043e-03,	-8.25913e-05	
327	1.862087e+03	-5.25059e-03,	-7.78580e-05	
328	1.905461e+03	-5.25074e-03,	-7.31656e-05	
329	1.949845e+03	-5.25088e-03,	-6.85115e-05	
330	1.995262e+03	-5.25101e-03,	-6.38933e-05	
331	2.041738e+03	-5.25113e-03,	-5.93087e-05	
332	2.089296e+03	-5.25124e-03,	-5.47551e-05	
333	2.137962e+03	-5.25134e-03,	-5.02303e-05	
334	2.187762e+03	-5.25144e-03,	-4.57319e-05	
335	2.238721e+03	-5.25152e-03,	-4.12574e-05	
336	2.290868e+03	-5.25160e-03,	-3.68046e-05	
337	2.344229e+03	-5.25167e-03,	-3.23711e-05	
338	2.398833e+03	-5.25173e-03,	-2.79546e-05	
339	2.454709e+03	-5.25179e-03,	-2.35528e-05	
340	2.511886e+03	-5.25183e-03,	-1.91633e-05	
341	2.570396e+03	-5.25187e-03,	-1.47838e-05	
342	2.630268e+03	-5.25191e-03,	-1.04121e-05	
343	2.691535e+03	-5.25193e-03,	-6.04579e-06	
344	2.754229e+03	-5.25195e-03,	-1.68265e-06	

Index   frequency       v1#branch                       
--------------------------------------------------------------------------------
345	2.818383e+03	-5.25196e-03,	2.679639e-06	
346	2.884032e+03	-5.25196e-03,	7.043377e-06	
347	2.951209e+03	-5.25196e-03,	1.141086e-05	
348	3.019952e+03	-5.25194e-03,	1.578438e-05	
349	3.090295e+03	-5.25193e-03,	2.016624e-05	
350	3.162278e+03	-5.25190e-03,	2.455875e-05	
351	3.235937e+03	-5.25187e-03,	2.896421e-05	
352	3.311311e+03	-5.25183e-03,	3.338495e-05	
353	3.388442e+03	-5.25178e-03,	3.782328e-05	
354	3.467369e+03	-5.25172e-03,	4.228155e-05	
355	3.548134e+03	-5.25166e-03,	4.676209e-05	
356	3.630781e+03	-5.25158e-03,	5.126727e-05	
357	3.715352e+03	-5.25150e-03,	5.579944e-05	
358	3.801894e+03	-5.25142e-03,	6.036099e-05	
359	3.890451e+03	-5.25132e-03,	6.495431e-05	
360	3.981072e+03	-5.25122e-03,	6.958182e-05	
361	4.073803e+03	-5.25110e-03,	7.424594e-05	
362	4.168694e+03	-5.25098e-03,	7.894911e-05	
363	4.265795e+03	-5.25085e-03,	8.369381e-05	
364	4.365158e+03	-5.25070e-03,	8.848252e-05	
365	4.466836e+03	-5.25055e-03,	9.331774e-05	
366	4.570882e+03	-5.25039e-03,	9.820201e-05	
367	4.677351e+03	-5.25022e-03,	1.031379e-04	
368	4.786301e+03	-5.25003e-03,	1.081279e-04	
369	4.897788e+03	-5.24984e-03,	1.131748e-04	
370	5.011872e+03	-5.24963e-03,	1.182810e-04	
371	5.128614e+03	-5.24942e-03,	1.234493e-04	
372	5.248075e+03	-5.24918e-03,	1.286824e-04	
373	5.370318e+03	-5.24894e-03,	1.339830e-04	
374	5.495409e+03	-5.24868e-03,	1.393538e-04	
375	5.623413e+03	-5.24841e-03,	1.447977e-04	
376	5.754399e+03	-5.24812e-03,	1.503174e-04	
377	5.888437e+03	-5.24782e-03,	1.559158e-04	
378	6.025596e+03	-5.24750e-03,	1.615959e-04	
379	6.165950e+03	-5.24717e-03,	1.673605e-04	
380	6.309573e+03	-5.24682e-03,	1.732126e-04	
381	6.456542e+03	-5.24645e-03,	1.791552e-04	
382	6.606934e+03	-5.24606e-03,	1.851914e-04	
383	6.760830e+03	-5.24565e-03,	1.913243e-04	
384	6.918310e+03	-5.24522e-03,	1.975571e-04	
385	7.079458e+03	-5.24477e-03,	2.038929e-04	
386	7.244360e+03	-5.24429e-03,	2.103349e-04	
387	7.413102e+03	-5.24380e-03,	2.168864e-04	
388	7.585776e+03	-5.24328e-03,	2.235508e-04	
389	7.762471e+03	-5.24273e-03,	2.303315e-04	
390	7.943282e+03	-5.24216e-03,	2.372319e-04	
391	8.128305e+03	-5.24156e-03,	2.442554e-04	
392	8.317638e+03	-5.24093e-03,	2.514056e-04	
393	8.511380e+03	-5.24027e-03,	2.586861e-04	
394	8.709636e+03	-5.23957e-03,	2.661005e-04	
395	8.912509e+03	-5.23885e-03,	2.736526e-04	
396	9.120108e+03	-5.23809e-03,	2.813461e-04	
397	9.332543e+03	-5.23729e-03,	2.891848e-04	
398	9.549926e+03	-5.23646e-03,	2.971725e-04	
399	9.772372e+03	-5.23558e-03,	3.053133e-04	
400	1.000000e+04	-5.23467e-03,	3.136111e-04	
401	1.023293e+04	-5.23371e-03,	3.220700e-04	
402	1.047129e+04	-5.23270e-03,	3.306940e-04	

Index   frequency       v1#branch                       
--------------------------------------------------------------------------------
403	1.071519e+04	-5.23165e-03,	3.394874e-04	
404	1.096478e+04	-5.23055e-03,	3.484544e-04	
405	1.122018e+04	-5.22940e-03,	3.575993e-04	
406	1.148154e+04	-5.22819e-03,	3.669264e-04	
407	1.174898e+04	-5.22692e-03,	3.764402e-04	
408	1.202264e+04	-5.22560e-03,	3.861452e-04	
409	1.230269e+04	-5.22421e-03,	3.960459e-04	
410	1.258925e+04	-5.22276e-03,	4.061469e-04	
411	1.288250e+04	-5.22124e-03,	4.164529e-04	
412	1.318257e+04	-5.21965e-03,	4.269686e-04	
413	1.348963e+04	-5.21798e-03,	4.376989e-04	
414	1.380384e+04	-5.21624e-03,	4.486485e-04	
415	1.412538e+04	-5.21442e-03,	4.598224e-04	
416	1.445440e+04	-5.21251e-03,	4.712256e-04	
417	1.479108e+04	-5.21051e-03,	4.828630e-04	
418	1.513561e+04	-5.20842e-03,	4.947398e-04	
419	1.548817e+04	-5.20623e-03,	5.068611e-04	
420	1.584893e+04	-5.20394e-03,	5.192320e-04	
421	1.621810e+04	-5.20154e-03,	5.318578e-04	
422	1.659587e+04	-5.19903e-03,	5.447437e-04	
423	1.698244e+04	-5.19641e-03,	5.578950e-04	
424	1.737801e+04	-5.19367e-03,	5.713170e-04	
425	1.778279e+04	-5.19080e-03,	5.850152e-04	
426	1.819701e+04	-5.18779e-03,	5.989949e-04	
427	1.862087e+04	-5.18465e-03,	6.132615e-04	
428	1.905461e+04	-5.18137e-03,	6.278205e-04	
429	1.949845e+04	-5.17793e-03,	6.426772e-04	
430	1.995262e+04	-5.17433e-03,	6.578371e-04	
431	2.041738e+04	-5.17057e-03,	6.733057e-04	
432	2.089296e+04	-5.16664e-03,	6.890884e-04	
433	2.137962e+04	-5.16253e-03,	7.051905e-04	
434	2.187762e+04	-5.15823e-03,	7.216174e-04	
435	2.238721e+04	-5.15374e-03,	7.383745e-04	
436	2.290868e+04	-5.14904e-03,	7.554669e-04	
437	2.344229e+04	-5.14413e-03,	7.729000e-04	
438	2.398833e+04	-5.13900e-03,	7.906788e-04	
439	2.454709e+04	-5.13363e-03,	8.088084e-04	
440	2.511886e+04	-5.12803e-03,	8.272937e-04	
441	2.570396e+04	-5.12217e-03,	8.461395e-04	
442	2.630268e+04	-5.11604e-03,	8.653504e-04	
443	2.691535e+04	-5.10965e-03,	8.849310e-04	
444	2.754229e+04	-5.10297e-03,	9.048857e-04	
445	2.818383e+04	-5.09599e-03,	9.252185e-04	
446	2.884032e+04	-5.08870e-03,	9.459334e-04	
447	2.951209e+04	-5.08108e-03,	9.670341e-04	
448	3.019952e+04	-5.07313e-03,	9.885239e-04	
449	3.090295e+04	-5.06483e-03,	1.010406e-03	
450	3.162278e+04	-5.05617e-03,	1.032683e-03	
451	3.235937e+04	-5.04712e-03,	1.055358e-03	
452	3.311311e+04	-5.03769e-03,	1.078433e-03	
453	3.388442e+04	-5.02784e-03,	1.101909e-03	
454	3.467369e+04	-5.01756e-03,	1.125787e-03	
455	3.548134e+04	-5.00685e-03,	1.150069e-03	
456	3.630781e+04	-4.99567e-03,	1.174755e-03	
457	3.715352e+04	-4.98402e-03,	1.199844e-03	
458	3.801894e+04	-4.97186e-03,	1.225336e-03	
459	3.890451e+04	-4.95920e-03,	1.251228e-03	
460	3.981072e+04	-4.94600e-03,	1.277519e-03	

Index   frequency       v1#branch                       
--------------------------------------------------------------------------------
461	4.073803e+04	-4.93225e-03,	1.304206e-03	
462	4.168694e+04	-4.91792e-03,	1.331285e-03	
463	4.265795e+04	-4.90301e-03,	1.358752e-03	
464	4.365158e+04	-4.88747e-03,	1.386601e-03	
465	4.466836e+04	-4.87131e-03,	1.414826e-03	
466	4.570882e+04	-4.85448e-03,	1.443420e-03	
467	4.677351e+04	-4.83698e-03,	1.472375e-03	
468	4.786301e+04	-4.81877e-03,	1.501681e-03	
469	4.897788e+04	-4.79985e-03,	1.531328e-03	
470	5.011872e+04	-4.78017e-03,	1.561304e-03	
471	5.128614e+04	-4.75973e-03,	1.591597e-03	
472	5.248075e+04	-4.73849e-03,	1.622192e-03	
473	5.370318e+04	-4.71644e-03,	1.653074e-03	
474	5.495409e+04	-4.69355e-03,	1.684226e-03	
475	5.623413e+04	-4.66980e-03,	1.715631e-03	
476	5.754399e+04	-4.64516e-03,	1.747267e-03	
477	5.888437e+04	-4.61961e-03,	1.779115e-03	
478	6.025596e+04	-4.59314e-03,	1.811151e-03	
479	6.165950e+04	-4.56571e-03,	1.843351e-03	
480	6.309573e+04	-4.53731e-03,	1.875689e-03	
481	6.456542e+04	-4.50792e-03,	1.908138e-03	
482	6.606934e+04	-4.47751e-03,	1.940667e-03	
483	6.760830e+04	-4.44607e-03,	1.973246e-03	
484	6.918310e+04	-4.41357e-03,	2.005843e-03	
485	7.079458e+04	-4.38000e-03,	2.038422e-03	
486	7.244360e+04	-4.34534e-03,	2.070949e-03	
487	7.413102e+04	-4.30959e-03,	2.103384e-03	
488	7.585776e+04	-4.27271e-03,	2.135689e-03	
489	7.762471e+04	-4.23471e-03,	2.167822e-03	
490	7.943282e+04	-4.19557e-03,	2.199741e-03	
491	8.128305e+04	-4.15528e-03,	2.231401e-03	
492	8.317638e+04	-4.11384e-03,	2.262758e-03	
493	8.511380e+04	-4.07124e-03,	2.293764e-03	
494	8.709636e+04	-4.02748e-03,	2.324370e-03	
495	8.912509e+04	-3.98256e-03,	2.354528e-03	
496	9.120108e+04	-3.93648e-03,	2.384188e-03	
497	9.332543e+04	-3.88925e-03,	2.413297e-03	
498	9.549926e+04	-3.84088e-03,	2.441804e-03	
499	9.772372e+04	-3.79138e-03,	2.469657e-03	
500	1.000000e+05	-3.74075e-03,	2.496802e-03	
501	1.023293e+05	-3.68903e-03,	2.523187e-03	
502	1.047129e+05	-3.63622e-03,	2.548758e-03	
503	1.071519e+05	-3.58236e-03,	2.573463e-03	
504	1.096478e+05	-3.52746e-03,	2.597249e-03	
505	1.122018e+05	-3.47157e-03,	2.620065e-03	
506	1.148154e+05	-3.41471e-03,	2.641859e-03	
507	1.174898e+05	-3.35691e-03,	2.662582e-03	
508	1.202264e+05	-3.29823e-03,	2.682186e-03	
509	1.230269e+05	-3.23870e-03,	2.700624e-03	
510	1.258925e+05	-3.17836e-03,	2.717852e-03	
511	1.288250e+05	-3.11728e-03,	2.733827e-03	
512	1.318257e+05	-3.05549e-03,	2.748508e-03	
513	1.348963e+05	-2.99305e-03,	2.761859e-03	
514	1.380384e+05	-2.93003e-03,	2.773844e-03	
515	1.412538e+05	-2.86647e-03,	2.784432e-03	
516	1.445440e+05	-2.80245e-03,	2.793593e-03	
517	1.479108e+05	-2.73802e-03,	2.801304e-03	
518	1.513561e+05	-2.67325e-03,	2.807543e-03	

Index   frequency       v1#branch                       
--------------------------------------------------------------------------------
519	1.548817e+05	-2.60821e-03,	2.812290e-03	
520	1.584893e+05	-2.54297e-03,	2.815534e-03	
521	1.621810e+05	-2.47758e-03,	2.817262e-03	
522	1.659587e+05	-2.41213e-03,	2.817468e-03	
523	1.698244e+05	-2.34668e-03,	2.816151e-03	
524	1.737801e+05	-2.28130e-03,	2.813313e-03	
525	1.778279e+05	-2.21607e-03,	2.808957e-03	
526	1.819701e+05	-2.15104e-03,	2.803095e-03	
527	1.862087e+05	-2.08629e-03,	2.795739e-03	
528	1.905461e+05	-2.02189e-03,	2.786907e-03	
529	1.949845e+05	-1.95789e-03,	2.776620e-03	
530	1.995262e+05	-1.89437e-03,	2.764901e-03	
531	2.041738e+05	-1.83138e-03,	2.751780e-03	
532	2.089296e+05	-1.76899e-03,	2.737286e-03	
533	2.137962e+05	-1.70725e-03,	2.721455e-03	
534	2.187762e+05	-1.64622e-03,	2.704322e-03	
535	2.238721e+05	-1.58595e-03,	2.685928e-03	
536	2.290868e+05	-1.52648e-03,	2.666314e-03	
537	2.344229e+05	-1.46787e-03,	2.645525e-03	
538	2.398833e+05	-1.41016e-03,	2.623606e-03	
539	2.454709e+05	-1.35338e-03,	2.600605e-03	
540	2.511886e+05	-1.29759e-03,	2.576570e-03	
541	2.570396e+05	-1.24280e-03,	2.551553e-03	
542	2.630268e+05	-1.18905e-03,	2.525604e-03	
543	2.691535e+05	-1.13636e-03,	2.498776e-03	
544	2.754229e+05	-1.08477e-03,	2.471119e-03	
545	2.818383e+05	-1.03429e-03,	2.442688e-03	
546	2.884032e+05	-9.84934e-04,	2.413533e-03	
547	2.951209e+05	-9.36725e-04,	2.383709e-03	
548	3.019952e+05	-8.89671e-04,	2.353266e-03	
549	3.090295e+05	-8.43781e-04,	2.322257e-03	
550	3.162278e+05	-7.99062e-04,	2.290732e-03	
551	3.235937e+05	-7.55516e-04,	2.258740e-03	
552	3.311311e+05	-7.13144e-04,	2.226331e-03	
553	3.388442e+05	-6.71946e-04,	2.193552e-03	
554	3.467369e+05	-6.31916e-04,	2.160451e-03	
555	3.548134e+05	-5.93050e-04,	2.127071e-03	
556	3.630781e+05	-5.55339e-04,	2.093457e-03	
557	3.715352e+05	-5.18774e-04,	2.059651e-03	
558	3.801894e+05	-4.83343e-04,	2.025694e-03	
559	3.890451e+05	-4.49033e-04,	1.991624e-03	
560	3.981072e+05	-4.15831e-04,	1.957479e-03	
561	4.073803e+05	-3.83719e-04,	1.923296e-03	
562	4.168694e+05	-3.52683e-04,	1.889107e-03	
563	4.265795e+05	-3.22703e-04,	1.854945e-03	
564	4.365158e+05	-2.93761e-04,	1.820841e-03	
565	4.466836e+05	-2.65838e-04,	1.786824e-03	
566	4.570882e+05	-2.38914e-04,	1.752922e-03	
567	4.677351e+05	-2.12968e-04,	1.719159e-03	
568	4.786301e+05	-1.87979e-04,	1.685561e-03	
569	4.897788e+05	-1.63925e-04,	1.652149e-03	
570	5.011872e+05	-1.40785e-04,	1.618945e-03	
571	5.128614e+05	-1.18537e-04,	1.585968e-03	
572	5.248075e+05	-9.71594e-05,	1.553236e-03	
573	5.370318e+05	-7.66297e-05,	1.520766e-03	
574	5.495409e+05	-5.69263e-05,	1.488574e-03	
575	5.623413e+05	-3.80272e-05,	1.456672e-03	
576	5.754399e+05	-1.99109e-05,	1.425075e-03	

Index   frequency       v1#branch                       
--------------------------------------------------------------------------------
577	5.888437e+05	-2.55595e-06,	1.393794e-03	
578	6.025596e+05	1.405875e-05,	1.362839e-03	
579	6.165950e+05	2.995408e-05,	1.332219e-03	
580	6.309573e+05	4.515052e-05,	1.301944e-03	
581	6.456542e+05	5.966819e-05,	1.272020e-03	
582	6.606934e+05	7.352683e-05,	1.242454e-03	
583	6.760830e+05	8.674570e-05,	1.213253e-03	
584	6.918310e+05	9.934367e-05,	1.184420e-03	
585	7.079458e+05	1.113391e-04,	1.155959e-03	
586	7.244360e+05	1.227499e-04,	1.127876e-03	
587	7.413102e+05	1.335935e-04,	1.100171e-03	
588	7.585776e+05	1.438869e-04,	1.072849e-03	
589	7.762471e+05	1.536463e-04,	1.045909e-03	
590	7.943282e+05	1.628879e-04,	1.019354e-03	
591	8.128305e+05	1.716269e-04,	9.931838e-04	
592	8.317638e+05	1.798783e-04,	9.673994e-04	
593	8.511380e+05	1.876565e-04,	9.420005e-04	
594	8.709636e+05	1.949755e-04,	9.169867e-04	
595	8.912509e+05	2.018487e-04,	8.923574e-04	
596	9.120108e+05	2.082891e-04,	8.681117e-04	
597	9.332543e+05	2.143093e-04,	8.442485e-04	
598	9.549926e+05	2.199213e-04,	8.207662e-04	
599	9.772372e+05	2.251367e-04,	7.976635e-04	
600	1.000000e+06	2.299669e-04,	7.749387e-04	
601	1.023293e+06	2.344226e-04,	7.525901e-04	
602	1.047129e+06	2.385143e-04,	7.306157e-04	
603	1.071519e+06	2.422521e-04,	7.090137e-04	
604	1.096478e+06	2.456457e-04,	6.877821e-04	
605	1.122018e+06	2.487045e-04,	6.669190e-04	
606	1.148154e+06	2.514376e-04,	6.464223e-04	
607	1.174898e+06	2.538539e-04,	6.262902e-04	
608	1.202264e+06	2.559619e-04,	6.065206e-04	
609	1.230269e+06	2.577699e-04,	5.871116e-04	
610	1.258925e+06	2.592859e-04,	5.680615e-04	
611	1.288250e+06	2.605179e-04,	5.493683e-04	
612	1.318257e+06	2.614735e-04,	5.310304e-04	
613	1.348963e+06	2.621603e-04,	5.130461e-04	
614	1.380384e+06	2.625857e-04,	4.954137e-04	
615	1.412538e+06	2.627569e-04,	4.781317e-04	
616	1.445440e+06	2.626812e-04,	4.611988e-04	
617	1.479108e+06	2.623656e-04,	4.446134e-04	
618	1.513561e+06	2.618172e-04,	4.283743e-04	
619	1.548817e+06	2.610430e-04,	4.124801e-04	
620	1.584893e+06	2.600499e-04,	3.969297e-04	
621	1.621810e+06	2.588450e-04,	3.817219e-04	
622	1.659587e+06	2.574352e-04,	3.668555e-04	
623	1.698244e+06	2.558275e-04,	3.523295e-04	
624	1.737801e+06	2.540289e-04,	3.381426e-04	
625	1.778279e+06	2.520465e-04,	3.242939e-04	
626	1.819701e+06	2.498874e-04,	3.107820e-04	
627	1.862087e+06	2.475588e-04,	2.976060e-04	
628	1.905461e+06	2.450678e-04,	2.847645e-04	
629	1.949845e+06	2.424219e-04,	2.722562e-04	
630	1.995262e+06	2.396284e-04,	2.600798e-04	
631	2.041738e+06	2.366946e-04,	2.482338e-04	
632	2.089296e+06	2.336282e-04,	2.367167e-04	
633	2.137962e+06	2.304365e-04,	2.255266e-04	
634	2.187762e+06	2.271273e-04,	2.146617e-04	

Index   frequency       v1#branch                       
--------------------------------------------------------------------------------
635	2.238721e+06	2.237083e-04,	2.041200e-04	
636	2.290868e+06	2.201869e-04,	1.938993e-04	
637	2.344229e+06	2.165711e-04,	1.839972e-04	
638	2.398833e+06	2.128684e-04,	1.744110e-04	
639	2.454709e+06	2.090866e-04,	1.651380e-04	
640	2.511886e+06	2.052334e-04,	1.561752e-04	
641	2.570396e+06	2.013165e-04,	1.475191e-04	
642	2.630268e+06	1.973434e-04,	1.391665e-04	
643	2.691535e+06	1.933216e-04,	1.311135e-04	
644	2.754229e+06	1.892586e-04,	1.233561e-04	
645	2.818383e+06	1.851617e-04,	1.158902e-04	
646	2.884032e+06	1.810381e-04,	1.087114e-04	
647	2.951209e+06	1.768949e-04,	1.018149e-04	
648	3.019952e+06	1.727390e-04,	9.519580e-05	
649	3.090295e+06	1.685770e-04,	8.884909e-05	
650	3.162278e+06	1.644155e-04,	8.276941e-05	
651	3.235937e+06	1.602608e-04,	7.695123e-05	
652	3.311311e+06	1.561189e-04,	7.138884e-05	
653	3.388442e+06	1.519956e-04,	6.607638e-05	
654	3.467369e+06	1.478967e-04,	6.100780e-05	
655	3.548134e+06	1.438272e-04,	5.617694e-05	
656	3.630781e+06	1.397924e-04,	5.157749e-05	
657	3.715352e+06	1.357969e-04,	4.720305e-05	
658	3.801894e+06	1.318453e-04,	4.304712e-05	
659	3.890451e+06	1.279416e-04,	3.910314e-05	
660	3.981072e+06	1.240899e-04,	3.536448e-05	
661	4.073803e+06	1.202936e-04,	3.182448e-05	
662	4.168694e+06	1.165561e-04,	2.847646e-05	
663	4.265795e+06	1.128805e-04,	2.531375e-05	
664	4.365158e+06	1.092693e-04,	2.232969e-05	
665	4.466836e+06	1.057251e-04,	1.951765e-05	
666	4.570882e+06	1.022500e-04,	1.687104e-05	
667	4.677351e+06	9.884587e-05,	1.438336e-05	
668	4.786301e+06	9.551436e-05,	1.204814e-05	
669	4.897788e+06	9.225683e-05,	9.859056e-06	
670	5.011872e+06	8.907438e-05,	7.809846e-06	
671	5.128614e+06	8.596791e-05,	5.894378e-06	
672	5.248075e+06	8.293807e-05,	4.106639e-06	
673	5.370318e+06	7.998530e-05,	2.440750e-06	
674	5.495409e+06	7.710985e-05,	8.909726e-07	
675	5.623413e+06	7.431176e-05,	-5.48286e-07	
676	5.754399e+06	7.159090e-05,	-1.88246e-06	
677	5.888437e+06	6.894699e-05,	-3.11684e-06	
678	6.025596e+06	6.637956e-05,	-4.25654e-06	
679	6.165950e+06	6.388803e-05,	-5.30650e-06	
680	6.309573e+06	6.147166e-05,	-6.27152e-06	
681	6.456542e+06	5.912960e-05,	-7.15622e-06	
682	6.606934e+06	5.686091e-05,	-7.96503e-06	
683	6.760830e+06	5.466452e-05,	-8.70223e-06	
684	6.918310e+06	5.253929e-05,	-9.37194e-06	
685	7.079458e+06	5.048399e-05,	-9.97810e-06	
686	7.244360e+06	4.849733e-05,	-1.05245e-05	
687	7.413102e+06	4.657796e-05,	-1.10147e-05	
688	7.585776e+06	4.472447e-05,	-1.14522e-05	
689	7.762471e+06	4.293541e-05,	-1.18402e-05	
690	7.943282e+06	4.120930e-05,	-1.21820e-05	
691	8.128305e+06	3.954461e-05,	-1.24805e-05	
692	8.317638e+06	3.793983e-05,	-1.27386e-05	

Index   frequency       v1#branch                       
--------------------------------------------------------------------------------
693	8.511380e+06	3.639339e-05,	-1.29589e-05	
694	8.709636e+06	3.490373e-05,	-1.31440e-05	
695	8.912509e+06	3.346928e-05,	-1.32964e-05	
696	9.120108e+06	3.208848e-05,	-1.34183e-05	
697	9.332543e+06	3.075975e-05,	-1.35120e-05	
698	9.549926e+06	2.948156e-05,	-1.35795e-05	
699	9.772372e+06	2.825235e-05,	-1.36227e-05	
700	1.000000e+07	2.707059e-05,	-1.36435e-05	
701	1.023293e+07	2.593477e-05,	-1.36436e-05	
702	1.047129e+07	2.484342e-05,	-1.36247e-05	
703	1.071519e+07	2.379505e-05,	-1.35882e-05	
704	1.096478e+07	2.278823e-05,	-1.35357e-05	
705	1.122018e+07	2.182154e-05,	-1.34684e-05	
706	1.148154e+07	2.089360e-05,	-1.33877e-05	
707	1.174898e+07	2.000305e-05,	-1.32947e-05	
708	1.202264e+07	1.914857e-05,	-1.31906e-05	
709	1.230269e+07	1.832887e-05,	-1.30765e-05	
710	1.258925e+07	1.754267e-05,	-1.29532e-05	
711	1.288250e+07	1.678875e-05,	-1.28217e-05	
712	1.318257e+07	1.606593e-05,	-1.26828e-05	
713	1.348963e+07	1.537302e-05,	-1.25375e-05	
714	1.380384e+07	1.470890e-05,	-1.23863e-05	
715	1.412538e+07	1.407249e-05,	-1.22300e-05	
716	1.445440e+07	1.346270e-05,	-1.20693e-05	
717	1.479108e+07	1.287852e-05,	-1.19047e-05	
718	1.513561e+07	1.231895e-05,	-1.17368e-05	
719	1.548817e+07	1.178302e-05,	-1.15661e-05	
720	1.584893e+07	1.126979e-05,	-1.13930e-05	
721	1.621810e+07	1.077836e-05,	-1.12181e-05	
722	1.659587e+07	1.030787e-05,	-1.10418e-05	
723	1.698244e+07	9.857471e-06,	-1.08643e-05	
724	1.737801e+07	9.426348e-06,	-1.06861e-05	
725	1.778279e+07	9.013721e-06,	-1.05075e-05	
726	1.819701e+07	8.618835e-06,	-1.03288e-05	
727	1.862087e+07	8.240961e-06,	-1.01502e-05	
728	1.905461e+07	7.879399e-06,	-9.97197e-06	
729	1.949845e+07	7.533474e-06,	-9.79438e-06	
730	1.995262e+07	7.202537e-06,	-9.61761e-06	
731	2.041738e+07	6.885964e-06,	-9.44185e-06	
732	2.089296e+07	6.583153e-06,	-9.26727e-06	
733	2.137962e+07	6.293527e-06,	-9.09403e-06	
734	2.187762e+07	6.016530e-06,	-8.92226e-06	
735	2.238721e+07	5.751629e-06,	-8.75209e-06	
736	2.290868e+07	5.498312e-06,	-8.58364e-06	
737	2.344229e+07	5.256086e-06,	-8.41701e-06	
738	2.398833e+07	5.024480e-06,	-8.25228e-06	
739	2.454709e+07	4.803039e-06,	-8.08953e-06	
740	2.511886e+07	4.591328e-06,	-7.92884e-06	
741	2.570396e+07	4.388931e-06,	-7.77027e-06	
742	2.630268e+07	4.195446e-06,	-7.61386e-06	
743	2.691535e+07	4.010489e-06,	-7.45966e-06	
744	2.754229e+07	3.833692e-06,	-7.30771e-06	
745	2.818383e+07	3.664703e-06,	-7.15805e-06	
746	2.884032e+07	3.503182e-06,	-7.01069e-06	
747	2.951209e+07	3.348806e-06,	-6.86565e-06	
748	3.019952e+07	3.201263e-06,	-6.72296e-06	
749	3.090295e+07	3.060257e-06,	-6.58262e-06	
750	3.162278e+07	2.925502e-06,	-6.44463e-06	

Index   frequency       v1#branch                       
--------------------------------------------------------------------------------
751	3.235937e+07	2.796726e-06,	-6.30900e-06	
752	3.311311e+07	2.673665e-06,	-6.17572e-06	
753	3.388442e+07	2.556071e-06,	-6.04480e-06	
754	3.467369e+07	2.443704e-06,	-5.91621e-06	
755	3.548134e+07	2.336333e-06,	-5.78996e-06	
756	3.630781e+07	2.233740e-06,	-5.66602e-06	
757	3.715352e+07	2.135714e-06,	-5.54438e-06	
758	3.801894e+07	2.042054e-06,	-5.42502e-06	
759	3.890451e+07	1.952568e-06,	-5.30793e-06	
760	3.981072e+07	1.867071e-06,	-5.19308e-06	
761	4.073803e+07	1.785387e-06,	-5.08044e-06	
762	4.168694e+07	1.707348e-06,	-4.97000e-06	
763	4.265795e+07	1.632791e-06,	-4.86173e-06	
764	4.365158e+07	1.561565e-06,	-4.75560e-06	
765	4.466836e+07	1.493519e-06,	-4.65158e-06	
766	4.570882e+07	1.428514e-06,	-4.54965e-06	
767	4.677351e+07	1.366415e-06,	-4.44978e-06	
768	4.786301e+07	1.307092e-06,	-4.35194e-06	
769	4.897788e+07	1.250423e-06,	-4.25609e-06	
770	5.011872e+07	1.196289e-06,	-4.16221e-06	
771	5.128614e+07	1.144577e-06,	-4.07027e-06	
772	5.248075e+07	1.095180e-06,	-3.98024e-06	
773	5.370318e+07	1.047994e-06,	-3.89208e-06	
774	5.495409e+07	1.002922e-06,	-3.80576e-06	
775	5.623413e+07	9.598684e-07,	-3.72126e-06	
776	5.754399e+07	9.187439e-07,	-3.63854e-06	
777	5.888437e+07	8.794623e-07,	-3.55757e-06	
778	6.025596e+07	8.419413e-07,	-3.47832e-06	
779	6.165950e+07	8.061023e-07,	-3.40076e-06	
780	6.309573e+07	7.718702e-07,	-3.32486e-06	
781	6.456542e+07	7.391732e-07,	-3.25059e-06	
782	6.606934e+07	7.079428e-07,	-3.17791e-06	
783	6.760830e+07	6.781134e-07,	-3.10680e-06	
784	6.918310e+07	6.496222e-07,	-3.03722e-06	
785	7.079458e+07	6.224096e-07,	-2.96915e-06	
786	7.244360e+07	5.964181e-07,	-2.90256e-06	
787	7.413102e+07	5.715933e-07,	-2.83742e-06	
788	7.585776e+07	5.478828e-07,	-2.77371e-06	
789	7.762471e+07	5.252369e-07,	-2.71138e-06	
790	7.943282e+07	5.036077e-07,	-2.65042e-06	
791	8.128305e+07	4.829498e-07,	-2.59079e-06	
792	8.317638e+07	4.632196e-07,	-2.53248e-06	
793	8.511380e+07	4.443755e-07,	-2.47545e-06	
794	8.709636e+07	4.263779e-07,	-2.41967e-06	
795	8.912509e+07	4.091888e-07,	-2.36513e-06	
796	9.120108e+07	3.927719e-07,	-2.31179e-06	
797	9.332543e+07	3.770927e-07,	-2.25964e-06	
798	9.549926e+07	3.621179e-07,	-2.20864e-06	
799	9.772372e+07	3.478161e-07,	-2.15877e-06	
800	1.000000e+08	3.341569e-07,	-2.11001e-06	
801	1.023293e+08	3.211117e-07,	-2.06234e-06	
802	1.047129e+08	3.086527e-07,	-2.01572e-06	
803	1.071519e+08	2.967538e-07,	-1.97015e-06	
804	1.096478e+08	2.853898e-07,	-1.92559e-06	
805	1.122018e+08	2.745366e-07,	-1.88203e-06	
806	1.148154e+08	2.641713e-07,	-1.83944e-06	
807	1.174898e+08	2.542720e-07,	-1.79780e-06	
808	1.202264e+08	2.448178e-07,	-1.75710e-06	

Index   frequency       v1#branch                       
--------------------------------------------------------------------------------
809	1.230269e+08	2.357887e-07,	-1.71730e-06	
810	1.258925e+08	2.271656e-07,	-1.67840e-06	
811	1.288250e+08	2.189302e-07,	-1.64038e-06	
812	1.318257e+08	2.110651e-07,	-1.60320e-06	
813	1.348963e+08	2.035538e-07,	-1.56686e-06	
814	1.380384e+08	1.963802e-07,	-1.53134e-06	
815	1.412538e+08	1.895293e-07,	-1.49662e-06	
816	1.445440e+08	1.829865e-07,	-1.46268e-06	
817	1.479108e+08	1.767379e-07,	-1.42950e-06	
818	1.513561e+08	1.707704e-07,	-1.39707e-06	
819	1.548817e+08	1.650714e-07,	-1.36537e-06	
820	1.584893e+08	1.596286e-07,	-1.33439e-06	
821	1.621810e+08	1.544307e-07,	-1.30410e-06	
822	1.659587e+08	1.494666e-07,	-1.27450e-06	
823	1.698244e+08	1.447258e-07,	-1.24557e-06	
824	1.737801e+08	1.401983e-07,	-1.21729e-06	
825	1.778279e+08	1.358744e-07,	-1.18964e-06	
826	1.819701e+08	1.317451e-07,	-1.16263e-06	
827	1.862087e+08	1.278015e-07,	-1.13622e-06	
828	1.905461e+08	1.240354e-07,	-1.11041e-06	
829	1.949845e+08	1.204387e-07,	-1.08519e-06	
830	1.995262e+08	1.170038e-07,	-1.06053e-06	
831	2.041738e+08	1.137234e-07,	-1.03644e-06	
832	2.089296e+08	1.105906e-07,	-1.01289e-06	
833	2.137962e+08	1.075988e-07,	-9.89871e-07	
834	2.187762e+08	1.047416e-07,	-9.67375e-07	
835	2.238721e+08	1.020130e-07,	-9.45389e-07	
836	2.290868e+08	9.940711e-08,	-9.23901e-07	
837	2.344229e+08	9.691848e-08,	-9.02900e-07	
838	2.398833e+08	9.454184e-08,	-8.82375e-07	
839	2.454709e+08	9.227213e-08,	-8.62315e-07	
840	2.511886e+08	9.010456e-08,	-8.42710e-07	
841	2.570396e+08	8.803452e-08,	-8.23550e-07	
842	2.630268e+08	8.605762e-08,	-8.04825e-07	
843	2.691535e+08	8.416968e-08,	-7.86524e-07	
844	2.754229e+08	8.236670e-08,	-7.68639e-07	
845	2.818383e+08	8.064485e-08,	-7.51160e-07	
846	2.884032e+08	7.900048e-08,	-7.34077e-07	
847	2.951209e+08	7.743010e-08,	-7.17382e-07	
848	3.019952e+08	7.593040e-08,	-7.01066e-07	
849	3.090295e+08	7.449818e-08,	-6.85121e-07	
850	3.162278e+08	7.313041e-08,	-6.69538e-07	
851	3.235937e+08	7.182419e-08,	-6.54309e-07	
852	3.311311e+08	7.057675e-08,	-6.39425e-07	
853	3.388442e+08	6.938545e-08,	-6.24880e-07	
854	3.467369e+08	6.824776e-08,	-6.10665e-07	
855	3.548134e+08	6.716127e-08,	-5.96773e-07	
856	3.630781e+08	6.612367e-08,	-5.83197e-07	
857	3.715352e+08	6.513277e-08,	-5.69929e-07	
858	3.801894e+08	6.418646e-08,	-5.56963e-07	
859	3.890451e+08	6.328274e-08,	-5.44291e-07	
860	3.981072e+08	6.241969e-08,	-5.31908e-07	
861	4.073803e+08	6.159548e-08,	-5.19806e-07	
862	4.168694e+08	6.080836e-08,	-5.07979e-07	
863	4.265795e+08	6.005666e-08,	-4.96420e-07	
864	4.365158e+08	5.933880e-08,	-4.85125e-07	
865	4.466836e+08	5.865324e-08,	-4.74087e-07	
866	4.570882e+08	5.799853e-08,	-4.63299e-07	

Index   frequency       v1#branch                       
--------------------------------------------------------------------------------
867	4.677351e+08	5.737329e-08,	-4.52757e-07	
868	4.786301e+08	5.677618e-08,	-4.42454e-07	
869	4.897788e+08	5.620595e-08,	-4.32386e-07	
870	5.011872e+08	5.566138e-08,	-4.22547e-07	
871	5.128614e+08	5.514132e-08,	-4.12931e-07	
872	5.248075e+08	5.464467e-08,	-4.03534e-07	
873	5.370318e+08	5.417037e-08,	-3.94351e-07	
874	5.495409e+08	5.371741e-08,	-3.85377e-07	
875	5.623413e+08	5.328484e-08,	-3.76607e-07	
876	5.754399e+08	5.287174e-08,	-3.68036e-07	
877	5.888437e+08	5.247722e-08,	-3.59661e-07	
878	6.025596e+08	5.210047e-08,	-3.51475e-07	
879	6.165950e+08	5.174067e-08,	-3.43477e-07	
880	6.309573e+08	5.139706e-08,	-3.35660e-07	
881	6.456542e+08	5.106892e-08,	-3.28020e-07	
882	6.606934e+08	5.075555e-08,	-3.20555e-07	
883	6.760830e+08	5.045627e-08,	-3.13260e-07	
884	6.918310e+08	5.017047e-08,	-3.06130e-07	
885	7.079458e+08	4.989753e-08,	-2.99163e-07	
886	7.244360e+08	4.963688e-08,	-2.92354e-07	
887	7.413102e+08	4.938796e-08,	-2.85700e-07	
888	7.585776e+08	4.915023e-08,	-2.79198e-07	
889	7.762471e+08	4.892321e-08,	-2.72843e-07	
890	7.943282e+08	4.870641e-08,	-2.66633e-07	
891	8.128305e+08	4.849936e-08,	-2.60565e-07	
892	8.317638e+08	4.830163e-08,	-2.54634e-07	
893	8.511380e+08	4.811280e-08,	-2.48839e-07	
894	8.709636e+08	4.793247e-08,	-2.43175e-07	
895	8.912509e+08	4.776026e-08,	-2.37640e-07	
896	9.120108e+08	4.759580e-08,	-2.32231e-07	
897	9.332543e+08	4.743873e-08,	-2.26946e-07	
898	9.549926e+08	4.728874e-08,	-2.21780e-07	
899	9.772372e+08	4.714550e-08,	-2.16732e-07	
900	1.000000e+09	4.700870e-08,	-2.11799e-07	

* /home/saurabh/installer_main_workshop/esim-1.1.2/examples/bjt_frequency_response/bjt_frequency_response.cir
AC Analysis  Tue Jun 24 19:42:59  2025
--------------------------------------------------------------------------------
Index   frequency       v2#branch                       
--------------------------------------------------------------------------------
0	1.000000e+00	-1.56540e-05,	-5.99252e-06	
1	1.023293e+00	-1.56691e-05,	-6.04009e-06	
2	1.047129e+00	-1.56839e-05,	-6.09074e-06	
3	1.071519e+00	-1.56983e-05,	-6.14448e-06	
4	1.096478e+00	-1.57125e-05,	-6.20136e-06	
5	1.122018e+00	-1.57264e-05,	-6.26141e-06	
6	1.148154e+00	-1.57401e-05,	-6.32467e-06	
7	1.174898e+00	-1.57536e-05,	-6.39119e-06	
8	1.202264e+00	-1.57669e-05,	-6.46099e-06	
9	1.230269e+00	-1.57800e-05,	-6.53413e-06	
10	1.258925e+00	-1.57930e-05,	-6.61064e-06	
11	1.288250e+00	-1.58060e-05,	-6.69058e-06	
12	1.318257e+00	-1.58188e-05,	-6.77398e-06	
13	1.348963e+00	-1.58316e-05,	-6.86090e-06	
14	1.380384e+00	-1.58444e-05,	-6.95139e-06	
15	1.412538e+00	-1.58572e-05,	-7.04549e-06	
16	1.445440e+00	-1.58700e-05,	-7.14326e-06	
17	1.479108e+00	-1.58828e-05,	-7.24475e-06	
18	1.513561e+00	-1.58958e-05,	-7.35002e-06	
19	1.548817e+00	-1.59089e-05,	-7.45913e-06	
20	1.584893e+00	-1.59221e-05,	-7.57213e-06	
21	1.621810e+00	-1.59355e-05,	-7.68908e-06	
22	1.659587e+00	-1.59490e-05,	-7.81005e-06	
23	1.698244e+00	-1.59628e-05,	-7.93511e-06	
24	1.737801e+00	-1.59769e-05,	-8.06432e-06	
25	1.778279e+00	-1.59912e-05,	-8.19774e-06	
26	1.819701e+00	-1.60058e-05,	-8.33546e-06	
27	1.862087e+00	-1.60208e-05,	-8.47753e-06	
28	1.905461e+00	-1.60362e-05,	-8.62404e-06	
29	1.949845e+00	-1.60520e-05,	-8.77506e-06	
30	1.995262e+00	-1.60682e-05,	-8.93067e-06	
31	2.041738e+00	-1.60848e-05,	-9.09096e-06	
32	2.089296e+00	-1.61020e-05,	-9.25599e-06	
33	2.137962e+00	-1.61197e-05,	-9.42587e-06	
34	2.187762e+00	-1.61380e-05,	-9.60067e-06	
35	2.238721e+00	-1.61570e-05,	-9.78049e-06	
36	2.290868e+00	-1.61766e-05,	-9.96542e-06	
37	2.344229e+00	-1.61968e-05,	-1.01556e-05	
38	2.398833e+00	-1.62179e-05,	-1.03510e-05	
39	2.454709e+00	-1.62397e-05,	-1.05518e-05	
40	2.511886e+00	-1.62623e-05,	-1.07581e-05	
41	2.570396e+00	-1.62859e-05,	-1.09701e-05	
42	2.630268e+00	-1.63103e-05,	-1.11877e-05	
43	2.691535e+00	-1.63358e-05,	-1.14112e-05	
44	2.754229e+00	-1.63622e-05,	-1.16406e-05	
45	2.818383e+00	-1.63898e-05,	-1.18760e-05	
46	2.884032e+00	-1.64185e-05,	-1.21176e-05	
47	2.951209e+00	-1.64484e-05,	-1.23655e-05	
48	3.019952e+00	-1.64796e-05,	-1.26198e-05	
49	3.090295e+00	-1.65121e-05,	-1.28806e-05	
50	3.162278e+00	-1.65460e-05,	-1.31481e-05	
51	3.235937e+00	-1.65814e-05,	-1.34223e-05	
52	3.311311e+00	-1.66183e-05,	-1.37035e-05	
53	3.388442e+00	-1.66569e-05,	-1.39917e-05	
54	3.467369e+00	-1.66972e-05,	-1.42872e-05	

Index   frequency       v2#branch                       
--------------------------------------------------------------------------------
55	3.548134e+00	-1.67392e-05,	-1.45899e-05	
56	3.630781e+00	-1.67831e-05,	-1.49002e-05	
57	3.715352e+00	-1.68290e-05,	-1.52180e-05	
58	3.801894e+00	-1.68769e-05,	-1.55436e-05	
59	3.890451e+00	-1.69270e-05,	-1.58772e-05	
60	3.981072e+00	-1.69794e-05,	-1.62188e-05	
61	4.073803e+00	-1.70341e-05,	-1.65687e-05	
62	4.168694e+00	-1.70913e-05,	-1.69270e-05	
63	4.265795e+00	-1.71511e-05,	-1.72939e-05	
64	4.365158e+00	-1.72136e-05,	-1.76694e-05	
65	4.466836e+00	-1.72789e-05,	-1.80539e-05	
66	4.570882e+00	-1.73473e-05,	-1.84474e-05	
67	4.677351e+00	-1.74187e-05,	-1.88502e-05	
68	4.786301e+00	-1.74935e-05,	-1.92624e-05	
69	4.897788e+00	-1.75716e-05,	-1.96842e-05	
70	5.011872e+00	-1.76533e-05,	-2.01157e-05	
71	5.128614e+00	-1.77387e-05,	-2.05572e-05	
72	5.248075e+00	-1.78281e-05,	-2.10089e-05	
73	5.370318e+00	-1.79215e-05,	-2.14709e-05	
74	5.495409e+00	-1.80192e-05,	-2.19434e-05	
75	5.623413e+00	-1.81214e-05,	-2.24266e-05	
76	5.754399e+00	-1.82283e-05,	-2.29207e-05	
77	5.888437e+00	-1.83400e-05,	-2.34259e-05	
78	6.025596e+00	-1.84568e-05,	-2.39423e-05	
79	6.165950e+00	-1.85790e-05,	-2.44703e-05	
80	6.309573e+00	-1.87068e-05,	-2.50099e-05	
81	6.456542e+00	-1.88403e-05,	-2.55614e-05	
82	6.606934e+00	-1.89800e-05,	-2.61249e-05	
83	6.760830e+00	-1.91260e-05,	-2.67007e-05	
84	6.918310e+00	-1.92787e-05,	-2.72890e-05	
85	7.079458e+00	-1.94382e-05,	-2.78899e-05	
86	7.244360e+00	-1.96050e-05,	-2.85037e-05	
87	7.413102e+00	-1.97794e-05,	-2.91305e-05	
88	7.585776e+00	-1.99617e-05,	-2.97705e-05	
89	7.762471e+00	-2.01521e-05,	-3.04239e-05	
90	7.943282e+00	-2.03512e-05,	-3.10909e-05	
91	8.128305e+00	-2.05592e-05,	-3.17717e-05	
92	8.317638e+00	-2.07766e-05,	-3.24665e-05	
93	8.511380e+00	-2.10036e-05,	-3.31753e-05	
94	8.709636e+00	-2.12409e-05,	-3.38985e-05	
95	8.912509e+00	-2.14887e-05,	-3.46361e-05	
96	9.120108e+00	-2.17475e-05,	-3.53882e-05	
97	9.332543e+00	-2.20179e-05,	-3.61552e-05	
98	9.549926e+00	-2.23001e-05,	-3.69370e-05	
99	9.772372e+00	-2.25949e-05,	-3.77338e-05	
100	1.000000e+01	-2.29026e-05,	-3.85457e-05	
101	1.023293e+01	-2.32238e-05,	-3.93729e-05	
102	1.047129e+01	-2.35591e-05,	-4.02154e-05	
103	1.071519e+01	-2.39089e-05,	-4.10732e-05	
104	1.096478e+01	-2.42740e-05,	-4.19466e-05	
105	1.122018e+01	-2.46548e-05,	-4.28354e-05	
106	1.148154e+01	-2.50521e-05,	-4.37398e-05	
107	1.174898e+01	-2.54663e-05,	-4.46597e-05	
108	1.202264e+01	-2.58983e-05,	-4.55952e-05	
109	1.230269e+01	-2.63487e-05,	-4.65462e-05	
110	1.258925e+01	-2.68181e-05,	-4.75126e-05	
111	1.288250e+01	-2.73072e-05,	-4.84945e-05	
112	1.318257e+01	-2.78169e-05,	-4.94916e-05	

Index   frequency       v2#branch                       
--------------------------------------------------------------------------------
113	1.348963e+01	-2.83477e-05,	-5.05038e-05	
114	1.380384e+01	-2.89006e-05,	-5.15311e-05	
115	1.412538e+01	-2.94762e-05,	-5.25731e-05	
116	1.445440e+01	-3.00753e-05,	-5.36297e-05	
117	1.479108e+01	-3.06988e-05,	-5.47006e-05	
118	1.513561e+01	-3.13475e-05,	-5.57855e-05	
119	1.548817e+01	-3.20221e-05,	-5.68841e-05	
120	1.584893e+01	-3.27235e-05,	-5.79959e-05	
121	1.621810e+01	-3.34525e-05,	-5.91206e-05	
122	1.659587e+01	-3.42101e-05,	-6.02578e-05	
123	1.698244e+01	-3.49970e-05,	-6.14068e-05	
124	1.737801e+01	-3.58141e-05,	-6.25671e-05	
125	1.778279e+01	-3.66623e-05,	-6.37381e-05	
126	1.819701e+01	-3.75424e-05,	-6.49192e-05	
127	1.862087e+01	-3.84553e-05,	-6.61095e-05	
128	1.905461e+01	-3.94018e-05,	-6.73085e-05	
129	1.949845e+01	-4.03828e-05,	-6.85151e-05	
130	1.995262e+01	-4.13990e-05,	-6.97286e-05	
131	2.041738e+01	-4.24512e-05,	-7.09479e-05	
132	2.089296e+01	-4.35403e-05,	-7.21721e-05	
133	2.137962e+01	-4.46670e-05,	-7.34001e-05	
134	2.187762e+01	-4.58320e-05,	-7.46307e-05	
135	2.238721e+01	-4.70361e-05,	-7.58627e-05	
136	2.290868e+01	-4.82797e-05,	-7.70950e-05	
137	2.344229e+01	-4.95637e-05,	-7.83261e-05	
138	2.398833e+01	-5.08885e-05,	-7.95547e-05	
139	2.454709e+01	-5.22546e-05,	-8.07793e-05	
140	2.511886e+01	-5.36625e-05,	-8.19984e-05	
141	2.570396e+01	-5.51125e-05,	-8.32105e-05	
142	2.630268e+01	-5.66051e-05,	-8.44139e-05	
143	2.691535e+01	-5.81404e-05,	-8.56070e-05	
144	2.754229e+01	-5.97185e-05,	-8.67880e-05	
145	2.818383e+01	-6.13396e-05,	-8.79553e-05	
146	2.884032e+01	-6.30037e-05,	-8.91068e-05	
147	2.951209e+01	-6.47107e-05,	-9.02410e-05	
148	3.019952e+01	-6.64603e-05,	-9.13558e-05	
149	3.090295e+01	-6.82522e-05,	-9.24493e-05	
150	3.162278e+01	-7.00861e-05,	-9.35196e-05	
151	3.235937e+01	-7.19614e-05,	-9.45649e-05	
152	3.311311e+01	-7.38775e-05,	-9.55831e-05	
153	3.388442e+01	-7.58336e-05,	-9.65722e-05	
154	3.467369e+01	-7.78288e-05,	-9.75305e-05	
155	3.548134e+01	-7.98622e-05,	-9.84559e-05	
156	3.630781e+01	-8.19327e-05,	-9.93466e-05	
157	3.715352e+01	-8.40390e-05,	-1.00201e-04	
158	3.801894e+01	-8.61797e-05,	-1.01016e-04	
159	3.890451e+01	-8.83534e-05,	-1.01792e-04	
160	3.981072e+01	-9.05585e-05,	-1.02526e-04	
161	4.073803e+01	-9.27934e-05,	-1.03216e-04	
162	4.168694e+01	-9.50561e-05,	-1.03861e-04	
163	4.265795e+01	-9.73448e-05,	-1.04460e-04	
164	4.365158e+01	-9.96575e-05,	-1.05011e-04	
165	4.466836e+01	-1.01992e-04,	-1.05513e-04	
166	4.570882e+01	-1.04346e-04,	-1.05964e-04	
167	4.677351e+01	-1.06718e-04,	-1.06365e-04	
168	4.786301e+01	-1.09104e-04,	-1.06713e-04	
169	4.897788e+01	-1.11503e-04,	-1.07008e-04	
170	5.011872e+01	-1.13913e-04,	-1.07250e-04	

Index   frequency       v2#branch                       
--------------------------------------------------------------------------------
171	5.128614e+01	-1.16330e-04,	-1.07438e-04	
172	5.248075e+01	-1.18752e-04,	-1.07572e-04	
173	5.370318e+01	-1.21176e-04,	-1.07651e-04	
174	5.495409e+01	-1.23601e-04,	-1.07675e-04	
175	5.623413e+01	-1.26023e-04,	-1.07645e-04	
176	5.754399e+01	-1.28440e-04,	-1.07560e-04	
177	5.888437e+01	-1.30849e-04,	-1.07422e-04	
178	6.025596e+01	-1.33248e-04,	-1.07231e-04	
179	6.165950e+01	-1.35635e-04,	-1.06987e-04	
180	6.309573e+01	-1.38006e-04,	-1.06691e-04	
181	6.456542e+01	-1.40360e-04,	-1.06344e-04	
182	6.606934e+01	-1.42694e-04,	-1.05947e-04	
183	6.760830e+01	-1.45007e-04,	-1.05502e-04	
184	6.918310e+01	-1.47295e-04,	-1.05010e-04	
185	7.079458e+01	-1.49558e-04,	-1.04472e-04	
186	7.244360e+01	-1.51792e-04,	-1.03889e-04	
187	7.413102e+01	-1.53997e-04,	-1.03264e-04	
188	7.585776e+01	-1.56170e-04,	-1.02598e-04	
189	7.762471e+01	-1.58311e-04,	-1.01892e-04	
190	7.943282e+01	-1.60417e-04,	-1.01149e-04	
191	8.128305e+01	-1.62487e-04,	-1.00370e-04	
192	8.317638e+01	-1.64520e-04,	-9.95582e-05	
193	8.511380e+01	-1.66515e-04,	-9.87141e-05	
194	8.709636e+01	-1.68470e-04,	-9.78403e-05	
195	8.912509e+01	-1.70386e-04,	-9.69387e-05	
196	9.120108e+01	-1.72261e-04,	-9.60113e-05	
197	9.332543e+01	-1.74094e-04,	-9.50602e-05	
198	9.549926e+01	-1.75886e-04,	-9.40873e-05	
199	9.772372e+01	-1.77635e-04,	-9.30946e-05	
200	1.000000e+02	-1.79342e-04,	-9.20842e-05	
201	1.023293e+02	-1.81005e-04,	-9.10578e-05	
202	1.047129e+02	-1.82626e-04,	-9.00175e-05	
203	1.071519e+02	-1.84204e-04,	-8.89652e-05	
204	1.096478e+02	-1.85739e-04,	-8.79025e-05	
205	1.122018e+02	-1.87231e-04,	-8.68315e-05	
206	1.148154e+02	-1.88681e-04,	-8.57537e-05	
207	1.174898e+02	-1.90088e-04,	-8.46709e-05	
208	1.202264e+02	-1.91454e-04,	-8.35847e-05	
209	1.230269e+02	-1.92779e-04,	-8.24967e-05	
210	1.258925e+02	-1.94062e-04,	-8.14084e-05	
211	1.288250e+02	-1.95306e-04,	-8.03212e-05	
212	1.318257e+02	-1.96509e-04,	-7.92367e-05	
213	1.348963e+02	-1.97674e-04,	-7.81560e-05	
214	1.380384e+02	-1.98801e-04,	-7.70806e-05	
215	1.412538e+02	-1.99889e-04,	-7.60115e-05	
216	1.445440e+02	-2.00941e-04,	-7.49500e-05	
217	1.479108e+02	-2.01957e-04,	-7.38972e-05	
218	1.513561e+02	-2.02938e-04,	-7.28540e-05	
219	1.548817e+02	-2.03885e-04,	-7.18215e-05	
220	1.584893e+02	-2.04797e-04,	-7.08006e-05	
221	1.621810e+02	-2.05677e-04,	-6.97922e-05	
222	1.659587e+02	-2.06525e-04,	-6.87970e-05	
223	1.698244e+02	-2.07342e-04,	-6.78159e-05	
224	1.737801e+02	-2.08129e-04,	-6.68494e-05	
225	1.778279e+02	-2.08887e-04,	-6.58984e-05	
226	1.819701e+02	-2.09616e-04,	-6.49634e-05	
227	1.862087e+02	-2.10317e-04,	-6.40449e-05	
228	1.905461e+02	-2.10992e-04,	-6.31436e-05	

Index   frequency       v2#branch                       
--------------------------------------------------------------------------------
229	1.949845e+02	-2.11641e-04,	-6.22598e-05	
230	1.995262e+02	-2.12264e-04,	-6.13940e-05	
231	2.041738e+02	-2.12864e-04,	-6.05467e-05	
232	2.089296e+02	-2.13439e-04,	-5.97181e-05	
233	2.137962e+02	-2.13992e-04,	-5.89087e-05	
234	2.187762e+02	-2.14524e-04,	-5.81188e-05	
235	2.238721e+02	-2.15033e-04,	-5.73486e-05	
236	2.290868e+02	-2.15523e-04,	-5.65984e-05	
237	2.344229e+02	-2.15993e-04,	-5.58683e-05	
238	2.398833e+02	-2.16443e-04,	-5.51587e-05	
239	2.454709e+02	-2.16876e-04,	-5.44697e-05	
240	2.511886e+02	-2.17290e-04,	-5.38014e-05	
241	2.570396e+02	-2.17688e-04,	-5.31540e-05	
242	2.630268e+02	-2.18069e-04,	-5.25276e-05	
243	2.691535e+02	-2.18435e-04,	-5.19224e-05	
244	2.754229e+02	-2.18785e-04,	-5.13384e-05	
245	2.818383e+02	-2.19121e-04,	-5.07756e-05	
246	2.884032e+02	-2.19443e-04,	-5.02343e-05	
247	2.951209e+02	-2.19752e-04,	-4.97143e-05	
248	3.019952e+02	-2.20047e-04,	-4.92159e-05	
249	3.090295e+02	-2.20330e-04,	-4.87389e-05	
250	3.162278e+02	-2.20601e-04,	-4.82835e-05	
251	3.235937e+02	-2.20861e-04,	-4.78497e-05	
252	3.311311e+02	-2.21110e-04,	-4.74375e-05	
253	3.388442e+02	-2.21348e-04,	-4.70469e-05	
254	3.467369e+02	-2.21576e-04,	-4.66780e-05	
255	3.548134e+02	-2.21795e-04,	-4.63307e-05	
256	3.630781e+02	-2.22004e-04,	-4.60051e-05	
257	3.715352e+02	-2.22204e-04,	-4.57012e-05	
258	3.801894e+02	-2.22396e-04,	-4.54190e-05	
259	3.890451e+02	-2.22580e-04,	-4.51585e-05	
260	3.981072e+02	-2.22756e-04,	-4.49197e-05	
261	4.073803e+02	-2.22924e-04,	-4.47026e-05	
262	4.168694e+02	-2.23085e-04,	-4.45073e-05	
263	4.265795e+02	-2.23240e-04,	-4.43338e-05	
264	4.365158e+02	-2.23387e-04,	-4.41821e-05	
265	4.466836e+02	-2.23529e-04,	-4.40522e-05	
266	4.570882e+02	-2.23665e-04,	-4.39442e-05	
267	4.677351e+02	-2.23794e-04,	-4.38581e-05	
268	4.786301e+02	-2.23919e-04,	-4.37939e-05	
269	4.897788e+02	-2.24038e-04,	-4.37518e-05	
270	5.011872e+02	-2.24152e-04,	-4.37317e-05	
271	5.128614e+02	-2.24262e-04,	-4.37338e-05	
272	5.248075e+02	-2.24366e-04,	-4.37580e-05	
273	5.370318e+02	-2.24467e-04,	-4.38045e-05	
274	5.495409e+02	-2.24563e-04,	-4.38734e-05	
275	5.623413e+02	-2.24656e-04,	-4.39647e-05	
276	5.754399e+02	-2.24744e-04,	-4.40785e-05	
277	5.888437e+02	-2.24829e-04,	-4.42151e-05	
278	6.025596e+02	-2.24911e-04,	-4.43744e-05	
279	6.165950e+02	-2.24990e-04,	-4.45566e-05	
280	6.309573e+02	-2.25065e-04,	-4.47619e-05	
281	6.456542e+02	-2.25137e-04,	-4.49903e-05	
282	6.606934e+02	-2.25207e-04,	-4.52421e-05	
283	6.760830e+02	-2.25274e-04,	-4.55175e-05	
284	6.918310e+02	-2.25338e-04,	-4.58165e-05	
285	7.079458e+02	-2.25401e-04,	-4.61394e-05	
286	7.244360e+02	-2.25460e-04,	-4.64864e-05	

Index   frequency       v2#branch                       
--------------------------------------------------------------------------------
287	7.413102e+02	-2.25518e-04,	-4.68576e-05	
288	7.585776e+02	-2.25574e-04,	-4.72534e-05	
289	7.762471e+02	-2.25628e-04,	-4.76739e-05	
290	7.943282e+02	-2.25680e-04,	-4.81194e-05	
291	8.128305e+02	-2.25730e-04,	-4.85901e-05	
292	8.317638e+02	-2.25779e-04,	-4.90864e-05	
293	8.511380e+02	-2.25827e-04,	-4.96084e-05	
294	8.709636e+02	-2.25873e-04,	-5.01565e-05	
295	8.912509e+02	-2.25917e-04,	-5.07310e-05	
296	9.120108e+02	-2.25961e-04,	-5.13321e-05	
297	9.332543e+02	-2.26003e-04,	-5.19603e-05	
298	9.549926e+02	-2.26045e-04,	-5.26159e-05	
299	9.772372e+02	-2.26086e-04,	-5.32993e-05	
300	1.000000e+03	-2.26125e-04,	-5.40107e-05	
301	1.023293e+03	-2.26164e-04,	-5.47506e-05	
302	1.047129e+03	-2.26203e-04,	-5.55194e-05	
303	1.071519e+03	-2.26241e-04,	-5.63176e-05	
304	1.096478e+03	-2.26278e-04,	-5.71454e-05	
305	1.122018e+03	-2.26315e-04,	-5.80035e-05	
306	1.148154e+03	-2.26351e-04,	-5.88922e-05	
307	1.174898e+03	-2.26388e-04,	-5.98120e-05	
308	1.202264e+03	-2.26424e-04,	-6.07635e-05	
309	1.230269e+03	-2.26460e-04,	-6.17470e-05	
310	1.258925e+03	-2.26496e-04,	-6.27633e-05	
311	1.288250e+03	-2.26532e-04,	-6.38127e-05	
312	1.318257e+03	-2.26568e-04,	-6.48959e-05	
313	1.348963e+03	-2.26604e-04,	-6.60134e-05	
314	1.380384e+03	-2.26640e-04,	-6.71658e-05	
315	1.412538e+03	-2.26677e-04,	-6.83538e-05	
316	1.445440e+03	-2.26715e-04,	-6.95780e-05	
317	1.479108e+03	-2.26752e-04,	-7.08389e-05	
318	1.513561e+03	-2.26791e-04,	-7.21374e-05	
319	1.548817e+03	-2.26830e-04,	-7.34741e-05	
320	1.584893e+03	-2.26870e-04,	-7.48497e-05	
321	1.621810e+03	-2.26910e-04,	-7.62648e-05	
322	1.659587e+03	-2.26952e-04,	-7.77204e-05	
323	1.698244e+03	-2.26995e-04,	-7.92171e-05	
324	1.737801e+03	-2.27038e-04,	-8.07558e-05	
325	1.778279e+03	-2.27083e-04,	-8.23372e-05	
326	1.819701e+03	-2.27129e-04,	-8.39622e-05	
327	1.862087e+03	-2.27177e-04,	-8.56317e-05	
328	1.905461e+03	-2.27226e-04,	-8.73465e-05	
329	1.949845e+03	-2.27276e-04,	-8.91076e-05	
330	1.995262e+03	-2.27328e-04,	-9.09158e-05	
331	2.041738e+03	-2.27382e-04,	-9.27722e-05	
332	2.089296e+03	-2.27438e-04,	-9.46777e-05	
333	2.137962e+03	-2.27496e-04,	-9.66333e-05	
334	2.187762e+03	-2.27557e-04,	-9.86400e-05	
335	2.238721e+03	-2.27619e-04,	-1.00699e-04	
336	2.290868e+03	-2.27684e-04,	-1.02811e-04	
337	2.344229e+03	-2.27751e-04,	-1.04978e-04	
338	2.398833e+03	-2.27821e-04,	-1.07200e-04	
339	2.454709e+03	-2.27894e-04,	-1.09479e-04	
340	2.511886e+03	-2.27970e-04,	-1.11816e-04	
341	2.570396e+03	-2.28049e-04,	-1.14213e-04	
342	2.630268e+03	-2.28132e-04,	-1.16669e-04	
343	2.691535e+03	-2.28218e-04,	-1.19187e-04	
344	2.754229e+03	-2.28307e-04,	-1.21769e-04	

Index   frequency       v2#branch                       
--------------------------------------------------------------------------------
345	2.818383e+03	-2.28401e-04,	-1.24415e-04	
346	2.884032e+03	-2.28499e-04,	-1.27126e-04	
347	2.951209e+03	-2.28600e-04,	-1.29905e-04	
348	3.019952e+03	-2.28707e-04,	-1.32753e-04	
349	3.090295e+03	-2.28818e-04,	-1.35671e-04	
350	3.162278e+03	-2.28934e-04,	-1.38660e-04	
351	3.235937e+03	-2.29055e-04,	-1.41723e-04	
352	3.311311e+03	-2.29182e-04,	-1.44861e-04	
353	3.388442e+03	-2.29314e-04,	-1.48075e-04	
354	3.467369e+03	-2.29453e-04,	-1.51368e-04	
355	3.548134e+03	-2.29597e-04,	-1.54740e-04	
356	3.630781e+03	-2.29749e-04,	-1.58195e-04	
357	3.715352e+03	-2.29907e-04,	-1.61732e-04	
358	3.801894e+03	-2.30072e-04,	-1.65356e-04	
359	3.890451e+03	-2.30246e-04,	-1.69066e-04	
360	3.981072e+03	-2.30427e-04,	-1.72866e-04	
361	4.073803e+03	-2.30616e-04,	-1.76757e-04	
362	4.168694e+03	-2.30814e-04,	-1.80742e-04	
363	4.265795e+03	-2.31022e-04,	-1.84822e-04	
364	4.365158e+03	-2.31239e-04,	-1.88999e-04	
365	4.466836e+03	-2.31466e-04,	-1.93276e-04	
366	4.570882e+03	-2.31703e-04,	-1.97655e-04	
367	4.677351e+03	-2.31952e-04,	-2.02138e-04	
368	4.786301e+03	-2.32212e-04,	-2.06727e-04	
369	4.897788e+03	-2.32485e-04,	-2.11426e-04	
370	5.011872e+03	-2.32770e-04,	-2.16236e-04	
371	5.128614e+03	-2.33068e-04,	-2.21159e-04	
372	5.248075e+03	-2.33381e-04,	-2.26200e-04	
373	5.370318e+03	-2.33708e-04,	-2.31359e-04	
374	5.495409e+03	-2.34050e-04,	-2.36639e-04	
375	5.623413e+03	-2.34408e-04,	-2.42045e-04	
376	5.754399e+03	-2.34783e-04,	-2.47577e-04	
377	5.888437e+03	-2.35176e-04,	-2.53239e-04	
378	6.025596e+03	-2.35586e-04,	-2.59035e-04	
379	6.165950e+03	-2.36017e-04,	-2.64966e-04	
380	6.309573e+03	-2.36467e-04,	-2.71036e-04	
381	6.456542e+03	-2.36938e-04,	-2.77249e-04	
382	6.606934e+03	-2.37432e-04,	-2.83606e-04	
383	6.760830e+03	-2.37948e-04,	-2.90113e-04	
384	6.918310e+03	-2.38489e-04,	-2.96771e-04	
385	7.079458e+03	-2.39055e-04,	-3.03584e-04	
386	7.244360e+03	-2.39648e-04,	-3.10556e-04	
387	7.413102e+03	-2.40269e-04,	-3.17690e-04	
388	7.585776e+03	-2.40918e-04,	-3.24990e-04	
389	7.762471e+03	-2.41598e-04,	-3.32460e-04	
390	7.943282e+03	-2.42310e-04,	-3.40103e-04	
391	8.128305e+03	-2.43055e-04,	-3.47923e-04	
392	8.317638e+03	-2.43835e-04,	-3.55924e-04	
393	8.511380e+03	-2.44652e-04,	-3.64110e-04	
394	8.709636e+03	-2.45507e-04,	-3.72485e-04	
395	8.912509e+03	-2.46401e-04,	-3.81054e-04	
396	9.120108e+03	-2.47338e-04,	-3.89820e-04	
397	9.332543e+03	-2.48319e-04,	-3.98788e-04	
398	9.549926e+03	-2.49345e-04,	-4.07962e-04	
399	9.772372e+03	-2.50420e-04,	-4.17347e-04	
400	1.000000e+04	-2.51545e-04,	-4.26947e-04	
401	1.023293e+04	-2.52722e-04,	-4.36768e-04	
402	1.047129e+04	-2.53955e-04,	-4.46813e-04	

Index   frequency       v2#branch                       
--------------------------------------------------------------------------------
403	1.071519e+04	-2.55245e-04,	-4.57087e-04	
404	1.096478e+04	-2.56595e-04,	-4.67597e-04	
405	1.122018e+04	-2.58008e-04,	-4.78346e-04	
406	1.148154e+04	-2.59488e-04,	-4.89339e-04	
407	1.174898e+04	-2.61036e-04,	-5.00583e-04	
408	1.202264e+04	-2.62656e-04,	-5.12081e-04	
409	1.230269e+04	-2.64352e-04,	-5.23840e-04	
410	1.258925e+04	-2.66128e-04,	-5.35865e-04	
411	1.288250e+04	-2.67985e-04,	-5.48162e-04	
412	1.318257e+04	-2.69930e-04,	-5.60736e-04	
413	1.348963e+04	-2.71964e-04,	-5.73592e-04	
414	1.380384e+04	-2.74093e-04,	-5.86738e-04	
415	1.412538e+04	-2.76322e-04,	-6.00178e-04	
416	1.445440e+04	-2.78653e-04,	-6.13918e-04	
417	1.479108e+04	-2.81093e-04,	-6.27965e-04	
418	1.513561e+04	-2.83646e-04,	-6.42324e-04	
419	1.548817e+04	-2.86317e-04,	-6.57003e-04	
420	1.584893e+04	-2.89112e-04,	-6.72006e-04	
421	1.621810e+04	-2.92036e-04,	-6.87341e-04	
422	1.659587e+04	-2.95096e-04,	-7.03014e-04	
423	1.698244e+04	-2.98296e-04,	-7.19031e-04	
424	1.737801e+04	-3.01644e-04,	-7.35399e-04	
425	1.778279e+04	-3.05147e-04,	-7.52124e-04	
426	1.819701e+04	-3.08811e-04,	-7.69213e-04	
427	1.862087e+04	-3.12643e-04,	-7.86673e-04	
428	1.905461e+04	-3.16651e-04,	-8.04509e-04	
429	1.949845e+04	-3.20843e-04,	-8.22730e-04	
430	1.995262e+04	-3.25227e-04,	-8.41341e-04	
431	2.041738e+04	-3.29812e-04,	-8.60349e-04	
432	2.089296e+04	-3.34606e-04,	-8.79762e-04	
433	2.137962e+04	-3.39619e-04,	-8.99584e-04	
434	2.187762e+04	-3.44861e-04,	-9.19824e-04	
435	2.238721e+04	-3.50341e-04,	-9.40488e-04	
436	2.290868e+04	-3.56069e-04,	-9.61583e-04	
437	2.344229e+04	-3.62058e-04,	-9.83114e-04	
438	2.398833e+04	-3.68317e-04,	-1.00509e-03	
439	2.454709e+04	-3.74859e-04,	-1.02751e-03	
440	2.511886e+04	-3.81696e-04,	-1.05039e-03	
441	2.570396e+04	-3.88840e-04,	-1.07373e-03	
442	2.630268e+04	-3.96305e-04,	-1.09754e-03	
443	2.691535e+04	-4.04104e-04,	-1.12183e-03	
444	2.754229e+04	-4.12251e-04,	-1.14659e-03	
445	2.818383e+04	-4.20762e-04,	-1.17183e-03	
446	2.884032e+04	-4.29650e-04,	-1.19757e-03	
447	2.951209e+04	-4.38933e-04,	-1.22380e-03	
448	3.019952e+04	-4.48625e-04,	-1.25053e-03	
449	3.090295e+04	-4.58745e-04,	-1.27776e-03	
450	3.162278e+04	-4.69309e-04,	-1.30550e-03	
451	3.235937e+04	-4.80335e-04,	-1.33374e-03	
452	3.311311e+04	-4.91842e-04,	-1.36250e-03	
453	3.388442e+04	-5.03849e-04,	-1.39178e-03	
454	3.467369e+04	-5.16376e-04,	-1.42157e-03	
455	3.548134e+04	-5.29442e-04,	-1.45188e-03	
456	3.630781e+04	-5.43070e-04,	-1.48271e-03	
457	3.715352e+04	-5.57280e-04,	-1.51405e-03	
458	3.801894e+04	-5.72095e-04,	-1.54592e-03	
459	3.890451e+04	-5.87537e-04,	-1.57830e-03	
460	3.981072e+04	-6.03630e-04,	-1.61120e-03	

Index   frequency       v2#branch                       
--------------------------------------------------------------------------------
461	4.073803e+04	-6.20397e-04,	-1.64461e-03	
462	4.168694e+04	-6.37863e-04,	-1.67853e-03	
463	4.265795e+04	-6.56052e-04,	-1.71295e-03	
464	4.365158e+04	-6.74990e-04,	-1.74786e-03	
465	4.466836e+04	-6.94704e-04,	-1.78327e-03	
466	4.570882e+04	-7.15219e-04,	-1.81916e-03	
467	4.677351e+04	-7.36562e-04,	-1.85552e-03	
468	4.786301e+04	-7.58760e-04,	-1.89234e-03	
469	4.897788e+04	-7.81841e-04,	-1.92961e-03	
470	5.011872e+04	-8.05833e-04,	-1.96732e-03	
471	5.128614e+04	-8.30763e-04,	-2.00544e-03	
472	5.248075e+04	-8.56659e-04,	-2.04398e-03	
473	5.370318e+04	-8.83551e-04,	-2.08289e-03	
474	5.495409e+04	-9.11466e-04,	-2.12218e-03	
475	5.623413e+04	-9.40432e-04,	-2.16181e-03	
476	5.754399e+04	-9.70478e-04,	-2.20176e-03	
477	5.888437e+04	-1.00163e-03,	-2.24201e-03	
478	6.025596e+04	-1.03392e-03,	-2.28253e-03	
479	6.165950e+04	-1.06737e-03,	-2.32329e-03	
480	6.309573e+04	-1.10201e-03,	-2.36426e-03	
481	6.456542e+04	-1.13786e-03,	-2.40540e-03	
482	6.606934e+04	-1.17495e-03,	-2.44669e-03	
483	6.760830e+04	-1.21330e-03,	-2.48809e-03	
484	6.918310e+04	-1.25294e-03,	-2.52955e-03	
485	7.079458e+04	-1.29389e-03,	-2.57104e-03	
486	7.244360e+04	-1.33617e-03,	-2.61251e-03	
487	7.413102e+04	-1.37979e-03,	-2.65392e-03	
488	7.585776e+04	-1.42477e-03,	-2.69523e-03	
489	7.762471e+04	-1.47114e-03,	-2.73637e-03	
490	7.943282e+04	-1.51889e-03,	-2.77730e-03	
491	8.128305e+04	-1.56805e-03,	-2.81798e-03	
492	8.317638e+04	-1.61862e-03,	-2.85834e-03	
493	8.511380e+04	-1.67060e-03,	-2.89832e-03	
494	8.709636e+04	-1.72400e-03,	-2.93788e-03	
495	8.912509e+04	-1.77882e-03,	-2.97695e-03	
496	9.120108e+04	-1.83506e-03,	-3.01547e-03	
497	9.332543e+04	-1.89271e-03,	-3.05338e-03	
498	9.549926e+04	-1.95175e-03,	-3.09062e-03	
499	9.772372e+04	-2.01218e-03,	-3.12713e-03	
500	1.000000e+05	-2.07399e-03,	-3.16284e-03	
501	1.023293e+05	-2.13714e-03,	-3.19769e-03	
502	1.047129e+05	-2.20162e-03,	-3.23162e-03	
503	1.071519e+05	-2.26739e-03,	-3.26456e-03	
504	1.096478e+05	-2.33443e-03,	-3.29646e-03	
505	1.122018e+05	-2.40270e-03,	-3.32724e-03	
506	1.148154e+05	-2.47216e-03,	-3.35686e-03	
507	1.174898e+05	-2.54277e-03,	-3.38524e-03	
508	1.202264e+05	-2.61447e-03,	-3.41234e-03	
509	1.230269e+05	-2.68722e-03,	-3.43810e-03	
510	1.258925e+05	-2.76095e-03,	-3.46246e-03	
511	1.288250e+05	-2.83562e-03,	-3.48539e-03	
512	1.318257e+05	-2.91116e-03,	-3.50682e-03	
513	1.348963e+05	-2.98750e-03,	-3.52671e-03	
514	1.380384e+05	-3.06458e-03,	-3.54503e-03	
515	1.412538e+05	-3.14232e-03,	-3.56174e-03	
516	1.445440e+05	-3.22065e-03,	-3.57681e-03	
517	1.479108e+05	-3.29950e-03,	-3.59020e-03	
518	1.513561e+05	-3.37878e-03,	-3.60189e-03	

Index   frequency       v2#branch                       
--------------------------------------------------------------------------------
519	1.548817e+05	-3.45841e-03,	-3.61187e-03	
520	1.584893e+05	-3.53831e-03,	-3.62011e-03	
521	1.621810e+05	-3.61841e-03,	-3.62661e-03	
522	1.659587e+05	-3.69861e-03,	-3.63136e-03	
523	1.698244e+05	-3.77884e-03,	-3.63436e-03	
524	1.737801e+05	-3.85901e-03,	-3.63562e-03	
525	1.778279e+05	-3.93904e-03,	-3.63514e-03	
526	1.819701e+05	-4.01884e-03,	-3.63293e-03	
527	1.862087e+05	-4.09833e-03,	-3.62903e-03	
528	1.905461e+05	-4.17744e-03,	-3.62344e-03	
529	1.949845e+05	-4.25609e-03,	-3.61620e-03	
530	1.995262e+05	-4.33419e-03,	-3.60734e-03	
531	2.041738e+05	-4.41168e-03,	-3.59689e-03	
532	2.089296e+05	-4.48849e-03,	-3.58491e-03	
533	2.137962e+05	-4.56455e-03,	-3.57142e-03	
534	2.187762e+05	-4.63979e-03,	-3.55648e-03	
535	2.238721e+05	-4.71415e-03,	-3.54014e-03	
536	2.290868e+05	-4.78757e-03,	-3.52245e-03	
537	2.344229e+05	-4.86001e-03,	-3.50347e-03	
538	2.398833e+05	-4.93140e-03,	-3.48325e-03	
539	2.454709e+05	-5.00171e-03,	-3.46187e-03	
540	2.511886e+05	-5.07088e-03,	-3.43937e-03	
541	2.570396e+05	-5.13889e-03,	-3.41583e-03	
542	2.630268e+05	-5.20570e-03,	-3.39131e-03	
543	2.691535e+05	-5.27127e-03,	-3.36587e-03	
544	2.754229e+05	-5.33559e-03,	-3.33958e-03	
545	2.818383e+05	-5.39862e-03,	-3.31251e-03	
546	2.884032e+05	-5.46035e-03,	-3.28473e-03	
547	2.951209e+05	-5.52077e-03,	-3.25630e-03	
548	3.019952e+05	-5.57987e-03,	-3.22729e-03	
549	3.090295e+05	-5.63763e-03,	-3.19776e-03	
550	3.162278e+05	-5.69406e-03,	-3.16778e-03	
551	3.235937e+05	-5.74915e-03,	-3.13741e-03	
552	3.311311e+05	-5.80291e-03,	-3.10672e-03	
553	3.388442e+05	-5.85534e-03,	-3.07576e-03	
554	3.467369e+05	-5.90645e-03,	-3.04460e-03	
555	3.548134e+05	-5.95626e-03,	-3.01329e-03	
556	3.630781e+05	-6.00478e-03,	-2.98189e-03	
557	3.715352e+05	-6.05202e-03,	-2.95045e-03	
558	3.801894e+05	-6.09801e-03,	-2.91903e-03	
559	3.890451e+05	-6.14276e-03,	-2.88768e-03	
560	3.981072e+05	-6.18630e-03,	-2.85644e-03	
561	4.073803e+05	-6.22866e-03,	-2.82536e-03	
562	4.168694e+05	-6.26985e-03,	-2.79448e-03	
563	4.265795e+05	-6.30991e-03,	-2.76385e-03	
564	4.365158e+05	-6.34887e-03,	-2.73351e-03	
565	4.466836e+05	-6.38676e-03,	-2.70349e-03	
566	4.570882e+05	-6.42361e-03,	-2.67383e-03	
567	4.677351e+05	-6.45944e-03,	-2.64456e-03	
568	4.786301e+05	-6.49430e-03,	-2.61572e-03	
569	4.897788e+05	-6.52822e-03,	-2.58732e-03	
570	5.011872e+05	-6.56123e-03,	-2.55941e-03	
571	5.128614e+05	-6.59337e-03,	-2.53201e-03	
572	5.248075e+05	-6.62467e-03,	-2.50513e-03	
573	5.370318e+05	-6.65517e-03,	-2.47881e-03	
574	5.495409e+05	-6.68490e-03,	-2.45305e-03	
575	5.623413e+05	-6.71391e-03,	-2.42788e-03	
576	5.754399e+05	-6.74222e-03,	-2.40331e-03	

Index   frequency       v2#branch                       
--------------------------------------------------------------------------------
577	5.888437e+05	-6.76987e-03,	-2.37936e-03	
578	6.025596e+05	-6.79689e-03,	-2.35604e-03	
579	6.165950e+05	-6.82333e-03,	-2.33335e-03	
580	6.309573e+05	-6.84922e-03,	-2.31132e-03	
581	6.456542e+05	-6.87460e-03,	-2.28994e-03	
582	6.606934e+05	-6.89949e-03,	-2.26923e-03	
583	6.760830e+05	-6.92394e-03,	-2.24918e-03	
584	6.918310e+05	-6.94798e-03,	-2.22980e-03	
585	7.079458e+05	-6.97164e-03,	-2.21109e-03	
586	7.244360e+05	-6.99496e-03,	-2.19305e-03	
587	7.413102e+05	-7.01797e-03,	-2.17569e-03	
588	7.585776e+05	-7.04071e-03,	-2.15899e-03	
589	7.762471e+05	-7.06320e-03,	-2.14296e-03	
590	7.943282e+05	-7.08548e-03,	-2.12759e-03	
591	8.128305e+05	-7.10759e-03,	-2.11287e-03	
592	8.317638e+05	-7.12954e-03,	-2.09880e-03	
593	8.511380e+05	-7.15138e-03,	-2.08536e-03	
594	8.709636e+05	-7.17313e-03,	-2.07256e-03	
595	8.912509e+05	-7.19482e-03,	-2.06037e-03	
596	9.120108e+05	-7.21648e-03,	-2.04878e-03	
597	9.332543e+05	-7.23815e-03,	-2.03779e-03	
598	9.549926e+05	-7.25984e-03,	-2.02737e-03	
599	9.772372e+05	-7.28158e-03,	-2.01752e-03	
600	1.000000e+06	-7.30340e-03,	-2.00821e-03	
601	1.023293e+06	-7.32533e-03,	-1.99943e-03	
602	1.047129e+06	-7.34739e-03,	-1.99116e-03	
603	1.071519e+06	-7.36959e-03,	-1.98338e-03	
604	1.096478e+06	-7.39198e-03,	-1.97607e-03	
605	1.122018e+06	-7.41456e-03,	-1.96921e-03	
606	1.148154e+06	-7.43735e-03,	-1.96277e-03	
607	1.174898e+06	-7.46039e-03,	-1.95674e-03	
608	1.202264e+06	-7.48368e-03,	-1.95108e-03	
609	1.230269e+06	-7.50724e-03,	-1.94577e-03	
610	1.258925e+06	-7.53108e-03,	-1.94079e-03	
611	1.288250e+06	-7.55523e-03,	-1.93610e-03	
612	1.318257e+06	-7.57970e-03,	-1.93169e-03	
613	1.348963e+06	-7.60450e-03,	-1.92752e-03	
614	1.380384e+06	-7.62963e-03,	-1.92357e-03	
615	1.412538e+06	-7.65511e-03,	-1.91980e-03	
616	1.445440e+06	-7.68095e-03,	-1.91618e-03	
617	1.479108e+06	-7.70714e-03,	-1.91269e-03	
618	1.513561e+06	-7.73370e-03,	-1.90929e-03	
619	1.548817e+06	-7.76063e-03,	-1.90595e-03	
620	1.584893e+06	-7.78793e-03,	-1.90264e-03	
621	1.621810e+06	-7.81560e-03,	-1.89933e-03	
622	1.659587e+06	-7.84363e-03,	-1.89599e-03	
623	1.698244e+06	-7.87203e-03,	-1.89259e-03	
624	1.737801e+06	-7.90077e-03,	-1.88909e-03	
625	1.778279e+06	-7.92987e-03,	-1.88546e-03	
626	1.819701e+06	-7.95930e-03,	-1.88168e-03	
627	1.862087e+06	-7.98906e-03,	-1.87772e-03	
628	1.905461e+06	-8.01913e-03,	-1.87354e-03	
629	1.949845e+06	-8.04950e-03,	-1.86913e-03	
630	1.995262e+06	-8.08015e-03,	-1.86444e-03	
631	2.041738e+06	-8.11106e-03,	-1.85946e-03	
632	2.089296e+06	-8.14221e-03,	-1.85415e-03	
633	2.137962e+06	-8.17359e-03,	-1.84851e-03	
634	2.187762e+06	-8.20517e-03,	-1.84250e-03	

Index   frequency       v2#branch                       
--------------------------------------------------------------------------------
635	2.238721e+06	-8.23692e-03,	-1.83610e-03	
636	2.290868e+06	-8.26882e-03,	-1.82930e-03	
637	2.344229e+06	-8.30084e-03,	-1.82208e-03	
638	2.398833e+06	-8.33296e-03,	-1.81442e-03	
639	2.454709e+06	-8.36515e-03,	-1.80631e-03	
640	2.511886e+06	-8.39738e-03,	-1.79773e-03	
641	2.570396e+06	-8.42961e-03,	-1.78868e-03	
642	2.630268e+06	-8.46183e-03,	-1.77914e-03	
643	2.691535e+06	-8.49400e-03,	-1.76912e-03	
644	2.754229e+06	-8.52609e-03,	-1.75861e-03	
645	2.818383e+06	-8.55807e-03,	-1.74760e-03	
646	2.884032e+06	-8.58991e-03,	-1.73609e-03	
647	2.951209e+06	-8.62157e-03,	-1.72409e-03	
648	3.019952e+06	-8.65304e-03,	-1.71160e-03	
649	3.090295e+06	-8.68428e-03,	-1.69863e-03	
650	3.162278e+06	-8.71527e-03,	-1.68518e-03	
651	3.235937e+06	-8.74597e-03,	-1.67125e-03	
652	3.311311e+06	-8.77635e-03,	-1.65687e-03	
653	3.388442e+06	-8.80641e-03,	-1.64205e-03	
654	3.467369e+06	-8.83610e-03,	-1.62679e-03	
655	3.548134e+06	-8.86541e-03,	-1.61111e-03	
656	3.630781e+06	-8.89431e-03,	-1.59503e-03	
657	3.715352e+06	-8.92279e-03,	-1.57856e-03	
658	3.801894e+06	-8.95082e-03,	-1.56172e-03	
659	3.890451e+06	-8.97839e-03,	-1.54454e-03	
660	3.981072e+06	-9.00548e-03,	-1.52703e-03	
661	4.073803e+06	-9.03208e-03,	-1.50920e-03	
662	4.168694e+06	-9.05816e-03,	-1.49109e-03	
663	4.265795e+06	-9.08373e-03,	-1.47272e-03	
664	4.365158e+06	-9.10877e-03,	-1.45410e-03	
665	4.466836e+06	-9.13327e-03,	-1.43526e-03	
666	4.570882e+06	-9.15722e-03,	-1.41621e-03	
667	4.677351e+06	-9.18061e-03,	-1.39699e-03	
668	4.786301e+06	-9.20346e-03,	-1.37761e-03	
669	4.897788e+06	-9.22574e-03,	-1.35809e-03	
670	5.011872e+06	-9.24745e-03,	-1.33846e-03	
671	5.128614e+06	-9.26860e-03,	-1.31874e-03	
672	5.248075e+06	-9.28919e-03,	-1.29894e-03	
673	5.370318e+06	-9.30922e-03,	-1.27909e-03	
674	5.495409e+06	-9.32869e-03,	-1.25921e-03	
675	5.623413e+06	-9.34760e-03,	-1.23932e-03	
676	5.754399e+06	-9.36596e-03,	-1.21943e-03	
677	5.888437e+06	-9.38377e-03,	-1.19956e-03	
678	6.025596e+06	-9.40104e-03,	-1.17974e-03	
679	6.165950e+06	-9.41778e-03,	-1.15997e-03	
680	6.309573e+06	-9.43399e-03,	-1.14027e-03	
681	6.456542e+06	-9.44969e-03,	-1.12066e-03	
682	6.606934e+06	-9.46487e-03,	-1.10116e-03	
683	6.760830e+06	-9.47956e-03,	-1.08176e-03	
684	6.918310e+06	-9.49375e-03,	-1.06250e-03	
685	7.079458e+06	-9.50747e-03,	-1.04337e-03	
686	7.244360e+06	-9.52071e-03,	-1.02440e-03	
687	7.413102e+06	-9.53349e-03,	-1.00559e-03	
688	7.585776e+06	-9.54582e-03,	-9.86948e-04	
689	7.762471e+06	-9.55772e-03,	-9.68487e-04	
690	7.943282e+06	-9.56919e-03,	-9.50216e-04	
691	8.128305e+06	-9.58024e-03,	-9.32141e-04	
692	8.317638e+06	-9.59089e-03,	-9.14270e-04	

Index   frequency       v2#branch                       
--------------------------------------------------------------------------------
693	8.511380e+06	-9.60114e-03,	-8.96608e-04	
694	8.709636e+06	-9.61101e-03,	-8.79163e-04	
695	8.912509e+06	-9.62051e-03,	-8.61938e-04	
696	9.120108e+06	-9.62965e-03,	-8.44938e-04	
697	9.332543e+06	-9.63843e-03,	-8.28169e-04	
698	9.549926e+06	-9.64688e-03,	-8.11632e-04	
699	9.772372e+06	-9.65501e-03,	-7.95331e-04	
700	1.000000e+07	-9.66281e-03,	-7.79270e-04	
701	1.023293e+07	-9.67031e-03,	-7.63449e-04	
702	1.047129e+07	-9.67751e-03,	-7.47870e-04	
703	1.071519e+07	-9.68443e-03,	-7.32535e-04	
704	1.096478e+07	-9.69107e-03,	-7.17445e-04	
705	1.122018e+07	-9.69744e-03,	-7.02600e-04	
706	1.148154e+07	-9.70355e-03,	-6.88001e-04	
707	1.174898e+07	-9.70942e-03,	-6.73647e-04	
708	1.202264e+07	-9.71505e-03,	-6.59538e-04	
709	1.230269e+07	-9.72044e-03,	-6.45673e-04	
710	1.258925e+07	-9.72562e-03,	-6.32052e-04	
711	1.288250e+07	-9.73058e-03,	-6.18672e-04	
712	1.318257e+07	-9.73533e-03,	-6.05534e-04	
713	1.348963e+07	-9.73989e-03,	-5.92635e-04	
714	1.380384e+07	-9.74425e-03,	-5.79973e-04	
715	1.412538e+07	-9.74844e-03,	-5.67546e-04	
716	1.445440e+07	-9.75244e-03,	-5.55353e-04	
717	1.479108e+07	-9.75628e-03,	-5.43391e-04	
718	1.513561e+07	-9.75996e-03,	-5.31658e-04	
719	1.548817e+07	-9.76348e-03,	-5.20151e-04	
720	1.584893e+07	-9.76685e-03,	-5.08868e-04	
721	1.621810e+07	-9.77007e-03,	-4.97806e-04	
722	1.659587e+07	-9.77316e-03,	-4.86961e-04	
723	1.698244e+07	-9.77612e-03,	-4.76333e-04	
724	1.737801e+07	-9.77895e-03,	-4.65916e-04	
725	1.778279e+07	-9.78166e-03,	-4.55710e-04	
726	1.819701e+07	-9.78425e-03,	-4.45709e-04	
727	1.862087e+07	-9.78672e-03,	-4.35912e-04	
728	1.905461e+07	-9.78910e-03,	-4.26316e-04	
729	1.949845e+07	-9.79136e-03,	-4.16916e-04	
730	1.995262e+07	-9.79353e-03,	-4.07711e-04	
731	2.041738e+07	-9.79561e-03,	-3.98697e-04	
732	2.089296e+07	-9.79760e-03,	-3.89870e-04	
733	2.137962e+07	-9.79949e-03,	-3.81228e-04	
734	2.187762e+07	-9.80131e-03,	-3.72768e-04	
735	2.238721e+07	-9.80305e-03,	-3.64486e-04	
736	2.290868e+07	-9.80471e-03,	-3.56379e-04	
737	2.344229e+07	-9.80629e-03,	-3.48444e-04	
738	2.398833e+07	-9.80781e-03,	-3.40678e-04	
739	2.454709e+07	-9.80926e-03,	-3.33078e-04	
740	2.511886e+07	-9.81065e-03,	-3.25641e-04	
741	2.570396e+07	-9.81198e-03,	-3.18364e-04	
742	2.630268e+07	-9.81324e-03,	-3.11243e-04	
743	2.691535e+07	-9.81445e-03,	-3.04276e-04	
744	2.754229e+07	-9.81561e-03,	-2.97460e-04	
745	2.818383e+07	-9.81672e-03,	-2.90792e-04	
746	2.884032e+07	-9.81778e-03,	-2.84269e-04	
747	2.951209e+07	-9.81879e-03,	-2.77888e-04	
748	3.019952e+07	-9.81975e-03,	-2.71646e-04	
749	3.090295e+07	-9.82068e-03,	-2.65541e-04	
750	3.162278e+07	-9.82156e-03,	-2.59570e-04	

Index   frequency       v2#branch                       
--------------------------------------------------------------------------------
751	3.235937e+07	-9.82240e-03,	-2.53729e-04	
752	3.311311e+07	-9.82321e-03,	-2.48018e-04	
753	3.388442e+07	-9.82398e-03,	-2.42431e-04	
754	3.467369e+07	-9.82472e-03,	-2.36969e-04	
755	3.548134e+07	-9.82542e-03,	-2.31626e-04	
756	3.630781e+07	-9.82609e-03,	-2.26402e-04	
757	3.715352e+07	-9.82673e-03,	-2.21294e-04	
758	3.801894e+07	-9.82734e-03,	-2.16299e-04	
759	3.890451e+07	-9.82793e-03,	-2.11415e-04	
760	3.981072e+07	-9.82849e-03,	-2.06639e-04	
761	4.073803e+07	-9.82902e-03,	-2.01970e-04	
762	4.168694e+07	-9.82954e-03,	-1.97405e-04	
763	4.265795e+07	-9.83002e-03,	-1.92941e-04	
764	4.365158e+07	-9.83049e-03,	-1.88577e-04	
765	4.466836e+07	-9.83094e-03,	-1.84311e-04	
766	4.570882e+07	-9.83136e-03,	-1.80140e-04	
767	4.677351e+07	-9.83177e-03,	-1.76062e-04	
768	4.786301e+07	-9.83216e-03,	-1.72076e-04	
769	4.897788e+07	-9.83253e-03,	-1.68179e-04	
770	5.011872e+07	-9.83288e-03,	-1.64369e-04	
771	5.128614e+07	-9.83322e-03,	-1.60645e-04	
772	5.248075e+07	-9.83354e-03,	-1.57004e-04	
773	5.370318e+07	-9.83385e-03,	-1.53445e-04	
774	5.495409e+07	-9.83415e-03,	-1.49967e-04	
775	5.623413e+07	-9.83443e-03,	-1.46566e-04	
776	5.754399e+07	-9.83470e-03,	-1.43242e-04	
777	5.888437e+07	-9.83495e-03,	-1.39993e-04	
778	6.025596e+07	-9.83520e-03,	-1.36817e-04	
779	6.165950e+07	-9.83543e-03,	-1.33713e-04	
780	6.309573e+07	-9.83566e-03,	-1.30678e-04	
781	6.456542e+07	-9.83587e-03,	-1.27712e-04	
782	6.606934e+07	-9.83608e-03,	-1.24813e-04	
783	6.760830e+07	-9.83627e-03,	-1.21980e-04	
784	6.918310e+07	-9.83646e-03,	-1.19210e-04	
785	7.079458e+07	-9.83664e-03,	-1.16503e-04	
786	7.244360e+07	-9.83681e-03,	-1.13858e-04	
787	7.413102e+07	-9.83697e-03,	-1.11272e-04	
788	7.585776e+07	-9.83712e-03,	-1.08744e-04	
789	7.762471e+07	-9.83727e-03,	-1.06274e-04	
790	7.943282e+07	-9.83741e-03,	-1.03859e-04	
791	8.128305e+07	-9.83755e-03,	-1.01500e-04	
792	8.317638e+07	-9.83768e-03,	-9.91933e-05	
793	8.511380e+07	-9.83780e-03,	-9.69391e-05	
794	8.709636e+07	-9.83792e-03,	-9.47361e-05	
795	8.912509e+07	-9.83803e-03,	-9.25829e-05	
796	9.120108e+07	-9.83814e-03,	-9.04786e-05	
797	9.332543e+07	-9.83824e-03,	-8.84219e-05	
798	9.549926e+07	-9.83834e-03,	-8.64119e-05	
799	9.772372e+07	-9.83843e-03,	-8.44474e-05	
800	1.000000e+08	-9.83852e-03,	-8.25275e-05	
801	1.023293e+08	-9.83861e-03,	-8.06511e-05	
802	1.047129e+08	-9.83869e-03,	-7.88173e-05	
803	1.071519e+08	-9.83877e-03,	-7.70251e-05	
804	1.096478e+08	-9.83884e-03,	-7.52736e-05	
805	1.122018e+08	-9.83891e-03,	-7.35618e-05	
806	1.148154e+08	-9.83898e-03,	-7.18889e-05	
807	1.174898e+08	-9.83904e-03,	-7.02539e-05	
808	1.202264e+08	-9.83911e-03,	-6.86561e-05	

Index   frequency       v2#branch                       
--------------------------------------------------------------------------------
809	1.230269e+08	-9.83917e-03,	-6.70946e-05	
810	1.258925e+08	-9.83922e-03,	-6.55685e-05	
811	1.288250e+08	-9.83928e-03,	-6.40771e-05	
812	1.318257e+08	-9.83933e-03,	-6.26195e-05	
813	1.348963e+08	-9.83938e-03,	-6.11951e-05	
814	1.380384e+08	-9.83942e-03,	-5.98030e-05	
815	1.412538e+08	-9.83947e-03,	-5.84425e-05	
816	1.445440e+08	-9.83951e-03,	-5.71130e-05	
817	1.479108e+08	-9.83955e-03,	-5.58137e-05	
818	1.513561e+08	-9.83959e-03,	-5.45439e-05	
819	1.548817e+08	-9.83963e-03,	-5.33029e-05	
820	1.584893e+08	-9.83966e-03,	-5.20902e-05	
821	1.621810e+08	-9.83970e-03,	-5.09050e-05	
822	1.659587e+08	-9.83973e-03,	-4.97468e-05	
823	1.698244e+08	-9.83976e-03,	-4.86149e-05	
824	1.737801e+08	-9.83979e-03,	-4.75087e-05	
825	1.778279e+08	-9.83982e-03,	-4.64277e-05	
826	1.819701e+08	-9.83985e-03,	-4.53713e-05	
827	1.862087e+08	-9.83987e-03,	-4.43389e-05	
828	1.905461e+08	-9.83990e-03,	-4.33299e-05	
829	1.949845e+08	-9.83992e-03,	-4.23439e-05	
830	1.995262e+08	-9.83994e-03,	-4.13804e-05	
831	2.041738e+08	-9.83996e-03,	-4.04387e-05	
832	2.089296e+08	-9.83998e-03,	-3.95185e-05	
833	2.137962e+08	-9.84000e-03,	-3.86192e-05	
834	2.187762e+08	-9.84002e-03,	-3.77403e-05	
835	2.238721e+08	-9.84004e-03,	-3.68814e-05	
836	2.290868e+08	-9.84006e-03,	-3.60421e-05	
837	2.344229e+08	-9.84007e-03,	-3.52219e-05	
838	2.398833e+08	-9.84009e-03,	-3.44203e-05	
839	2.454709e+08	-9.84010e-03,	-3.36370e-05	
840	2.511886e+08	-9.84012e-03,	-3.28714e-05	
841	2.570396e+08	-9.84013e-03,	-3.21233e-05	
842	2.630268e+08	-9.84015e-03,	-3.13922e-05	
843	2.691535e+08	-9.84016e-03,	-3.06778e-05	
844	2.754229e+08	-9.84017e-03,	-2.99796e-05	
845	2.818383e+08	-9.84018e-03,	-2.92973e-05	
846	2.884032e+08	-9.84019e-03,	-2.86305e-05	
847	2.951209e+08	-9.84020e-03,	-2.79789e-05	
848	3.019952e+08	-9.84021e-03,	-2.73421e-05	
849	3.090295e+08	-9.84022e-03,	-2.67198e-05	
850	3.162278e+08	-9.84023e-03,	-2.61116e-05	
851	3.235937e+08	-9.84024e-03,	-2.55173e-05	
852	3.311311e+08	-9.84025e-03,	-2.49365e-05	
853	3.388442e+08	-9.84025e-03,	-2.43690e-05	
854	3.467369e+08	-9.84026e-03,	-2.38143e-05	
855	3.548134e+08	-9.84027e-03,	-2.32723e-05	
856	3.630781e+08	-9.84028e-03,	-2.27426e-05	
857	3.715352e+08	-9.84028e-03,	-2.22250e-05	
858	3.801894e+08	-9.84029e-03,	-2.17191e-05	
859	3.890451e+08	-9.84029e-03,	-2.12248e-05	
860	3.981072e+08	-9.84030e-03,	-2.07417e-05	
861	4.073803e+08	-9.84031e-03,	-2.02696e-05	
862	4.168694e+08	-9.84031e-03,	-1.98082e-05	
863	4.265795e+08	-9.84032e-03,	-1.93573e-05	
864	4.365158e+08	-9.84032e-03,	-1.89167e-05	
865	4.466836e+08	-9.84032e-03,	-1.84862e-05	
866	4.570882e+08	-9.84033e-03,	-1.80654e-05	

Index   frequency       v2#branch                       
--------------------------------------------------------------------------------
867	4.677351e+08	-9.84033e-03,	-1.76542e-05	
868	4.786301e+08	-9.84034e-03,	-1.72524e-05	
869	4.897788e+08	-9.84034e-03,	-1.68597e-05	
870	5.011872e+08	-9.84034e-03,	-1.64759e-05	
871	5.128614e+08	-9.84035e-03,	-1.61009e-05	
872	5.248075e+08	-9.84035e-03,	-1.57344e-05	
873	5.370318e+08	-9.84035e-03,	-1.53763e-05	
874	5.495409e+08	-9.84036e-03,	-1.50263e-05	
875	5.623413e+08	-9.84036e-03,	-1.46843e-05	
876	5.754399e+08	-9.84036e-03,	-1.43500e-05	
877	5.888437e+08	-9.84037e-03,	-1.40234e-05	
878	6.025596e+08	-9.84037e-03,	-1.37042e-05	
879	6.165950e+08	-9.84037e-03,	-1.33922e-05	
880	6.309573e+08	-9.84037e-03,	-1.30874e-05	
881	6.456542e+08	-9.84037e-03,	-1.27895e-05	
882	6.606934e+08	-9.84038e-03,	-1.24984e-05	
883	6.760830e+08	-9.84038e-03,	-1.22139e-05	
884	6.918310e+08	-9.84038e-03,	-1.19359e-05	
885	7.079458e+08	-9.84038e-03,	-1.16642e-05	
886	7.244360e+08	-9.84038e-03,	-1.13987e-05	
887	7.413102e+08	-9.84039e-03,	-1.11392e-05	
888	7.585776e+08	-9.84039e-03,	-1.08857e-05	
889	7.762471e+08	-9.84039e-03,	-1.06379e-05	
890	7.943282e+08	-9.84039e-03,	-1.03958e-05	
891	8.128305e+08	-9.84039e-03,	-1.01591e-05	
892	8.317638e+08	-9.84039e-03,	-9.92788e-06	
893	8.511380e+08	-9.84039e-03,	-9.70189e-06	
894	8.709636e+08	-9.84039e-03,	-9.48106e-06	
895	8.912509e+08	-9.84040e-03,	-9.26524e-06	
896	9.120108e+08	-9.84040e-03,	-9.05434e-06	
897	9.332543e+08	-9.84040e-03,	-8.84825e-06	
898	9.549926e+08	-9.84040e-03,	-8.64684e-06	
899	9.772372e+08	-9.84040e-03,	-8.45001e-06	
900	1.000000e+09	-9.84040e-03,	-8.25767e-06	
